timestamp,strikePrice,Theo ES,Rank,Greek,Value,cum_gam,cum_vec
2026-09-01 08:24:38,7000.0,7008.75,Call CEX 2,CEX,1267045.771,7500.161559770514,9238.571993313806
2026-09-01 08:24:38,7000.0,7008.75,Put DEX 3,DEX,-73.475,7500.161559770514,9238.571993313806
2026-09-01 08:24:38,7000.0,7008.75,Put GEX 1,GEX,-737771.532,7500.161559770514,9238.571993313806
2026-09-01 08:24:38,7000.0,7008.75,Call VEX 1,VEX,5616033.792,7500.161559770514,9238.571993313806
2026-09-01 08:24:38,7300.0,7309.25,Call DEX 1,DEX,282.611,7500.161559770514,9238.571993313806
2026-09-01 08:24:38,7400.0,7409.25,Call DEX 2,DEX,233.877,7500.161559770514,9238.571993313806
2026-09-01 08:24:38,7400.0,7409.25,Call VEX 3,VEX,2092271.204,7500.161559770514,9238.571993313806
2026-09-01 08:24:38,7450.0,7459.25,Call DEX 3,DEX,233.391,7500.161559770514,9238.571993313806
2026-09-01 08:24:38,7450.0,7459.25,Call VEX 4,VEX,1882577.709,7500.161559770514,9238.571993313806
2026-09-01 08:24:38,7500.0,7509.5,Call CEX 3,CEX,1227459.549,7500.161559770514,9238.571993313806
2026-09-01 08:24:38,7500.0,7509.5,Call DEX 4,DEX,205.614,7500.161559770514,9238.571993313806
2026-09-01 08:24:38,7500.0,7509.5,Put GEX 2,GEX,-535819.002,7500.161559770514,9238.571993313806
2026-09-01 08:24:38,7500.0,7509.5,Call VEX 2,VEX,3103694.437,7500.161559770514,9238.571993313806
2026-09-01 08:24:38,7550.0,7559.5,Call CEX 5,CEX,964839.723,7500.161559770514,9238.571993313806
2026-09-01 08:24:38,7550.0,7559.5,Put GEX 5,GEX,-327906.573,7500.161559770514,9238.571993313806
2026-09-01 08:24:38,7600.0,7609.5,Call CEX 4,CEX,1175041.426,7500.161559770514,9238.571993313806
2026-09-01 08:24:38,7600.0,7609.5,Call DEX 5,DEX,134.828,7500.161559770514,9238.571993313806
2026-09-01 08:24:38,7600.0,7609.5,Call VEX 5,VEX,1482594.613,7500.161559770514,9238.571993313806
2026-09-01 08:24:38,7625.0,7634.5,Call CEX 1,CEX,1304177.414,7500.161559770514,9238.571993313806
2026-09-01 08:24:38,7650.0,7659.5,Put GEX 3,GEX,-362728.816,7500.161559770514,9238.571993313806
2026-09-01 08:24:38,7675.0,7684.5,Put CEX 2,CEX,-2036576.893,7500.161559770514,9238.571993313806
2026-09-01 08:24:38,7690.0,7699.5,Put CEX 5,CEX,-1308194.593,7500.161559770514,9238.571993313806
2026-09-01 08:24:38,7700.0,7709.75,Put CEX 3,CEX,-1830101.126,7500.161559770514,9238.571993313806
2026-09-01 08:24:38,7700.0,7709.75,Put DEX 2,DEX,-137.655,7500.161559770514,9238.571993313806
2026-09-01 08:24:38,7725.0,7734.75,Put DEX 5,DEX,-39.825,7500.161559770514,9238.571993313806
2026-09-01 08:24:38,7750.0,7759.75,Put CEX 4,CEX,-1320212.173,7500.161559770514,9238.571993313806
2026-09-01 08:24:38,7750.0,7759.75,Put DEX 4,DEX,-61.427,7500.161559770514,9238.571993313806
2026-09-01 08:24:38,7750.0,7759.75,Call GEX 3,GEX,322395.63,7500.161559770514,9238.571993313806
2026-09-01 08:24:38,7750.0,7759.75,Put VEX 4,VEX,-960701.24,7500.161559770514,9238.571993313806
2026-09-01 08:24:38,7800.0,7809.75,Call GEX 1,GEX,582749.222,7500.161559770514,9238.571993313806
2026-09-01 08:24:38,7800.0,7809.75,Put VEX 2,VEX,-1614917.412,7500.161559770514,9238.571993313806
2026-09-01 08:24:38,7850.0,7859.75,Call GEX 4,GEX,308698.788,7500.161559770514,9238.571993313806
2026-09-01 08:24:38,7850.0,7859.75,Put VEX 5,VEX,-609515.992,7500.161559770514,9238.571993313806
2026-09-01 08:24:38,7900.0,7910.0,Call GEX 2,GEX,419581.318,7500.161559770514,9238.571993313806
2026-09-01 08:24:38,7900.0,7910.0,Put VEX 3,VEX,-1006238.171,7500.161559770514,9238.571993313806
2026-09-01 08:24:38,7950.0,7960.0,Call GEX 5,GEX,184527.176,7500.161559770514,9238.571993313806
2026-09-01 08:24:38,8000.0,8010.0,Put CEX 1,CEX,-3279579.01,7500.161559770514,9238.571993313806
2026-09-01 08:24:38,8000.0,8010.0,Put DEX 1,DEX,-2483.755,7500.161559770514,9238.571993313806
2026-09-01 08:24:38,8000.0,8010.0,Put GEX 4,GEX,-351088.508,7500.161559770514,9238.571993313806
2026-09-01 08:24:38,8000.0,8010.0,Put VEX 1,VEX,-10611413.146,7500.161559770514,9238.571993313806
2026-09-01 08:25:28,7000.0,7008.75,Call CEX 1,CEX,1266438.382,7479.330283045097,9237.981172639147
2026-09-01 08:25:28,7000.0,7008.75,Put DEX 3,DEX,-72.628,7479.330283045097,9237.981172639147
2026-09-01 08:25:28,7000.0,7008.75,Put GEX 1,GEX,-739501.137,7479.330283045097,9237.981172639147
2026-09-01 08:25:28,7000.0,7008.75,Call VEX 1,VEX,5602788.959,7479.330283045097,9237.981172639147
2026-09-01 08:25:28,7300.0,7309.25,Call DEX 1,DEX,287.375,7479.330283045097,9237.981172639147
2026-09-01 08:25:28,7400.0,7409.25,Call DEX 2,DEX,236.509,7479.330283045097,9237.981172639147
2026-09-01 08:25:28,7400.0,7409.25,Call VEX 3,VEX,2075812.095,7479.330283045097,9237.981172639147
2026-09-01 08:25:28,7450.0,7459.5,Call DEX 3,DEX,235.561,7479.330283045097,9237.981172639147
2026-09-01 08:25:28,7450.0,7459.5,Call VEX 4,VEX,1878235.189,7479.330283045097,9237.981172639147
2026-09-01 08:25:28,7500.0,7509.5,Call CEX 3,CEX,1228616.197,7479.330283045097,9237.981172639147
2026-09-01 08:25:28,7500.0,7509.5,Call DEX 4,DEX,207.802,7479.330283045097,9237.981172639147
2026-09-01 08:25:28,7500.0,7509.5,Put GEX 2,GEX,-530539.476,7479.330283045097,9237.981172639147
2026-09-01 08:25:28,7500.0,7509.5,Call VEX 2,VEX,3107134.251,7479.330283045097,9237.981172639147
2026-09-01 08:25:28,7550.0,7559.5,Call CEX 5,CEX,965514.499,7479.330283045097,9237.981172639147
2026-09-01 08:25:28,7550.0,7559.5,Put GEX 5,GEX,-321761.693,7479.330283045097,9237.981172639147
2026-09-01 08:25:28,7600.0,7609.5,Call CEX 4,CEX,1177715.479,7479.330283045097,9237.981172639147
2026-09-01 08:25:28,7600.0,7609.5,Call DEX 5,DEX,136.119,7479.330283045097,9237.981172639147
2026-09-01 08:25:28,7600.0,7609.5,Call VEX 5,VEX,1490845.862,7479.330283045097,9237.981172639147
2026-09-01 08:25:28,7625.0,7634.5,Call CEX 2,CEX,1251834.06,7479.330283045097,9237.981172639147
2026-09-01 08:25:28,7650.0,7659.75,Put GEX 4,GEX,-341109.223,7479.330283045097,9237.981172639147
2026-09-01 08:25:28,7675.0,7684.75,Put CEX 2,CEX,-2031906.004,7479.330283045097,9237.981172639147
2026-09-01 08:25:28,7690.0,7699.75,Put CEX 5,CEX,-1306903.593,7479.330283045097,9237.981172639147
2026-09-01 08:25:28,7700.0,7709.75,Put CEX 3,CEX,-1851713.029,7479.330283045097,9237.981172639147
2026-09-01 08:25:28,7700.0,7709.75,Put DEX 2,DEX,-136.964,7479.330283045097,9237.981172639147
2026-09-01 08:25:28,7725.0,7734.75,Put DEX 5,DEX,-39.554,7479.330283045097,9237.981172639147
2026-09-01 08:25:28,7750.0,7759.75,Put CEX 4,CEX,-1342696.365,7479.330283045097,9237.981172639147
2026-09-01 08:25:28,7750.0,7759.75,Put DEX 4,DEX,-61.177,7479.330283045097,9237.981172639147
2026-09-01 08:25:28,7750.0,7759.75,Call GEX 3,GEX,329371.587,7479.330283045097,9237.981172639147
2026-09-01 08:25:28,7750.0,7759.75,Put VEX 4,VEX,-960813.392,7479.330283045097,9237.981172639147
2026-09-01 08:25:28,7800.0,7809.75,Call GEX 1,GEX,589049.312,7479.330283045097,9237.981172639147
2026-09-01 08:25:28,7800.0,7809.75,Put VEX 2,VEX,-1613306.705,7479.330283045097,9237.981172639147
2026-09-01 08:25:28,7850.0,7860.0,Call GEX 4,GEX,309432.824,7479.330283045097,9237.981172639147
2026-09-01 08:25:28,7850.0,7860.0,Put VEX 5,VEX,-609466.424,7479.330283045097,9237.981172639147
2026-09-01 08:25:28,7900.0,7910.0,Call GEX 2,GEX,419838.802,7479.330283045097,9237.981172639147
2026-09-01 08:25:28,7900.0,7910.0,Put VEX 3,VEX,-1004927.451,7479.330283045097,9237.981172639147
2026-09-01 08:25:28,7950.0,7960.0,Call GEX 5,GEX,184330.222,7479.330283045097,9237.981172639147
2026-09-01 08:25:28,8000.0,8010.0,Put CEX 1,CEX,-3302733.586,7479.330283045097,9237.981172639147
2026-09-01 08:25:28,8000.0,8010.0,Put DEX 1,DEX,-2464.858,7479.330283045097,9237.981172639147
2026-09-01 08:25:28,8000.0,8010.0,Put GEX 3,GEX,-364791.404,7479.330283045097,9237.981172639147
2026-09-01 08:25:28,8000.0,8010.0,Put VEX 1,VEX,-10659810.627,7479.330283045097,9237.981172639147
2026-09-01 08:26:15,7000.0,7008.5,Call CEX 2,CEX,1267965.861,7500.752312902961,9239.93652139092
2026-09-01 08:26:15,7000.0,7008.5,Put DEX 3,DEX,-73.93,7500.752312902961,9239.93652139092
2026-09-01 08:26:15,7000.0,7008.5,Put GEX 1,GEX,-740261.945,7500.752312902961,9239.93652139092
2026-09-01 08:26:15,7000.0,7008.5,Call VEX 1,VEX,5617160.903,7500.752312902961,9239.93652139092
2026-09-01 08:26:15,7300.0,7308.75,Call DEX 1,DEX,283.136,7500.752312902961,9239.93652139092
2026-09-01 08:26:15,7400.0,7409.0,Call DEX 2,DEX,234.974,7500.752312902961,9239.93652139092
2026-09-01 08:26:15,7400.0,7409.0,Call VEX 3,VEX,2088663.002,7500.752312902961,9239.93652139092
2026-09-01 08:26:15,7450.0,7459.0,Call DEX 3,DEX,232.669,7500.752312902961,9239.93652139092
2026-09-01 08:26:15,7450.0,7459.0,Call VEX 4,VEX,1881026.482,7500.752312902961,9239.93652139092
2026-09-01 08:26:15,7500.0,7509.0,Call CEX 4,CEX,1233257.086,7500.752312902961,9239.93652139092
2026-09-01 08:26:15,7500.0,7509.0,Call DEX 4,DEX,203.4,7500.752312902961,9239.93652139092
2026-09-01 08:26:15,7500.0,7509.0,Put GEX 2,GEX,-536988.59,7500.752312902961,9239.93652139092
2026-09-01 08:26:15,7500.0,7509.0,Call VEX 2,VEX,3096498.681,7500.752312902961,9239.93652139092
2026-09-01 08:26:15,7550.0,7559.25,Call CEX 5,CEX,969466.318,7500.752312902961,9239.93652139092
2026-09-01 08:26:15,7550.0,7559.25,Put GEX 5,GEX,-329926.655,7500.752312902961,9239.93652139092
2026-09-01 08:26:15,7550.0,7559.25,Call VEX 5,VEX,1469952.663,7500.752312902961,9239.93652139092
2026-09-01 08:26:15,7600.0,7609.25,Call CEX 3,CEX,1238010.044,7500.752312902961,9239.93652139092
2026-09-01 08:26:15,7600.0,7609.25,Call DEX 5,DEX,131.041,7500.752312902961,9239.93652139092
2026-09-01 08:26:15,7625.0,7634.25,Call CEX 1,CEX,1318004.332,7500.752312902961,9239.93652139092
2026-09-01 08:26:15,7650.0,7659.25,Put GEX 4,GEX,-347248.387,7500.752312902961,9239.93652139092
2026-09-01 08:26:15,7675.0,7684.25,Put CEX 2,CEX,-2024149.253,7500.752312902961,9239.93652139092
2026-09-01 08:26:15,7690.0,7699.25,Put CEX 5,CEX,-1310596.365,7500.752312902961,9239.93652139092
2026-09-01 08:26:15,7700.0,7709.25,Put CEX 3,CEX,-1860313.243,7500.752312902961,9239.93652139092
2026-09-01 08:26:15,7700.0,7709.25,Put DEX 2,DEX,-141.703,7500.752312902961,9239.93652139092
2026-09-01 08:26:15,7700.0,7709.25,Put VEX 5,VEX,-612716.335,7500.752312902961,9239.93652139092
2026-09-01 08:26:15,7750.0,7759.5,Put CEX 4,CEX,-1340422.418,7500.752312902961,9239.93652139092
2026-09-01 08:26:15,7750.0,7759.5,Put DEX 4,DEX,-63.839,7500.752312902961,9239.93652139092
2026-09-01 08:26:15,7750.0,7759.5,Call GEX 3,GEX,320733.205,7500.752312902961,9239.93652139092
2026-09-01 08:26:15,7750.0,7759.5,Put VEX 4,VEX,-973823.453,7500.752312902961,9239.93652139092
2026-09-01 08:26:15,7800.0,7809.5,Put DEX 5,DEX,-41.537,7500.752312902961,9239.93652139092
2026-09-01 08:26:15,7800.0,7809.5,Call GEX 1,GEX,579661.011,7500.752312902961,9239.93652139092
2026-09-01 08:26:15,7800.0,7809.5,Put VEX 2,VEX,-1621420.018,7500.752312902961,9239.93652139092
2026-09-01 08:26:15,7850.0,7859.5,Call GEX 4,GEX,305947.7,7500.752312902961,9239.93652139092
2026-09-01 08:26:15,7900.0,7909.5,Call GEX 2,GEX,415965.572,7500.752312902961,9239.93652139092
2026-09-01 08:26:15,7900.0,7909.5,Put VEX 3,VEX,-1003253.504,7500.752312902961,9239.93652139092
2026-09-01 08:26:15,7950.0,7959.75,Call GEX 5,GEX,182835.661,7500.752312902961,9239.93652139092
2026-09-01 08:26:15,8000.0,8009.75,Put CEX 1,CEX,-3264936.612,7500.752312902961,9239.93652139092
2026-09-01 08:26:15,8000.0,8009.75,Put DEX 1,DEX,-2483.939,7500.752312902961,9239.93652139092
2026-09-01 08:26:15,8000.0,8009.75,Put GEX 3,GEX,-353057.304,7500.752312902961,9239.93652139092
2026-09-01 08:26:15,8000.0,8009.75,Put VEX 1,VEX,-10605215.757,7500.752312902961,9239.93652139092
2026-09-01 08:27:02,7000.0,7008.75,Call CEX 2,CEX,1263373.829,7500.023004526931,9237.663603496436
2026-09-01 08:27:02,7000.0,7008.75,Put DEX 3,DEX,-72.42,7500.023004526931,9237.663603496436
2026-09-01 08:27:02,7000.0,7008.75,Put GEX 1,GEX,-736014.873,7500.023004526931,9237.663603496436
2026-09-01 08:27:02,7000.0,7008.75,Call VEX 1,VEX,5601955.282,7500.023004526931,9237.663603496436
2026-09-01 08:27:02,7300.0,7309.25,Call DEX 1,DEX,283.185,7500.023004526931,9237.663603496436
2026-09-01 08:27:02,7400.0,7409.25,Call DEX 2,DEX,234.808,7500.023004526931,9237.663603496436
2026-09-01 08:27:02,7400.0,7409.25,Call VEX 3,VEX,2089349.157,7500.023004526931,9237.663603496436
2026-09-01 08:27:02,7450.0,7459.5,Call DEX 3,DEX,234.215,7500.023004526931,9237.663603496436
2026-09-01 08:27:02,7450.0,7459.5,Call VEX 4,VEX,1881699.471,7500.023004526931,9237.663603496436
2026-09-01 08:27:02,7500.0,7509.5,Call CEX 3,CEX,1230630.467,7500.023004526931,9237.663603496436
2026-09-01 08:27:02,7500.0,7509.5,Call DEX 4,DEX,206.815,7500.023004526931,9237.663603496436
2026-09-01 08:27:02,7500.0,7509.5,Put GEX 2,GEX,-535695.215,7500.023004526931,9237.663603496436
2026-09-01 08:27:02,7500.0,7509.5,Call VEX 2,VEX,3107054.54,7500.023004526931,9237.663603496436
2026-09-01 08:27:02,7550.0,7559.5,Call CEX 5,CEX,968973.873,7500.023004526931,9237.663603496436
2026-09-01 08:27:02,7550.0,7559.5,Put GEX 5,GEX,-327043.94,7500.023004526931,9237.663603496436
2026-09-01 08:27:02,7600.0,7609.5,Call CEX 4,CEX,1180957.788,7500.023004526931,9237.663603496436
2026-09-01 08:27:02,7600.0,7609.5,Call DEX 5,DEX,135.532,7500.023004526931,9237.663603496436
2026-09-01 08:27:02,7600.0,7609.5,Call VEX 5,VEX,1487329.511,7500.023004526931,9237.663603496436
2026-09-01 08:27:02,7625.0,7634.75,Call CEX 1,CEX,1297609.033,7500.023004526931,9237.663603496436
2026-09-01 08:27:02,7650.0,7659.75,Put GEX 3,GEX,-354726.511,7500.023004526931,9237.663603496436
2026-09-01 08:27:02,7675.0,7684.75,Put CEX 2,CEX,-2043000.302,7500.023004526931,9237.663603496436
2026-09-01 08:27:02,7690.0,7699.75,Put CEX 5,CEX,-1300793.817,7500.023004526931,9237.663603496436
2026-09-01 08:27:02,7700.0,7709.75,Put CEX 3,CEX,-1846134.247,7500.023004526931,9237.663603496436
2026-09-01 08:27:02,7700.0,7709.75,Put DEX 2,DEX,-137.356,7500.023004526931,9237.663603496436
2026-09-01 08:27:02,7725.0,7734.75,Put DEX 5,DEX,-39.695,7500.023004526931,9237.663603496436
2026-09-01 08:27:02,7750.0,7759.75,Put CEX 4,CEX,-1334326.138,7500.023004526931,9237.663603496436
2026-09-01 08:27:02,7750.0,7759.75,Put DEX 4,DEX,-61.463,7500.023004526931,9237.663603496436
2026-09-01 08:27:02,7750.0,7759.75,Call GEX 3,GEX,323088.343,7500.023004526931,9237.663603496436
2026-09-01 08:27:02,7750.0,7759.75,Put VEX 4,VEX,-961237.57,7500.023004526931,9237.663603496436
2026-09-01 08:27:02,7800.0,7810.0,Call GEX 1,GEX,583572.335,7500.023004526931,9237.663603496436
2026-09-01 08:27:02,7800.0,7810.0,Put VEX 2,VEX,-1614641.736,7500.023004526931,9237.663603496436
2026-09-01 08:27:02,7850.0,7860.0,Call GEX 4,GEX,308391.099,7500.023004526931,9237.663603496436
2026-09-01 08:27:02,7850.0,7860.0,Put VEX 5,VEX,-608367.295,7500.023004526931,9237.663603496436
2026-09-01 08:27:02,7900.0,7910.0,Call GEX 2,GEX,419377.926,7500.023004526931,9237.663603496436
2026-09-01 08:27:02,7900.0,7910.0,Put VEX 3,VEX,-1005091.775,7500.023004526931,9237.663603496436
2026-09-01 08:27:02,7950.0,7960.0,Call GEX 5,GEX,184272.165,7500.023004526931,9237.663603496436
2026-09-01 08:27:02,8000.0,8010.25,Put CEX 1,CEX,-3281596.489,7500.023004526931,9237.663603496436
2026-09-01 08:27:02,8000.0,8010.25,Put DEX 1,DEX,-2482.663,7500.023004526931,9237.663603496436
2026-09-01 08:27:02,8000.0,8010.25,Put GEX 4,GEX,-352954.375,7500.023004526931,9237.663603496436
2026-09-01 08:27:02,8000.0,8010.25,Put VEX 1,VEX,-10614228.574,7500.023004526931,9237.663603496436
2026-09-01 08:27:48,7000.0,7009.25,Call CEX 2,CEX,1263733.564,7500.464404296552,9239.30564957245
2026-09-01 08:27:48,7000.0,7009.25,Put DEX 3,DEX,-72.739,7500.464404296552,9239.30564957245
2026-09-01 08:27:48,7000.0,7009.25,Put GEX 1,GEX,-736411.734,7500.464404296552,9239.30564957245
2026-09-01 08:27:48,7000.0,7009.25,Call VEX 1,VEX,5604546.526,7500.464404296552,9239.30564957245
2026-09-01 08:27:48,7300.0,7309.75,Call DEX 1,DEX,282.984,7500.464404296552,9239.30564957245
2026-09-01 08:27:48,7400.0,7409.75,Call DEX 2,DEX,234.332,7500.464404296552,9239.30564957245
2026-09-01 08:27:48,7400.0,7409.75,Call VEX 3,VEX,2091197.924,7500.464404296552,9239.30564957245
2026-09-01 08:27:48,7450.0,7459.75,Call DEX 3,DEX,233.584,7500.464404296552,9239.30564957245
2026-09-01 08:27:48,7450.0,7459.75,Call VEX 4,VEX,1882675.763,7500.464404296552,9239.30564957245
2026-09-01 08:27:48,7500.0,7510.0,Call CEX 3,CEX,1230897.787,7500.464404296552,9239.30564957245
2026-09-01 08:27:48,7500.0,7510.0,Call DEX 4,DEX,205.332,7500.464404296552,9239.30564957245
2026-09-01 08:27:48,7500.0,7510.0,Put GEX 2,GEX,-536644.023,7500.464404296552,9239.30564957245
2026-09-01 08:27:48,7500.0,7510.0,Call VEX 2,VEX,3103568.377,7500.464404296552,9239.30564957245
2026-09-01 08:27:48,7550.0,7560.0,Call CEX 5,CEX,969558.582,7500.464404296552,9239.30564957245
2026-09-01 08:27:48,7550.0,7560.0,Put GEX 5,GEX,-328638.287,7500.464404296552,9239.30564957245
2026-09-01 08:27:48,7600.0,7610.0,Call CEX 4,CEX,1182476.201,7500.464404296552,9239.30564957245
2026-09-01 08:27:48,7600.0,7610.0,Call DEX 5,DEX,134.292,7500.464404296552,9239.30564957245
2026-09-01 08:27:48,7600.0,7610.0,Call VEX 5,VEX,1479835.052,7500.464404296552,9239.30564957245
2026-09-01 08:27:48,7625.0,7635.0,Call CEX 1,CEX,1337309.745,7500.464404296552,9239.30564957245
2026-09-01 08:27:48,7650.0,7660.0,Put GEX 3,GEX,-372820.493,7500.464404296552,9239.30564957245
2026-09-01 08:27:48,7675.0,7685.25,Put CEX 2,CEX,-2035399.162,7500.464404296552,9239.30564957245
2026-09-01 08:27:48,7690.0,7700.25,Put CEX 5,CEX,-1239592.547,7500.464404296552,9239.30564957245
2026-09-01 08:27:48,7700.0,7710.25,Put CEX 3,CEX,-1779248.691,7500.464404296552,9239.30564957245
2026-09-01 08:27:48,7700.0,7710.25,Put DEX 2,DEX,-138.996,7500.464404296552,9239.30564957245
2026-09-01 08:27:48,7725.0,7735.25,Put DEX 5,DEX,-40.32,7500.464404296552,9239.30564957245
2026-09-01 08:27:48,7750.0,7760.25,Put CEX 4,CEX,-1287523.674,7500.464404296552,9239.30564957245
2026-09-01 08:27:48,7750.0,7760.25,Put DEX 4,DEX,-62.46,7500.464404296552,9239.30564957245
2026-09-01 08:27:48,7750.0,7760.25,Call GEX 3,GEX,323965.796,7500.464404296552,9239.30564957245
2026-09-01 08:27:48,7750.0,7760.25,Put VEX 4,VEX,-961863.285,7500.464404296552,9239.30564957245
2026-09-01 08:27:48,7800.0,7810.25,Call GEX 1,GEX,582369.065,7500.464404296552,9239.30564957245
2026-09-01 08:27:48,7800.0,7810.25,Put VEX 2,VEX,-1615258.248,7500.464404296552,9239.30564957245
2026-09-01 08:27:48,7850.0,7860.5,Call GEX 4,GEX,307817.215,7500.464404296552,9239.30564957245
2026-09-01 08:27:48,7850.0,7860.5,Put VEX 5,VEX,-608027.997,7500.464404296552,9239.30564957245
2026-09-01 08:27:48,7900.0,7910.5,Call GEX 2,GEX,418402.328,7500.464404296552,9239.30564957245
2026-09-01 08:27:48,7900.0,7910.5,Put VEX 3,VEX,-1004646.135,7500.464404296552,9239.30564957245
2026-09-01 08:27:48,7950.0,7960.5,Call GEX 5,GEX,183861.844,7500.464404296552,9239.30564957245
2026-09-01 08:27:48,8000.0,8010.5,Put CEX 1,CEX,-3266338.924,7500.464404296552,9239.30564957245
2026-09-01 08:27:48,8000.0,8010.5,Put DEX 1,DEX,-2484.936,7500.464404296552,9239.30564957245
2026-09-01 08:27:48,8000.0,8010.5,Put GEX 4,GEX,-349732.721,7500.464404296552,9239.30564957245
2026-09-01 08:27:48,8000.0,8010.5,Put VEX 1,VEX,-10601364.927,7500.464404296552,9239.30564957245
2026-09-01 08:28:34,7000.0,7008.75,Call CEX 2,CEX,1263937.674,7500.627302098669,9243.549987538529
2026-09-01 08:28:34,7000.0,7008.75,Put DEX 3,DEX,-72.749,7500.627302098669,9243.549987538529
2026-09-01 08:28:34,7000.0,7008.75,Put GEX 1,GEX,-737985.633,7500.627302098669,9243.549987538529
2026-09-01 08:28:34,7000.0,7008.75,Call VEX 1,VEX,5601395.884,7500.627302098669,9243.549987538529
2026-09-01 08:28:34,7300.0,7309.25,Call DEX 1,DEX,283.472,7500.627302098669,9243.549987538529
2026-09-01 08:28:34,7400.0,7409.25,Call DEX 2,DEX,235.754,7500.627302098669,9243.549987538529
2026-09-01 08:28:34,7400.0,7409.25,Call VEX 3,VEX,2088249.845,7500.627302098669,9243.549987538529
2026-09-01 08:28:34,7450.0,7459.5,Call DEX 3,DEX,233.417,7500.627302098669,9243.549987538529
2026-09-01 08:28:34,7450.0,7459.5,Call VEX 4,VEX,1881793.405,7500.627302098669,9243.549987538529
2026-09-01 08:28:34,7500.0,7509.5,Call CEX 3,CEX,1233240.971,7500.627302098669,9243.549987538529
2026-09-01 08:28:34,7500.0,7509.5,Call DEX 4,DEX,205.409,7500.627302098669,9243.549987538529
2026-09-01 08:28:34,7500.0,7509.5,Put GEX 2,GEX,-535959.597,7500.627302098669,9243.549987538529
2026-09-01 08:28:34,7500.0,7509.5,Call VEX 2,VEX,3101454.991,7500.627302098669,9243.549987538529
2026-09-01 08:28:34,7550.0,7559.5,Call CEX 5,CEX,972344.161,7500.627302098669,9243.549987538529
2026-09-01 08:28:34,7550.0,7559.5,Put GEX 5,GEX,-328827.006,7500.627302098669,9243.549987538529
2026-09-01 08:28:34,7550.0,7559.5,Call VEX 5,VEX,1475553.275,7500.627302098669,9243.549987538529
2026-09-01 08:28:34,7600.0,7609.5,Call CEX 4,CEX,1199964.892,7500.627302098669,9243.549987538529
2026-09-01 08:28:34,7600.0,7609.5,Call DEX 5,DEX,133.105,7500.627302098669,9243.549987538529
2026-09-01 08:28:34,7625.0,7634.5,Call CEX 1,CEX,1333809.678,7500.627302098669,9243.549987538529
2026-09-01 08:28:34,7650.0,7659.75,Put GEX 3,GEX,-364127.301,7500.627302098669,9243.549987538529
2026-09-01 08:28:34,7675.0,7684.75,Put CEX 2,CEX,-2034937.972,7500.627302098669,9243.549987538529
2026-09-01 08:28:34,7690.0,7699.75,Put CEX 5,CEX,-1283113.587,7500.627302098669,9243.549987538529
2026-09-01 08:28:34,7700.0,7709.75,Put CEX 3,CEX,-1833447.043,7500.627302098669,9243.549987538529
2026-09-01 08:28:34,7700.0,7709.75,Put DEX 2,DEX,-140.231,7500.627302098669,9243.549987538529
2026-09-01 08:28:34,7750.0,7759.75,Put CEX 4,CEX,-1317630.86,7500.627302098669,9243.549987538529
2026-09-01 08:28:34,7750.0,7759.75,Put DEX 4,DEX,-63.119,7500.627302098669,9243.549987538529
2026-09-01 08:28:34,7750.0,7759.75,Call GEX 3,GEX,323021.679,7500.627302098669,9243.549987538529
2026-09-01 08:28:34,7750.0,7759.75,Put VEX 4,VEX,-967655.349,7500.627302098669,9243.549987538529
2026-09-01 08:28:34,7800.0,7809.75,Put DEX 5,DEX,-40.723,7500.627302098669,9243.549987538529
2026-09-01 08:28:34,7800.0,7809.75,Call GEX 1,GEX,581925.78,7500.627302098669,9243.549987538529
2026-09-01 08:28:34,7800.0,7809.75,Put VEX 2,VEX,-1617012.75,7500.627302098669,9243.549987538529
2026-09-01 08:28:34,7850.0,7860.0,Call GEX 4,GEX,307008.39,7500.627302098669,9243.549987538529
2026-09-01 08:28:34,7850.0,7860.0,Put VEX 5,VEX,-608218.627,7500.627302098669,9243.549987538529
2026-09-01 08:28:34,7900.0,7910.0,Call GEX 2,GEX,417630.324,7500.627302098669,9243.549987538529
2026-09-01 08:28:34,7900.0,7910.0,Put VEX 3,VEX,-1004626.107,7500.627302098669,9243.549987538529
2026-09-01 08:28:34,7950.0,7960.0,Call GEX 5,GEX,183298.573,7500.627302098669,9243.549987538529
2026-09-01 08:28:34,8000.0,8010.0,Put CEX 1,CEX,-3263786.905,7500.627302098669,9243.549987538529
2026-09-01 08:28:34,8000.0,8010.0,Put DEX 1,DEX,-2482.539,7500.627302098669,9243.549987538529
2026-09-01 08:28:34,8000.0,8010.0,Put GEX 4,GEX,-351267.399,7500.627302098669,9243.549987538529
2026-09-01 08:28:34,8000.0,8010.0,Put VEX 1,VEX,-10605036.92,7500.627302098669,9243.549987538529
2026-09-01 08:29:20,7000.0,7009.0,Call CEX 2,CEX,1264428.746,7501.134044298438,9239.604669962378
2026-09-01 08:29:20,7000.0,7009.0,Put DEX 3,DEX,-73.282,7501.134044298438,9239.604669962378
2026-09-01 08:29:20,7000.0,7009.0,Put GEX 1,GEX,-736853.816,7501.134044298438,9239.604669962378
2026-09-01 08:29:20,7000.0,7009.0,Call VEX 1,VEX,5609668.296,7501.134044298438,9239.604669962378
2026-09-01 08:29:20,7300.0,7309.5,Call DEX 1,DEX,280.318,7501.134044298438,9239.604669962378
2026-09-01 08:29:20,7400.0,7409.5,Call DEX 2,DEX,233.97,7501.134044298438,9239.604669962378
2026-09-01 08:29:20,7400.0,7409.5,Call VEX 3,VEX,2098316.883,7501.134044298438,9239.604669962378
2026-09-01 08:29:20,7450.0,7459.5,Call DEX 3,DEX,231.918,7501.134044298438,9239.604669962378
2026-09-01 08:29:20,7450.0,7459.5,Call VEX 4,VEX,1883809.163,7501.134044298438,9239.604669962378
2026-09-01 08:29:20,7500.0,7509.75,Call CEX 3,CEX,1246196.282,7501.134044298438,9239.604669962378
2026-09-01 08:29:20,7500.0,7509.75,Call DEX 4,DEX,206.505,7501.134044298438,9239.604669962378
2026-09-01 08:29:20,7500.0,7509.75,Put GEX 2,GEX,-537408.654,7501.134044298438,9239.604669962378
2026-09-01 08:29:20,7500.0,7509.75,Call VEX 2,VEX,3101597.178,7501.134044298438,9239.604669962378
2026-09-01 08:29:20,7550.0,7559.75,Call CEX 5,CEX,972085.373,7501.134044298438,9239.604669962378
2026-09-01 08:29:20,7550.0,7559.75,Put GEX 5,GEX,-332493.117,7501.134044298438,9239.604669962378
2026-09-01 08:29:20,7550.0,7559.75,Call VEX 5,VEX,1473078.983,7501.134044298438,9239.604669962378
2026-09-01 08:29:20,7600.0,7609.75,Call CEX 4,CEX,1219140.619,7501.134044298438,9239.604669962378
2026-09-01 08:29:20,7600.0,7609.75,Call DEX 5,DEX,139.246,7501.134044298438,9239.604669962378
2026-09-01 08:29:20,7625.0,7634.75,Call CEX 1,CEX,1352534.396,7501.134044298438,9239.604669962378
2026-09-01 08:29:20,7650.0,7660.0,Put GEX 3,GEX,-381691.835,7501.134044298438,9239.604669962378
2026-09-01 08:29:20,7675.0,7685.0,Put CEX 2,CEX,-2031641.898,7501.134044298438,9239.604669962378
2026-09-01 08:29:20,7690.0,7700.0,Put CEX 5,CEX,-1190999.825,7501.134044298438,9239.604669962378
2026-09-01 08:29:20,7700.0,7710.0,Put CEX 3,CEX,-1758756.161,7501.134044298438,9239.604669962378
2026-09-01 08:29:20,7700.0,7710.0,Put DEX 2,DEX,-140.59,7501.134044298438,9239.604669962378
2026-09-01 08:29:20,7750.0,7760.0,Put CEX 4,CEX,-1273656.757,7501.134044298438,9239.604669962378
2026-09-01 08:29:20,7750.0,7760.0,Put DEX 4,DEX,-63.143,7501.134044298438,9239.604669962378
2026-09-01 08:29:20,7750.0,7760.0,Call GEX 3,GEX,321895.323,7501.134044298438,9239.604669962378
2026-09-01 08:29:20,7750.0,7760.0,Put VEX 4,VEX,-965244.222,7501.134044298438,9239.604669962378
2026-09-01 08:29:20,7800.0,7810.0,Put DEX 5,DEX,-40.843,7501.134044298438,9239.604669962378
2026-09-01 08:29:20,7800.0,7810.0,Call GEX 1,GEX,578954.368,7501.134044298438,9239.604669962378
2026-09-01 08:29:20,7800.0,7810.0,Put VEX 2,VEX,-1618070.33,7501.134044298438,9239.604669962378
2026-09-01 08:29:20,7850.0,7860.25,Call GEX 4,GEX,306808.425,7501.134044298438,9239.604669962378
2026-09-01 08:29:20,7850.0,7860.25,Put VEX 5,VEX,-608417.239,7501.134044298438,9239.604669962378
2026-09-01 08:29:20,7900.0,7910.25,Call GEX 2,GEX,417026.375,7501.134044298438,9239.604669962378
2026-09-01 08:29:20,7900.0,7910.25,Put VEX 3,VEX,-1003732.65,7501.134044298438,9239.604669962378
2026-09-01 08:29:20,7950.0,7960.25,Call GEX 5,GEX,183348.166,7501.134044298438,9239.604669962378
2026-09-01 08:29:20,8000.0,8010.25,Put CEX 1,CEX,-3260353.457,7501.134044298438,9239.604669962378
2026-09-01 08:29:20,8000.0,8010.25,Put DEX 1,DEX,-2491.315,7501.134044298438,9239.604669962378
2026-09-01 08:29:20,8000.0,8010.25,Put GEX 4,GEX,-345322.668,7501.134044298438,9239.604669962378
2026-09-01 08:29:20,8000.0,8010.25,Put VEX 1,VEX,-10582860.613,7501.134044298438,9239.604669962378
2026-09-01 08:30:07,7000.0,7008.75,Call CEX 1,CEX,1261643.555,7493.290565820388,9238.223563116711
2026-09-01 08:30:07,7000.0,7008.75,Put DEX 3,DEX,-72.115,7493.290565820388,9238.223563116711
2026-09-01 08:30:07,7000.0,7008.75,Put GEX 1,GEX,-734628.126,7493.290565820388,9238.223563116711
2026-09-01 08:30:07,7000.0,7008.75,Call VEX 1,VEX,5599555.546,7493.290565820388,9238.223563116711
2026-09-01 08:30:07,7300.0,7309.25,Call DEX 1,DEX,278.528,7493.290565820388,9238.223563116711
2026-09-01 08:30:07,7400.0,7409.25,Call DEX 2,DEX,235.513,7493.290565820388,9238.223563116711
2026-09-01 08:30:07,7400.0,7409.25,Call VEX 3,VEX,2088744.223,7493.290565820388,9238.223563116711
2026-09-01 08:30:07,7450.0,7459.25,Call DEX 3,DEX,234.944,7493.290565820388,9238.223563116711
2026-09-01 08:30:07,7450.0,7459.25,Call VEX 4,VEX,1882313.396,7493.290565820388,9238.223563116711
2026-09-01 08:30:07,7500.0,7509.5,Call CEX 2,CEX,1230204.836,7493.290565820388,9238.223563116711
2026-09-01 08:30:07,7500.0,7509.5,Call DEX 4,DEX,209.023,7493.290565820388,9238.223563116711
2026-09-01 08:30:07,7500.0,7509.5,Put GEX 2,GEX,-533482.233,7493.290565820388,9238.223563116711
2026-09-01 08:30:07,7500.0,7509.5,Call VEX 2,VEX,3112238.796,7493.290565820388,9238.223563116711
2026-09-01 08:30:07,7550.0,7559.5,Call CEX 5,CEX,968983.884,7493.290565820388,9238.223563116711
2026-09-01 08:30:07,7550.0,7559.5,Put GEX 5,GEX,-325737.548,7493.290565820388,9238.223563116711
2026-09-01 08:30:07,7600.0,7609.5,Call CEX 4,CEX,1153031.411,7493.290565820388,9238.223563116711
2026-09-01 08:30:07,7600.0,7609.5,Call DEX 5,DEX,138.0,7493.290565820388,9238.223563116711
2026-09-01 08:30:07,7600.0,7609.5,Call VEX 5,VEX,1500277.635,7493.290565820388,9238.223563116711
2026-09-01 08:30:07,7625.0,7634.5,Call CEX 3,CEX,1223186.005,7493.290565820388,9238.223563116711
2026-09-01 08:30:07,7650.0,7659.5,Put GEX 3,GEX,-354436.618,7493.290565820388,9238.223563116711
2026-09-01 08:30:07,7675.0,7684.5,Put CEX 2,CEX,-2056363.821,7493.290565820388,9238.223563116711
2026-09-01 08:30:07,7690.0,7699.75,Put CEX 5,CEX,-1333396.723,7493.290565820388,9238.223563116711
2026-09-01 08:30:07,7700.0,7709.75,Put CEX 3,CEX,-1869283.544,7493.290565820388,9238.223563116711
2026-09-01 08:30:07,7700.0,7709.75,Put DEX 2,DEX,-134.753,7493.290565820388,9238.223563116711
2026-09-01 08:30:07,7725.0,7734.75,Put DEX 5,DEX,-39.004,7493.290565820388,9238.223563116711
2026-09-01 08:30:07,7750.0,7759.75,Put CEX 4,CEX,-1354180.916,7493.290565820388,9238.223563116711
2026-09-01 08:30:07,7750.0,7759.75,Put DEX 4,DEX,-60.056,7493.290565820388,9238.223563116711
2026-09-01 08:30:07,7750.0,7759.75,Call GEX 3,GEX,324636.307,7493.290565820388,9238.223563116711
2026-09-01 08:30:07,7750.0,7759.75,Put VEX 4,VEX,-955598.184,7493.290565820388,9238.223563116711
2026-09-01 08:30:07,7800.0,7809.75,Call GEX 1,GEX,586827.72,7493.290565820388,9238.223563116711
2026-09-01 08:30:07,7800.0,7809.75,Put VEX 2,VEX,-1610450.87,7493.290565820388,9238.223563116711
2026-09-01 08:30:07,7850.0,7859.75,Call GEX 4,GEX,310256.628,7493.290565820388,9238.223563116711
2026-09-01 08:30:07,7850.0,7859.75,Put VEX 5,VEX,-608875.612,7493.290565820388,9238.223563116711
2026-09-01 08:30:07,7900.0,7910.0,Call GEX 2,GEX,421527.848,7493.290565820388,9238.223563116711
2026-09-01 08:30:07,7900.0,7910.0,Put VEX 3,VEX,-1005892.121,7493.290565820388,9238.223563116711
2026-09-01 08:30:07,7950.0,7960.0,Call GEX 5,GEX,184911.504,7493.290565820388,9238.223563116711
2026-09-01 08:30:07,8000.0,8010.0,Put CEX 1,CEX,-3288825.372,7493.290565820388,9238.223563116711
2026-09-01 08:30:07,8000.0,8010.0,Put DEX 1,DEX,-2479.687,7493.290565820388,9238.223563116711
2026-09-01 08:30:07,8000.0,8010.0,Put GEX 4,GEX,-353077.21,7493.290565820388,9238.223563116711
2026-09-01 08:30:07,8000.0,8010.0,Put VEX 1,VEX,-10621708.575,7493.290565820388,9238.223563116711
2026-09-01 08:30:53,7000.0,7009.0,Call CEX 2,CEX,1261182.81,7491.914213201313,9239.766748495713
2026-09-01 08:30:53,7000.0,7009.0,Put DEX 3,DEX,-71.634,7491.914213201313,9239.766748495713
2026-09-01 08:30:53,7000.0,7009.0,Put GEX 1,GEX,-734009.515,7491.914213201313,9239.766748495713
2026-09-01 08:30:53,7000.0,7009.0,Call VEX 1,VEX,5596345.405,7491.914213201313,9239.766748495713
2026-09-01 08:30:53,7300.0,7309.25,Call DEX 1,DEX,277.49,7491.914213201313,9239.766748495713
2026-09-01 08:30:53,7400.0,7409.5,Call DEX 2,DEX,235.707,7491.914213201313,9239.766748495713
2026-09-01 08:30:53,7400.0,7409.5,Call VEX 3,VEX,2090332.952,7491.914213201313,9239.766748495713
2026-09-01 08:30:53,7450.0,7459.5,Call DEX 3,DEX,235.281,7491.914213201313,9239.766748495713
2026-09-01 08:30:53,7450.0,7459.5,Call VEX 4,VEX,1883443.401,7491.914213201313,9239.766748495713
2026-09-01 08:30:53,7500.0,7509.5,Call CEX 3,CEX,1229041.487,7491.914213201313,9239.766748495713
2026-09-01 08:30:53,7500.0,7509.5,Call DEX 4,DEX,209.784,7491.914213201313,9239.766748495713
2026-09-01 08:30:53,7500.0,7509.5,Put GEX 2,GEX,-533078.816,7491.914213201313,9239.766748495713
2026-09-01 08:30:53,7500.0,7509.5,Call VEX 2,VEX,3114395.188,7491.914213201313,9239.766748495713
2026-09-01 08:30:53,7550.0,7559.5,Call CEX 5,CEX,968636.792,7491.914213201313,9239.766748495713
2026-09-01 08:30:53,7550.0,7559.5,Put GEX 5,GEX,-325501.469,7491.914213201313,9239.766748495713
2026-09-01 08:30:53,7600.0,7609.75,Call CEX 4,CEX,1155712.327,7491.914213201313,9239.766748495713
2026-09-01 08:30:53,7600.0,7609.75,Call DEX 5,DEX,138.885,7491.914213201313,9239.766748495713
2026-09-01 08:30:53,7600.0,7609.75,Call VEX 5,VEX,1506041.159,7491.914213201313,9239.766748495713
2026-09-01 08:30:53,7625.0,7634.75,Call CEX 1,CEX,1267514.769,7491.914213201313,9239.766748495713
2026-09-01 08:30:53,7650.0,7659.75,Put GEX 3,GEX,-360075.231,7491.914213201313,9239.766748495713
2026-09-01 08:30:53,7675.0,7684.75,Put CEX 2,CEX,-2067275.482,7491.914213201313,9239.766748495713
2026-09-01 08:30:53,7690.0,7699.75,Put CEX 5,CEX,-1320032.192,7491.914213201313,9239.766748495713
2026-09-01 08:30:53,7700.0,7709.75,Put CEX 3,CEX,-1851993.784,7491.914213201313,9239.766748495713
2026-09-01 08:30:53,7700.0,7709.75,Put DEX 2,DEX,-133.877,7491.914213201313,9239.766748495713
2026-09-01 08:30:53,7725.0,7734.75,Put DEX 5,DEX,-38.81,7491.914213201313,9239.766748495713
2026-09-01 08:30:53,7750.0,7759.75,Put CEX 4,CEX,-1342938.935,7491.914213201313,9239.766748495713
2026-09-01 08:30:53,7750.0,7759.75,Put DEX 4,DEX,-59.56,7491.914213201313,9239.766748495713
2026-09-01 08:30:53,7750.0,7759.75,Call GEX 3,GEX,324735.327,7491.914213201313,9239.766748495713
2026-09-01 08:30:53,7750.0,7759.75,Put VEX 4,VEX,-952260.902,7491.914213201313,9239.766748495713
2026-09-01 08:30:53,7800.0,7810.0,Call GEX 1,GEX,587594.072,7491.914213201313,9239.766748495713
2026-09-01 08:30:53,7800.0,7810.0,Put VEX 2,VEX,-1607835.268,7491.914213201313,9239.766748495713
2026-09-01 08:30:53,7850.0,7860.0,Call GEX 4,GEX,310866.281,7491.914213201313,9239.766748495713
2026-09-01 08:30:53,7850.0,7860.0,Put VEX 5,VEX,-608627.689,7491.914213201313,9239.766748495713
2026-09-01 08:30:53,7900.0,7910.0,Call GEX 2,GEX,422165.304,7491.914213201313,9239.766748495713
2026-09-01 08:30:53,7900.0,7910.0,Put VEX 3,VEX,-1006094.843,7491.914213201313,9239.766748495713
2026-09-01 08:30:53,7950.0,7960.0,Call GEX 5,GEX,185403.965,7491.914213201313,9239.766748495713
2026-09-01 08:30:53,8000.0,8010.25,Put CEX 1,CEX,-3278487.191,7491.914213201313,9239.766748495713
2026-09-01 08:30:53,8000.0,8010.25,Put DEX 1,DEX,-2481.561,7491.914213201313,9239.766748495713
2026-09-01 08:30:53,8000.0,8010.25,Put GEX 4,GEX,-350499.399,7491.914213201313,9239.766748495713
2026-09-01 08:30:53,8000.0,8010.25,Put VEX 1,VEX,-10614618.551,7491.914213201313,9239.766748495713
2026-09-01 08:31:42,7000.0,7009.0,Call CEX 2,CEX,1258146.97,7493.1313554840735,9243.41223352807
2026-09-01 08:31:42,7000.0,7009.0,Put DEX 3,DEX,-71.848,7493.1313554840735,9243.41223352807
2026-09-01 08:31:42,7000.0,7009.0,Put GEX 1,GEX,-730728.605,7493.1313554840735,9243.41223352807
2026-09-01 08:31:42,7000.0,7009.0,Call VEX 1,VEX,5596334.308,7493.1313554840735,9243.41223352807
2026-09-01 08:31:42,7300.0,7309.25,Call DEX 1,DEX,282.464,7493.1313554840735,9243.41223352807
2026-09-01 08:31:42,7400.0,7409.5,Call DEX 2,DEX,235.342,7493.1313554840735,9243.41223352807
2026-09-01 08:31:42,7400.0,7409.5,Call VEX 3,VEX,2093164.852,7493.1313554840735,9243.41223352807
2026-09-01 08:31:42,7450.0,7459.5,Call DEX 3,DEX,234.845,7493.1313554840735,9243.41223352807
2026-09-01 08:31:42,7450.0,7459.5,Call VEX 4,VEX,1883400.64,7493.1313554840735,9243.41223352807
2026-09-01 08:31:42,7500.0,7509.5,Call CEX 3,CEX,1229630.295,7493.1313554840735,9243.41223352807
2026-09-01 08:31:42,7500.0,7509.5,Call DEX 4,DEX,209.961,7493.1313554840735,9243.41223352807
2026-09-01 08:31:42,7500.0,7509.5,Put GEX 2,GEX,-534005.857,7493.1313554840735,9243.41223352807
2026-09-01 08:31:42,7500.0,7509.5,Call VEX 2,VEX,3113689.947,7493.1313554840735,9243.41223352807
2026-09-01 08:31:42,7550.0,7559.75,Call CEX 5,CEX,966966.34,7493.1313554840735,9243.41223352807
2026-09-01 08:31:42,7550.0,7559.75,Put GEX 5,GEX,-326062.278,7493.1313554840735,9243.41223352807
2026-09-01 08:31:42,7600.0,7609.75,Call CEX 4,CEX,1158020.556,7493.1313554840735,9243.41223352807
2026-09-01 08:31:42,7600.0,7609.75,Call DEX 5,DEX,138.99,7493.1313554840735,9243.41223352807
2026-09-01 08:31:42,7600.0,7609.75,Call VEX 5,VEX,1506395.619,7493.1313554840735,9243.41223352807
2026-09-01 08:31:42,7625.0,7634.75,Call CEX 1,CEX,1302713.79,7493.1313554840735,9243.41223352807
2026-09-01 08:31:42,7650.0,7659.75,Put GEX 3,GEX,-369420.063,7493.1313554840735,9243.41223352807
2026-09-01 08:31:42,7675.0,7684.75,Put CEX 2,CEX,-2075876.196,7493.1313554840735,9243.41223352807
2026-09-01 08:31:42,7690.0,7699.75,Put CEX 5,CEX,-1304950.497,7493.1313554840735,9243.41223352807
2026-09-01 08:31:42,7700.0,7710.0,Put CEX 3,CEX,-1837611.689,7493.1313554840735,9243.41223352807
2026-09-01 08:31:42,7700.0,7710.0,Put DEX 2,DEX,-133.605,7493.1313554840735,9243.41223352807
2026-09-01 08:31:42,7725.0,7735.0,Put DEX 5,DEX,-38.825,7493.1313554840735,9243.41223352807
2026-09-01 08:31:42,7750.0,7760.0,Put CEX 4,CEX,-1328959.194,7493.1313554840735,9243.41223352807
2026-09-01 08:31:42,7750.0,7760.0,Put DEX 4,DEX,-59.317,7493.1313554840735,9243.41223352807
2026-09-01 08:31:42,7750.0,7760.0,Call GEX 3,GEX,323258.294,7493.1313554840735,9243.41223352807
2026-09-01 08:31:42,7750.0,7760.0,Put VEX 4,VEX,-949421.21,7493.1313554840735,9243.41223352807
2026-09-01 08:31:42,7800.0,7810.0,Call GEX 1,GEX,585543.728,7493.1313554840735,9243.41223352807
2026-09-01 08:31:42,7800.0,7810.0,Put VEX 2,VEX,-1605138.532,7493.1313554840735,9243.41223352807
2026-09-01 08:31:42,7850.0,7860.0,Call GEX 4,GEX,310759.215,7493.1313554840735,9243.41223352807
2026-09-01 08:31:42,7850.0,7860.0,Put VEX 5,VEX,-608128.382,7493.1313554840735,9243.41223352807
2026-09-01 08:31:42,7900.0,7910.25,Call GEX 2,GEX,422638.898,7493.1313554840735,9243.41223352807
2026-09-01 08:31:42,7900.0,7910.25,Put VEX 3,VEX,-1006148.949,7493.1313554840735,9243.41223352807
2026-09-01 08:31:42,7950.0,7960.25,Call GEX 5,GEX,185986.578,7493.1313554840735,9243.41223352807
2026-09-01 08:31:42,8000.0,8010.25,Put CEX 1,CEX,-3276442.499,7493.1313554840735,9243.41223352807
2026-09-01 08:31:42,8000.0,8010.25,Put DEX 1,DEX,-2485.864,7493.1313554840735,9243.41223352807
2026-09-01 08:31:42,8000.0,8010.25,Put GEX 4,GEX,-333876.136,7493.1313554840735,9243.41223352807
2026-09-01 08:31:42,8000.0,8010.25,Put VEX 1,VEX,-10622787.969,7493.1313554840735,9243.41223352807
2026-09-01 08:32:28,7000.0,7009.25,Call CEX 2,CEX,1262455.713,7499.470973484667,9242.232969928242
2026-09-01 08:32:28,7000.0,7009.25,Put DEX 3,DEX,-73.08,7499.470973484667,9242.232969928242
2026-09-01 08:32:28,7000.0,7009.25,Put GEX 1,GEX,-733646.804,7499.470973484667,9242.232969928242
2026-09-01 08:32:28,7000.0,7009.25,Call VEX 1,VEX,5609884.712,7499.470973484667,9242.232969928242
2026-09-01 08:32:28,7300.0,7309.75,Call DEX 1,DEX,281.314,7499.470973484667,9242.232969928242
2026-09-01 08:32:28,7400.0,7409.75,Call DEX 2,DEX,233.74,7499.470973484667,9242.232969928242
2026-09-01 08:32:28,7400.0,7409.75,Call VEX 3,VEX,2097927.105,7499.470973484667,9242.232969928242
2026-09-01 08:32:28,7450.0,7460.0,Call DEX 3,DEX,233.708,7499.470973484667,9242.232969928242
2026-09-01 08:32:28,7450.0,7460.0,Call VEX 4,VEX,1884035.753,7499.470973484667,9242.232969928242
2026-09-01 08:32:28,7500.0,7510.0,Call CEX 3,CEX,1232578.193,7499.470973484667,9242.232969928242
2026-09-01 08:32:28,7500.0,7510.0,Call DEX 4,DEX,208.247,7499.470973484667,9242.232969928242
2026-09-01 08:32:28,7500.0,7510.0,Put GEX 2,GEX,-535377.578,7499.470973484667,9242.232969928242
2026-09-01 08:32:28,7500.0,7510.0,Call VEX 2,VEX,3109034.005,7499.470973484667,9242.232969928242
2026-09-01 08:32:28,7550.0,7560.0,Call CEX 5,CEX,971275.165,7499.470973484667,9242.232969928242
2026-09-01 08:32:28,7550.0,7560.0,Put GEX 5,GEX,-327138.949,7499.470973484667,9242.232969928242
2026-09-01 08:32:28,7600.0,7610.25,Call CEX 4,CEX,1158139.492,7499.470973484667,9242.232969928242
2026-09-01 08:32:28,7600.0,7610.25,Call DEX 5,DEX,137.088,7499.470973484667,9242.232969928242
2026-09-01 08:32:28,7600.0,7610.25,Call VEX 5,VEX,1494692.744,7499.470973484667,9242.232969928242
2026-09-01 08:32:28,7625.0,7635.25,Call CEX 1,CEX,1314744.726,7499.470973484667,9242.232969928242
2026-09-01 08:32:28,7650.0,7660.25,Put GEX 3,GEX,-368373.568,7499.470973484667,9242.232969928242
2026-09-01 08:32:28,7675.0,7685.25,Put CEX 2,CEX,-2071621.235,7499.470973484667,9242.232969928242
2026-09-01 08:32:28,7690.0,7700.25,Put CEX 5,CEX,-1301762.064,7499.470973484667,9242.232969928242
2026-09-01 08:32:28,7700.0,7710.25,Put CEX 3,CEX,-1834181.728,7499.470973484667,9242.232969928242
2026-09-01 08:32:28,7700.0,7710.25,Put DEX 2,DEX,-135.435,7499.470973484667,9242.232969928242
2026-09-01 08:32:28,7725.0,7735.25,Put DEX 5,DEX,-39.269,7499.470973484667,9242.232969928242
2026-09-01 08:32:28,7750.0,7760.25,Put CEX 4,CEX,-1330395.045,7499.470973484667,9242.232969928242
2026-09-01 08:32:28,7750.0,7760.25,Put DEX 4,DEX,-60.272,7499.470973484667,9242.232969928242
2026-09-01 08:32:28,7750.0,7760.25,Call GEX 3,GEX,321847.663,7499.470973484667,9242.232969928242
2026-09-01 08:32:28,7750.0,7760.25,Put VEX 4,VEX,-953938.523,7499.470973484667,9242.232969928242
2026-09-01 08:32:28,7800.0,7810.5,Call GEX 1,GEX,582812.617,7499.470973484667,9242.232969928242
2026-09-01 08:32:28,7800.0,7810.5,Put VEX 2,VEX,-1608792.562,7499.470973484667,9242.232969928242
2026-09-01 08:32:28,7850.0,7860.5,Call GEX 4,GEX,309805.672,7499.470973484667,9242.232969928242
2026-09-01 08:32:28,7850.0,7860.5,Put VEX 5,VEX,-608516.795,7499.470973484667,9242.232969928242
2026-09-01 08:32:28,7900.0,7910.5,Call GEX 2,GEX,420975.409,7499.470973484667,9242.232969928242
2026-09-01 08:32:28,7900.0,7910.5,Put VEX 3,VEX,-1005442.519,7499.470973484667,9242.232969928242
2026-09-01 08:32:28,7950.0,7960.5,Call GEX 5,GEX,185365.367,7499.470973484667,9242.232969928242
2026-09-01 08:32:28,8000.0,8010.75,Put CEX 1,CEX,-3276269.787,7499.470973484667,9242.232969928242
2026-09-01 08:32:28,8000.0,8010.75,Put DEX 1,DEX,-2487.048,7499.470973484667,9242.232969928242
2026-09-01 08:32:28,8000.0,8010.75,Put GEX 4,GEX,-330374.597,7499.470973484667,9242.232969928242
2026-09-01 08:32:28,8000.0,8010.75,Put VEX 1,VEX,-10609734.868,7499.470973484667,9242.232969928242
2026-09-01 08:33:16,7000.0,7008.75,Call CEX 2,CEX,1264335.756,7500.135472142071,9243.78697235801
2026-09-01 08:33:16,7000.0,7008.75,Put DEX 3,DEX,-73.527,7500.135472142071,9243.78697235801
2026-09-01 08:33:16,7000.0,7008.75,Put GEX 1,GEX,-734258.964,7500.135472142071,9243.78697235801
2026-09-01 08:33:16,7000.0,7008.75,Call VEX 1,VEX,5613646.931,7500.135472142071,9243.78697235801
2026-09-01 08:33:16,7300.0,7309.25,Call DEX 1,DEX,281.664,7500.135472142071,9243.78697235801
2026-09-01 08:33:16,7400.0,7409.25,Call DEX 2,DEX,235.23,7500.135472142071,9243.78697235801
2026-09-01 08:33:16,7400.0,7409.25,Call VEX 3,VEX,2094269.258,7500.135472142071,9243.78697235801
2026-09-01 08:33:16,7450.0,7459.25,Call DEX 3,DEX,233.61,7500.135472142071,9243.78697235801
2026-09-01 08:33:16,7450.0,7459.25,Call VEX 4,VEX,1883343.747,7500.135472142071,9243.78697235801
2026-09-01 08:33:16,7500.0,7509.5,Call CEX 3,CEX,1234491.799,7500.135472142071,9243.78697235801
2026-09-01 08:33:16,7500.0,7509.5,Call DEX 4,DEX,206.728,7500.135472142071,9243.78697235801
2026-09-01 08:33:16,7500.0,7509.5,Put GEX 2,GEX,-535503.454,7500.135472142071,9243.78697235801
2026-09-01 08:33:16,7500.0,7509.5,Call VEX 2,VEX,3105500.429,7500.135472142071,9243.78697235801
2026-09-01 08:33:16,7550.0,7559.5,Call CEX 5,CEX,972943.31,7500.135472142071,9243.78697235801
2026-09-01 08:33:16,7550.0,7559.5,Put GEX 5,GEX,-328117.314,7500.135472142071,9243.78697235801
2026-09-01 08:33:16,7600.0,7609.5,Call CEX 4,CEX,1177654.575,7500.135472142071,9243.78697235801
2026-09-01 08:33:16,7600.0,7609.5,Call DEX 5,DEX,136.039,7500.135472142071,9243.78697235801
2026-09-01 08:33:16,7600.0,7609.5,Call VEX 5,VEX,1488735.241,7500.135472142071,9243.78697235801
2026-09-01 08:33:16,7625.0,7634.5,Call CEX 1,CEX,1321288.324,7500.135472142071,9243.78697235801
2026-09-01 08:33:16,7650.0,7659.5,Put GEX 3,GEX,-366052.794,7500.135472142071,9243.78697235801
2026-09-01 08:33:16,7675.0,7684.5,Put CEX 2,CEX,-2075247.392,7500.135472142071,9243.78697235801
2026-09-01 08:33:16,7690.0,7699.5,Put CEX 5,CEX,-1318695.028,7500.135472142071,9243.78697235801
2026-09-01 08:33:16,7700.0,7709.75,Put CEX 3,CEX,-1853210.946,7500.135472142071,9243.78697235801
2026-09-01 08:33:16,7700.0,7709.75,Put DEX 2,DEX,-136.239,7500.135472142071,9243.78697235801
2026-09-01 08:33:16,7725.0,7734.75,Put DEX 5,DEX,-39.397,7500.135472142071,9243.78697235801
2026-09-01 08:33:16,7750.0,7759.75,Put CEX 4,CEX,-1341822.181,7500.135472142071,9243.78697235801
2026-09-01 08:33:16,7750.0,7759.75,Put DEX 4,DEX,-60.653,7500.135472142071,9243.78697235801
2026-09-01 08:33:16,7750.0,7759.75,Call GEX 3,GEX,319373.938,7500.135472142071,9243.78697235801
2026-09-01 08:33:16,7750.0,7759.75,Put VEX 4,VEX,-956918.113,7500.135472142071,9243.78697235801
2026-09-01 08:33:16,7800.0,7809.75,Call GEX 1,GEX,582886.709,7500.135472142071,9243.78697235801
2026-09-01 08:33:16,7800.0,7809.75,Put VEX 2,VEX,-1609842.743,7500.135472142071,9243.78697235801
2026-09-01 08:33:16,7850.0,7859.75,Call GEX 4,GEX,309297.337,7500.135472142071,9243.78697235801
2026-09-01 08:33:16,7850.0,7859.75,Put VEX 5,VEX,-608486.66,7500.135472142071,9243.78697235801
2026-09-01 08:33:16,7900.0,7910.0,Call GEX 2,GEX,420376.725,7500.135472142071,9243.78697235801
2026-09-01 08:33:16,7900.0,7910.0,Put VEX 3,VEX,-1005372.752,7500.135472142071,9243.78697235801
2026-09-01 08:33:16,7950.0,7960.0,Call GEX 5,GEX,185160.491,7500.135472142071,9243.78697235801
2026-09-01 08:33:16,8000.0,8010.0,Put CEX 1,CEX,-3272147.912,7500.135472142071,9243.78697235801
2026-09-01 08:33:16,8000.0,8010.0,Put DEX 1,DEX,-2484.739,7500.135472142071,9243.78697235801
2026-09-01 08:33:16,8000.0,8010.0,Put GEX 4,GEX,-334102.34,7500.135472142071,9243.78697235801
2026-09-01 08:33:16,8000.0,8010.0,Put VEX 1,VEX,-10619126.751,7500.135472142071,9243.78697235801
2026-09-01 08:34:02,7000.0,7009.25,Call CEX 2,CEX,1258005.24,7481.9943525613135,9239.88530099357
2026-09-01 08:34:02,7000.0,7009.25,Put DEX 3,DEX,-71.468,7481.9943525613135,9239.88530099357
2026-09-01 08:34:02,7000.0,7009.25,Put GEX 1,GEX,-732004.388,7481.9943525613135,9239.88530099357
2026-09-01 08:34:02,7000.0,7009.25,Call VEX 1,VEX,5588516.574,7481.9943525613135,9239.88530099357
2026-09-01 08:34:02,7300.0,7309.75,Call DEX 1,DEX,278.049,7481.9943525613135,9239.88530099357
2026-09-01 08:34:02,7400.0,7409.75,Call DEX 3,DEX,235.785,7481.9943525613135,9239.88530099357
2026-09-01 08:34:02,7400.0,7409.75,Call VEX 3,VEX,2089251.979,7481.9943525613135,9239.88530099357
2026-09-01 08:34:02,7450.0,7459.75,Call DEX 2,DEX,236.088,7481.9943525613135,9239.88530099357
2026-09-01 08:34:02,7450.0,7459.75,Call VEX 4,VEX,1881688.234,7481.9943525613135,9239.88530099357
2026-09-01 08:34:02,7500.0,7510.0,Call CEX 3,CEX,1230744.117,7481.9943525613135,9239.88530099357
2026-09-01 08:34:02,7500.0,7510.0,Call DEX 4,DEX,210.161,7481.9943525613135,9239.88530099357
2026-09-01 08:34:02,7500.0,7510.0,Put GEX 2,GEX,-532379.513,7481.9943525613135,9239.88530099357
2026-09-01 08:34:02,7500.0,7510.0,Call VEX 2,VEX,3114641.304,7481.9943525613135,9239.88530099357
2026-09-01 08:34:02,7550.0,7560.0,Call CEX 5,CEX,971312.735,7481.9943525613135,9239.88530099357
2026-09-01 08:34:02,7550.0,7560.0,Put GEX 5,GEX,-323216.08,7481.9943525613135,9239.88530099357
2026-09-01 08:34:02,7600.0,7610.0,Call CEX 4,CEX,1163680.012,7481.9943525613135,9239.88530099357
2026-09-01 08:34:02,7600.0,7610.0,Call DEX 5,DEX,139.433,7481.9943525613135,9239.88530099357
2026-09-01 08:34:02,7600.0,7610.0,Call VEX 5,VEX,1509307.05,7481.9943525613135,9239.88530099357
2026-09-01 08:34:02,7625.0,7635.0,Call CEX 1,CEX,1315682.134,7481.9943525613135,9239.88530099357
2026-09-01 08:34:02,7650.0,7660.0,Put GEX 3,GEX,-374225.821,7481.9943525613135,9239.88530099357
2026-09-01 08:34:02,7675.0,7685.25,Put CEX 2,CEX,-2090025.509,7481.9943525613135,9239.88530099357
2026-09-01 08:34:02,7690.0,7700.25,Put CEX 5,CEX,-1269275.831,7481.9943525613135,9239.88530099357
2026-09-01 08:34:02,7700.0,7710.25,Put CEX 3,CEX,-1804115.981,7481.9943525613135,9239.88530099357
2026-09-01 08:34:02,7700.0,7710.25,Put DEX 2,DEX,-133.154,7481.9943525613135,9239.88530099357
2026-09-01 08:34:02,7725.0,7735.25,Put DEX 5,DEX,-38.8,7481.9943525613135,9239.88530099357
2026-09-01 08:34:02,7750.0,7760.25,Put CEX 4,CEX,-1305085.065,7481.9943525613135,9239.88530099357
2026-09-01 08:34:02,7750.0,7760.25,Put DEX 4,DEX,-59.073,7481.9943525613135,9239.88530099357
2026-09-01 08:34:02,7750.0,7760.25,Call GEX 3,GEX,326924.91,7481.9943525613135,9239.88530099357
2026-09-01 08:34:02,7750.0,7760.25,Put VEX 4,VEX,-945638.369,7481.9943525613135,9239.88530099357
2026-09-01 08:34:02,7800.0,7810.25,Call GEX 1,GEX,587762.692,7481.9943525613135,9239.88530099357
2026-09-01 08:34:02,7800.0,7810.25,Put VEX 2,VEX,-1603626.977,7481.9943525613135,9239.88530099357
2026-09-01 08:34:02,7850.0,7860.5,Call GEX 4,GEX,311443.08,7481.9943525613135,9239.88530099357
2026-09-01 08:34:02,7850.0,7860.5,Put VEX 5,VEX,-608197.007,7481.9943525613135,9239.88530099357
2026-09-01 08:34:02,7900.0,7910.5,Call GEX 2,GEX,423180.815,7481.9943525613135,9239.88530099357
2026-09-01 08:34:02,7900.0,7910.5,Put VEX 3,VEX,-1006874.178,7481.9943525613135,9239.88530099357
2026-09-01 08:34:02,7950.0,7960.5,Call GEX 5,GEX,186215.643,7481.9943525613135,9239.88530099357
2026-09-01 08:34:02,8000.0,8010.5,Put CEX 1,CEX,-3285629.627,7481.9943525613135,9239.88530099357
2026-09-01 08:34:02,8000.0,8010.5,Put DEX 1,DEX,-2479.793,7481.9943525613135,9239.88530099357
2026-09-01 08:34:02,8000.0,8010.5,Put GEX 4,GEX,-334055.853,7481.9943525613135,9239.88530099357
2026-09-01 08:34:02,8000.0,8010.5,Put VEX 1,VEX,-10628124.776,7481.9943525613135,9239.88530099357
2026-09-01 08:34:49,7000.0,7008.75,Call CEX 2,CEX,1258780.367,7490.448337364757,9241.66619764801
2026-09-01 08:34:49,7000.0,7008.75,Put DEX 3,DEX,-72.139,7490.448337364757,9241.66619764801
2026-09-01 08:34:49,7000.0,7008.75,Put GEX 1,GEX,-731637.696,7490.448337364757,9241.66619764801
2026-09-01 08:34:49,7000.0,7008.75,Call VEX 1,VEX,5596749.14,7490.448337364757,9241.66619764801
2026-09-01 08:34:49,7300.0,7309.0,Call DEX 1,DEX,283.641,7490.448337364757,9241.66619764801
2026-09-01 08:34:49,7400.0,7409.25,Call DEX 2,DEX,235.199,7490.448337364757,9241.66619764801
2026-09-01 08:34:49,7400.0,7409.25,Call VEX 3,VEX,2090203.906,7490.448337364757,9241.66619764801
2026-09-01 08:34:49,7450.0,7459.25,Call DEX 3,DEX,235.066,7490.448337364757,9241.66619764801
2026-09-01 08:34:49,7450.0,7459.25,Call VEX 4,VEX,1882405.094,7490.448337364757,9241.66619764801
2026-09-01 08:34:49,7500.0,7509.25,Call CEX 3,CEX,1233636.92,7490.448337364757,9241.66619764801
2026-09-01 08:34:49,7500.0,7509.25,Call DEX 4,DEX,209.529,7490.448337364757,9241.66619764801
2026-09-01 08:34:49,7500.0,7509.25,Put GEX 2,GEX,-532755.337,7490.448337364757,9241.66619764801
2026-09-01 08:34:49,7500.0,7509.25,Call VEX 2,VEX,3111747.708,7490.448337364757,9241.66619764801
2026-09-01 08:34:49,7550.0,7559.5,Call CEX 5,CEX,971450.093,7490.448337364757,9241.66619764801
2026-09-01 08:34:49,7550.0,7559.5,Put GEX 5,GEX,-325002.128,7490.448337364757,9241.66619764801
2026-09-01 08:34:49,7600.0,7609.5,Call CEX 4,CEX,1163744.785,7490.448337364757,9241.66619764801
2026-09-01 08:34:49,7600.0,7609.5,Call DEX 5,DEX,138.377,7490.448337364757,9241.66619764801
2026-09-01 08:34:49,7600.0,7609.5,Call VEX 5,VEX,1502151.783,7490.448337364757,9241.66619764801
2026-09-01 08:34:49,7625.0,7634.5,Call CEX 1,CEX,1273365.574,7490.448337364757,9241.66619764801
2026-09-01 08:34:49,7650.0,7659.5,Put GEX 3,GEX,-361172.286,7490.448337364757,9241.66619764801
2026-09-01 08:34:49,7675.0,7684.5,Put CEX 2,CEX,-2083100.18,7490.448337364757,9241.66619764801
2026-09-01 08:34:49,7690.0,7699.5,Put CEX 5,CEX,-1334176.45,7490.448337364757,9241.66619764801
2026-09-01 08:34:49,7700.0,7709.5,Put CEX 3,CEX,-1864600.099,7490.448337364757,9241.66619764801
2026-09-01 08:34:49,7700.0,7709.5,Put DEX 2,DEX,-134.072,7490.448337364757,9241.66619764801
2026-09-01 08:34:49,7725.0,7734.75,Put DEX 5,DEX,-38.791,7490.448337364757,9241.66619764801
2026-09-01 08:34:49,7750.0,7759.75,Put CEX 4,CEX,-1352804.635,7490.448337364757,9241.66619764801
2026-09-01 08:34:49,7750.0,7759.75,Put DEX 4,DEX,-59.546,7490.448337364757,9241.66619764801
2026-09-01 08:34:49,7750.0,7759.75,Call GEX 3,GEX,323244.367,7490.448337364757,9241.66619764801
2026-09-01 08:34:49,7750.0,7759.75,Put VEX 4,VEX,-952393.131,7490.448337364757,9241.66619764801
2026-09-01 08:34:49,7800.0,7809.75,Call GEX 1,GEX,586919.038,7490.448337364757,9241.66619764801
2026-09-01 08:34:49,7800.0,7809.75,Put VEX 2,VEX,-1606224.733,7490.448337364757,9241.66619764801
2026-09-01 08:34:49,7850.0,7859.75,Call GEX 4,GEX,310680.701,7490.448337364757,9241.66619764801
2026-09-01 08:34:49,7850.0,7859.75,Put VEX 5,VEX,-608326.333,7490.448337364757,9241.66619764801
2026-09-01 08:34:49,7900.0,7909.75,Call GEX 2,GEX,422521.767,7490.448337364757,9241.66619764801
2026-09-01 08:34:49,7900.0,7909.75,Put VEX 3,VEX,-1006906.134,7490.448337364757,9241.66619764801
2026-09-01 08:34:49,7950.0,7960.0,Call GEX 5,GEX,185808.504,7490.448337364757,9241.66619764801
2026-09-01 08:34:49,8000.0,8010.0,Put CEX 1,CEX,-3283564.851,7490.448337364757,9241.66619764801
2026-09-01 08:34:49,8000.0,8010.0,Put DEX 1,DEX,-2478.161,7490.448337364757,9241.66619764801
2026-09-01 08:34:49,8000.0,8010.0,Put GEX 4,GEX,-338972.227,7490.448337364757,9241.66619764801
2026-09-01 08:34:49,8000.0,8010.0,Put VEX 1,VEX,-10640469.919,7490.448337364757,9241.66619764801
2026-09-01 08:35:35,7000.0,7008.5,Call CEX 2,CEX,1257912.866,7453.486278985408,9239.052640072345
2026-09-01 08:35:35,7000.0,7008.5,Put DEX 3,DEX,-71.314,7453.486278985408,9239.052640072345
2026-09-01 08:35:35,7000.0,7008.5,Put GEX 1,GEX,-732343.777,7453.486278985408,9239.052640072345
2026-09-01 08:35:35,7000.0,7008.5,Call VEX 1,VEX,5585171.956,7453.486278985408,9239.052640072345
2026-09-01 08:35:35,7300.0,7308.75,Call DEX 1,DEX,282.129,7453.486278985408,9239.052640072345
2026-09-01 08:35:35,7400.0,7408.75,Call DEX 2,DEX,238.144,7453.486278985408,9239.052640072345
2026-09-01 08:35:35,7400.0,7408.75,Call VEX 3,VEX,2072793.489,7453.486278985408,9239.052640072345
2026-09-01 08:35:35,7450.0,7459.0,Call DEX 3,DEX,237.569,7453.486278985408,9239.052640072345
2026-09-01 08:35:35,7450.0,7459.0,Call VEX 4,VEX,1878615.663,7453.486278985408,9239.052640072345
2026-09-01 08:35:35,7500.0,7509.0,Call CEX 3,CEX,1234063.01,7453.486278985408,9239.052640072345
2026-09-01 08:35:35,7500.0,7509.0,Call DEX 4,DEX,211.796,7453.486278985408,9239.052640072345
2026-09-01 08:35:35,7500.0,7509.0,Put GEX 2,GEX,-528717.552,7453.486278985408,9239.052640072345
2026-09-01 08:35:35,7500.0,7509.0,Call VEX 2,VEX,3117128.629,7453.486278985408,9239.052640072345
2026-09-01 08:35:35,7550.0,7559.0,Call CEX 5,CEX,972823.57,7453.486278985408,9239.052640072345
2026-09-01 08:35:35,7550.0,7559.0,Put GEX 4,GEX,-318999.417,7453.486278985408,9239.052640072345
2026-09-01 08:35:35,7600.0,7609.0,Call CEX 1,CEX,1266620.978,7453.486278985408,9239.052640072345
2026-09-01 08:35:35,7600.0,7609.0,Call DEX 5,DEX,140.489,7453.486278985408,9239.052640072345
2026-09-01 08:35:35,7600.0,7609.0,Call VEX 5,VEX,1519863.555,7453.486278985408,9239.052640072345
2026-09-01 08:35:35,7625.0,7634.25,Call CEX 4,CEX,1125377.401,7453.486278985408,9239.052640072345
2026-09-01 08:35:35,7650.0,7659.25,Put GEX 5,GEX,-276303.455,7453.486278985408,9239.052640072345
2026-09-01 08:35:35,7675.0,7684.25,Put CEX 2,CEX,-1958592.645,7453.486278985408,9239.052640072345
2026-09-01 08:35:35,7690.0,7699.25,Put CEX 5,CEX,-1385095.99,7453.486278985408,9239.052640072345
2026-09-01 08:35:35,7700.0,7709.25,Put CEX 3,CEX,-1953108.875,7453.486278985408,9239.052640072345
2026-09-01 08:35:35,7700.0,7709.25,Put DEX 2,DEX,-130.97,7453.486278985408,9239.052640072345
2026-09-01 08:35:35,7725.0,7734.25,Put DEX 5,DEX,-37.353,7453.486278985408,9239.052640072345
2026-09-01 08:35:35,7750.0,7759.25,Put CEX 4,CEX,-1444679.705,7453.486278985408,9239.052640072345
2026-09-01 08:35:35,7750.0,7759.25,Put DEX 4,DEX,-57.819,7453.486278985408,9239.052640072345
2026-09-01 08:35:35,7750.0,7759.25,Call GEX 3,GEX,325902.831,7453.486278985408,9239.052640072345
2026-09-01 08:35:35,7750.0,7759.25,Put VEX 4,VEX,-951365.392,7453.486278985408,9239.052640072345
2026-09-01 08:35:35,7800.0,7809.25,Call GEX 1,GEX,591783.264,7453.486278985408,9239.052640072345
2026-09-01 08:35:35,7800.0,7809.25,Put VEX 2,VEX,-1603759.428,7453.486278985408,9239.052640072345
2026-09-01 08:35:35,7850.0,7859.5,Call GEX 4,GEX,311593.945,7453.486278985408,9239.052640072345
2026-09-01 08:35:35,7850.0,7859.5,Put VEX 5,VEX,-608756.094,7453.486278985408,9239.052640072345
2026-09-01 08:35:35,7900.0,7909.5,Call GEX 2,GEX,423329.825,7453.486278985408,9239.052640072345
2026-09-01 08:35:35,7900.0,7909.5,Put VEX 3,VEX,-1005494.662,7453.486278985408,9239.052640072345
2026-09-01 08:35:35,7950.0,7959.5,Call GEX 5,GEX,186235.707,7453.486278985408,9239.052640072345
2026-09-01 08:35:35,8000.0,8009.5,Put CEX 1,CEX,-3314015.74,7453.486278985408,9239.052640072345
2026-09-01 08:35:35,8000.0,8009.5,Put DEX 1,DEX,-2464.26,7453.486278985408,9239.052640072345
2026-09-01 08:35:35,8000.0,8009.5,Put GEX 3,GEX,-350670.137,7453.486278985408,9239.052640072345
2026-09-01 08:35:35,8000.0,8009.5,Put VEX 1,VEX,-10684569.111,7453.486278985408,9239.052640072345
2026-09-01 08:36:22,7000.0,7008.5,Call CEX 1,CEX,1257395.769,7476.682839795577,9236.722686898764
2026-09-01 08:36:22,7000.0,7008.5,Put DEX 3,DEX,-70.9,7476.682839795577,9236.722686898764
2026-09-01 08:36:22,7000.0,7008.5,Put GEX 1,GEX,-730774.88,7476.682839795577,9236.722686898764
2026-09-01 08:36:22,7000.0,7008.5,Call VEX 1,VEX,5584027.932,7476.682839795577,9236.722686898764
2026-09-01 08:36:22,7300.0,7309.0,Call DEX 1,DEX,280.002,7476.682839795577,9236.722686898764
2026-09-01 08:36:22,7400.0,7409.0,Call DEX 2,DEX,237.751,7476.682839795577,9236.722686898764
2026-09-01 08:36:22,7400.0,7409.0,Call VEX 3,VEX,2081860.843,7476.682839795577,9236.722686898764
2026-09-01 08:36:22,7450.0,7459.0,Call DEX 3,DEX,236.124,7476.682839795577,9236.722686898764
2026-09-01 08:36:22,7450.0,7459.0,Call VEX 4,VEX,1880087.701,7476.682839795577,9236.722686898764
2026-09-01 08:36:22,7500.0,7509.25,Call CEX 2,CEX,1230758.953,7476.682839795577,9236.722686898764
2026-09-01 08:36:22,7500.0,7509.25,Call DEX 4,DEX,212.629,7476.682839795577,9236.722686898764
2026-09-01 08:36:22,7500.0,7509.25,Put GEX 2,GEX,-529544.291,7476.682839795577,9236.722686898764
2026-09-01 08:36:22,7500.0,7509.25,Call VEX 2,VEX,3119931.558,7476.682839795577,9236.722686898764
2026-09-01 08:36:22,7550.0,7559.25,Call CEX 5,CEX,970614.231,7476.682839795577,9236.722686898764
2026-09-01 08:36:22,7550.0,7559.25,Put GEX 5,GEX,-320112.757,7476.682839795577,9236.722686898764
2026-09-01 08:36:22,7600.0,7609.25,Call CEX 3,CEX,1127948.967,7476.682839795577,9236.722686898764
2026-09-01 08:36:22,7600.0,7609.25,Call DEX 5,DEX,142.467,7476.682839795577,9236.722686898764
2026-09-01 08:36:22,7600.0,7609.25,Call VEX 5,VEX,1525030.197,7476.682839795577,9236.722686898764
2026-09-01 08:36:22,7625.0,7634.25,Call CEX 4,CEX,1071048.768,7476.682839795577,9236.722686898764
2026-09-01 08:36:22,7650.0,7659.25,Put GEX 3,GEX,-351440.782,7476.682839795577,9236.722686898764
2026-09-01 08:36:22,7675.0,7684.5,Put CEX 2,CEX,-2092503.799,7476.682839795577,9236.722686898764
2026-09-01 08:36:22,7690.0,7699.5,Put CEX 5,CEX,-1363369.812,7476.682839795577,9236.722686898764
2026-09-01 08:36:22,7700.0,7709.5,Put CEX 3,CEX,-1898689.845,7476.682839795577,9236.722686898764
2026-09-01 08:36:22,7700.0,7709.5,Put DEX 2,DEX,-129.729,7476.682839795577,9236.722686898764
2026-09-01 08:36:22,7725.0,7734.5,Put DEX 5,DEX,-37.604,7476.682839795577,9236.722686898764
2026-09-01 08:36:22,7750.0,7759.5,Put CEX 4,CEX,-1374384.628,7476.682839795577,9236.722686898764
2026-09-01 08:36:22,7750.0,7759.5,Put DEX 4,DEX,-57.2,7476.682839795577,9236.722686898764
2026-09-01 08:36:22,7750.0,7759.5,Call GEX 3,GEX,327569.782,7476.682839795577,9236.722686898764
2026-09-01 08:36:22,7750.0,7759.5,Put VEX 4,VEX,-942129.026,7476.682839795577,9236.722686898764
2026-09-01 08:36:22,7800.0,7809.5,Call GEX 1,GEX,591906.468,7476.682839795577,9236.722686898764
2026-09-01 08:36:22,7800.0,7809.5,Put VEX 2,VEX,-1599748.893,7476.682839795577,9236.722686898764
2026-09-01 08:36:22,7850.0,7859.5,Call GEX 4,GEX,313112.943,7476.682839795577,9236.722686898764
2026-09-01 08:36:22,7850.0,7859.5,Put VEX 5,VEX,-608360.796,7476.682839795577,9236.722686898764
2026-09-01 08:36:22,7900.0,7909.75,Call GEX 2,GEX,425098.063,7476.682839795577,9236.722686898764
2026-09-01 08:36:22,7900.0,7909.75,Put VEX 3,VEX,-1006738.153,7476.682839795577,9236.722686898764
2026-09-01 08:36:22,7950.0,7959.75,Call GEX 5,GEX,187067.054,7476.682839795577,9236.722686898764
2026-09-01 08:36:22,8000.0,8009.75,Put CEX 1,CEX,-3308102.44,7476.682839795577,9236.722686898764
2026-09-01 08:36:22,8000.0,8009.75,Put DEX 1,DEX,-2470.295,7476.682839795577,9236.722686898764
2026-09-01 08:36:22,8000.0,8009.75,Put GEX 4,GEX,-344225.736,7476.682839795577,9236.722686898764
2026-09-01 08:36:22,8000.0,8009.75,Put VEX 1,VEX,-10667022.867,7476.682839795577,9236.722686898764
2026-09-01 08:37:10,7000.0,7009.25,Call CEX 2,CEX,1253982.894,7477.90013947041,9239.139967121053
2026-09-01 08:37:10,7000.0,7009.25,Put DEX 3,DEX,-70.369,7477.90013947041,9239.139967121053
2026-09-01 08:37:10,7000.0,7009.25,Put GEX 1,GEX,-728618.569,7477.90013947041,9239.139967121053
2026-09-01 08:37:10,7000.0,7009.25,Call VEX 1,VEX,5576264.36,7477.90013947041,9239.139967121053
2026-09-01 08:37:10,7300.0,7309.5,Call DEX 1,DEX,278.232,7477.90013947041,9239.139967121053
2026-09-01 08:37:10,7400.0,7409.75,Call DEX 2,DEX,236.756,7477.90013947041,9239.139967121053
2026-09-01 08:37:10,7400.0,7409.75,Call VEX 3,VEX,2088267.706,7477.90013947041,9239.139967121053
2026-09-01 08:37:10,7450.0,7459.75,Call DEX 3,DEX,235.255,7477.90013947041,9239.139967121053
2026-09-01 08:37:10,7450.0,7459.75,Call VEX 4,VEX,1881552.898,7477.90013947041,9239.139967121053
2026-09-01 08:37:10,7500.0,7509.75,Call CEX 3,CEX,1230538.415,7477.90013947041,9239.139967121053
2026-09-01 08:37:10,7500.0,7509.75,Call DEX 4,DEX,212.413,7477.90013947041,9239.139967121053
2026-09-01 08:37:10,7500.0,7509.75,Put GEX 2,GEX,-531123.886,7477.90013947041,9239.139967121053
2026-09-01 08:37:10,7500.0,7509.75,Call VEX 2,VEX,3119935.76,7477.90013947041,9239.139967121053
2026-09-01 08:37:10,7550.0,7559.75,Call CEX 5,CEX,971247.033,7477.90013947041,9239.139967121053
2026-09-01 08:37:10,7550.0,7559.75,Put GEX 5,GEX,-321716.093,7477.90013947041,9239.139967121053
2026-09-01 08:37:10,7600.0,7610.0,Call CEX 4,CEX,1130812.56,7477.90013947041,9239.139967121053
2026-09-01 08:37:10,7600.0,7610.0,Call DEX 5,DEX,142.078,7477.90013947041,9239.139967121053
2026-09-01 08:37:10,7600.0,7610.0,Call VEX 5,VEX,1523373.992,7477.90013947041,9239.139967121053
2026-09-01 08:37:10,7625.0,7635.0,Call CEX 1,CEX,1284685.658,7477.90013947041,9239.139967121053
2026-09-01 08:37:10,7650.0,7660.0,Put GEX 3,GEX,-378234.887,7477.90013947041,9239.139967121053
2026-09-01 08:37:10,7675.0,7685.0,Put CEX 2,CEX,-2106939.13,7477.90013947041,9239.139967121053
2026-09-01 08:37:10,7690.0,7700.0,Put CEX 5,CEX,-1299765.791,7477.90013947041,9239.139967121053
2026-09-01 08:37:10,7700.0,7710.0,Put CEX 3,CEX,-1798855.676,7477.90013947041,9239.139967121053
2026-09-01 08:37:10,7700.0,7710.0,Put DEX 2,DEX,-130.741,7477.90013947041,9239.139967121053
2026-09-01 08:37:10,7725.0,7735.0,Put DEX 5,DEX,-38.205,7477.90013947041,9239.139967121053
2026-09-01 08:37:10,7750.0,7760.0,Put CEX 4,CEX,-1316043.887,7477.90013947041,9239.139967121053
2026-09-01 08:37:10,7750.0,7760.0,Put DEX 4,DEX,-57.787,7477.90013947041,9239.139967121053
2026-09-01 08:37:10,7750.0,7760.0,Call GEX 3,GEX,328297.53,7477.90013947041,9239.139967121053
2026-09-01 08:37:10,7750.0,7760.0,Put VEX 4,VEX,-939766.326,7477.90013947041,9239.139967121053
2026-09-01 08:37:10,7800.0,7810.25,Call GEX 1,GEX,591217.348,7477.90013947041,9239.139967121053
2026-09-01 08:37:10,7800.0,7810.25,Put VEX 2,VEX,-1600232.408,7477.90013947041,9239.139967121053
2026-09-01 08:37:10,7850.0,7860.25,Call GEX 4,GEX,313319.837,7477.90013947041,9239.139967121053
2026-09-01 08:37:10,7850.0,7860.25,Put VEX 5,VEX,-608735.008,7477.90013947041,9239.139967121053
2026-09-01 08:37:10,7900.0,7910.25,Call GEX 2,GEX,424798.551,7477.90013947041,9239.139967121053
2026-09-01 08:37:10,7900.0,7910.25,Put VEX 3,VEX,-1006568.643,7477.90013947041,9239.139967121053
2026-09-01 08:37:10,7950.0,7960.5,Call GEX 5,GEX,186916.967,7477.90013947041,9239.139967121053
2026-09-01 08:37:10,8000.0,8010.5,Put CEX 1,CEX,-3294229.616,7477.90013947041,9239.139967121053
2026-09-01 08:37:10,8000.0,8010.5,Put DEX 1,DEX,-2479.412,7477.90013947041,9239.139967121053
2026-09-01 08:37:10,8000.0,8010.5,Put GEX 4,GEX,-337641.812,7477.90013947041,9239.139967121053
2026-09-01 08:37:10,8000.0,8010.5,Put VEX 1,VEX,-10642385.125,7477.90013947041,9239.139967121053
2026-09-01 08:37:57,7000.0,7009.25,Call CEX 2,CEX,1253859.62,7476.7317451877725,9239.483481785192
2026-09-01 08:37:57,7000.0,7009.25,Put DEX 3,DEX,-70.223,7476.7317451877725,9239.483481785192
2026-09-01 08:37:57,7000.0,7009.25,Put GEX 1,GEX,-727079.583,7476.7317451877725,9239.483481785192
2026-09-01 08:37:57,7000.0,7009.25,Call VEX 1,VEX,5578716.814,7476.7317451877725,9239.483481785192
2026-09-01 08:37:57,7300.0,7309.75,Call DEX 1,DEX,278.325,7476.7317451877725,9239.483481785192
2026-09-01 08:37:57,7400.0,7409.75,Call DEX 3,DEX,237.038,7476.7317451877725,9239.483481785192
2026-09-01 08:37:57,7400.0,7409.75,Call VEX 3,VEX,2089030.319,7476.7317451877725,9239.483481785192
2026-09-01 08:37:57,7450.0,7460.0,Call DEX 2,DEX,237.105,7476.7317451877725,9239.483481785192
2026-09-01 08:37:57,7450.0,7460.0,Call VEX 4,VEX,1882364.56,7476.7317451877725,9239.483481785192
2026-09-01 08:37:57,7500.0,7510.0,Call CEX 3,CEX,1231580.771,7476.7317451877725,9239.483481785192
2026-09-01 08:37:57,7500.0,7510.0,Call DEX 4,DEX,213.177,7476.7317451877725,9239.483481785192
2026-09-01 08:37:57,7500.0,7510.0,Put GEX 2,GEX,-530774.679,7476.7317451877725,9239.483481785192
2026-09-01 08:37:57,7500.0,7510.0,Call VEX 2,VEX,3122999.142,7476.7317451877725,9239.483481785192
2026-09-01 08:37:57,7550.0,7560.0,Call CEX 5,CEX,972233.783,7476.7317451877725,9239.483481785192
2026-09-01 08:37:57,7550.0,7560.0,Put GEX 5,GEX,-322423.256,7476.7317451877725,9239.483481785192
2026-09-01 08:37:57,7600.0,7610.0,Call CEX 4,CEX,1133519.573,7476.7317451877725,9239.483481785192
2026-09-01 08:37:57,7600.0,7610.0,Call DEX 5,DEX,142.963,7476.7317451877725,9239.483481785192
2026-09-01 08:37:57,7600.0,7610.0,Call VEX 5,VEX,1528994.156,7476.7317451877725,9239.483481785192
2026-09-01 08:37:57,7625.0,7635.25,Call CEX 1,CEX,1293881.263,7476.7317451877725,9239.483481785192
2026-09-01 08:37:57,7650.0,7660.25,Put GEX 3,GEX,-382942.081,7476.7317451877725,9239.483481785192
2026-09-01 08:37:57,7675.0,7685.25,Put CEX 2,CEX,-2116035.316,7476.7317451877725,9239.483481785192
2026-09-01 08:37:57,7690.0,7700.25,Put CEX 5,CEX,-1275431.352,7476.7317451877725,9239.483481785192
2026-09-01 08:37:57,7700.0,7710.25,Put CEX 3,CEX,-1756830.717,7476.7317451877725,9239.483481785192
2026-09-01 08:37:57,7700.0,7710.25,Put DEX 2,DEX,-130.02,7476.7317451877725,9239.483481785192
2026-09-01 08:37:57,7725.0,7735.25,Put DEX 5,DEX,-38.105,7476.7317451877725,9239.483481785192
2026-09-01 08:37:57,7750.0,7760.25,Put CEX 4,CEX,-1292379.795,7476.7317451877725,9239.483481785192
2026-09-01 08:37:57,7750.0,7760.25,Put DEX 4,DEX,-57.445,7476.7317451877725,9239.483481785192
2026-09-01 08:37:57,7750.0,7760.25,Call GEX 3,GEX,329006.824,7476.7317451877725,9239.483481785192
2026-09-01 08:37:57,7750.0,7760.25,Put VEX 4,VEX,-935887.21,7476.7317451877725,9239.483481785192
2026-09-01 08:37:57,7800.0,7810.25,Call GEX 1,GEX,591684.532,7476.7317451877725,9239.483481785192
2026-09-01 08:37:57,7800.0,7810.25,Put VEX 2,VEX,-1596277.897,7476.7317451877725,9239.483481785192
2026-09-01 08:37:57,7850.0,7860.5,Call GEX 4,GEX,313865.735,7476.7317451877725,9239.483481785192
2026-09-01 08:37:57,7850.0,7860.5,Put VEX 5,VEX,-608434.389,7476.7317451877725,9239.483481785192
2026-09-01 08:37:57,7900.0,7910.5,Call GEX 2,GEX,425107.858,7476.7317451877725,9239.483481785192
2026-09-01 08:37:57,7900.0,7910.5,Put VEX 3,VEX,-1006392.075,7476.7317451877725,9239.483481785192
2026-09-01 08:37:57,7950.0,7960.5,Call GEX 5,GEX,187085.056,7476.7317451877725,9239.483481785192
2026-09-01 08:37:57,8000.0,8010.75,Put CEX 1,CEX,-3283168.072,7476.7317451877725,9239.483481785192
2026-09-01 08:37:57,8000.0,8010.75,Put DEX 1,DEX,-2482.453,7476.7317451877725,9239.483481785192
2026-09-01 08:37:57,8000.0,8010.75,Put GEX 4,GEX,-335917.709,7476.7317451877725,9239.483481785192
2026-09-01 08:37:57,8000.0,8010.75,Put VEX 1,VEX,-10634606.279,7476.7317451877725,9239.483481785192
2026-09-01 08:38:43,7000.0,7009.25,Call CEX 1,CEX,1244114.792,7450.712881563952,9238.292309393571
2026-09-01 08:38:43,7000.0,7009.25,Put DEX 3,DEX,-66.683,7450.712881563952,9238.292309393571
2026-09-01 08:38:43,7000.0,7009.25,Put GEX 1,GEX,-721702.85,7450.712881563952,9238.292309393571
2026-09-01 08:38:43,7000.0,7009.25,Call VEX 1,VEX,5535124.874,7450.712881563952,9238.292309393571
2026-09-01 08:38:43,7300.0,7309.5,Call DEX 1,DEX,280.879,7450.712881563952,9238.292309393571
2026-09-01 08:38:43,7400.0,7409.75,Call DEX 2,DEX,240.749,7450.712881563952,9238.292309393571
2026-09-01 08:38:43,7400.0,7409.75,Call VEX 3,VEX,2082029.014,7450.712881563952,9238.292309393571
2026-09-01 08:38:43,7450.0,7459.75,Call DEX 3,DEX,240.731,7450.712881563952,9238.292309393571
2026-09-01 08:38:43,7450.0,7459.75,Call VEX 4,VEX,1881842.928,7450.712881563952,9238.292309393571
2026-09-01 08:38:43,7500.0,7509.75,Call CEX 2,CEX,1229070.718,7450.712881563952,9238.292309393571
2026-09-01 08:38:43,7500.0,7509.75,Call DEX 4,DEX,220.524,7450.712881563952,9238.292309393571
2026-09-01 08:38:43,7500.0,7509.75,Put GEX 2,GEX,-524474.33,7450.712881563952,9238.292309393571
2026-09-01 08:38:43,7500.0,7509.75,Call VEX 2,VEX,3141208.478,7450.712881563952,9238.292309393571
2026-09-01 08:38:43,7550.0,7560.0,Call CEX 5,CEX,965634.912,7450.712881563952,9238.292309393571
2026-09-01 08:38:43,7550.0,7560.0,Put GEX 5,GEX,-314645.82,7450.712881563952,9238.292309393571
2026-09-01 08:38:43,7600.0,7610.0,Call CEX 4,CEX,1091989.399,7450.712881563952,9238.292309393571
2026-09-01 08:38:43,7600.0,7610.0,Call DEX 5,DEX,150.801,7450.712881563952,9238.292309393571
2026-09-01 08:38:43,7600.0,7610.0,Call VEX 5,VEX,1574029.641,7450.712881563952,9238.292309393571
2026-09-01 08:38:43,7625.0,7635.0,Call CEX 3,CEX,1132657.248,7450.712881563952,9238.292309393571
2026-09-01 08:38:43,7650.0,7660.0,Put GEX 3,GEX,-359745.094,7450.712881563952,9238.292309393571
2026-09-01 08:38:43,7675.0,7685.0,Put CEX 2,CEX,-2094451.006,7450.712881563952,9238.292309393571
2026-09-01 08:38:43,7690.0,7700.0,Put CEX 4,CEX,-1408363.932,7450.712881563952,9238.292309393571
2026-09-01 08:38:43,7700.0,7710.0,Put CEX 3,CEX,-1897370.611,7450.712881563952,9238.292309393571
2026-09-01 08:38:43,7700.0,7710.0,Put DEX 2,DEX,-120.984,7450.712881563952,9238.292309393571
2026-09-01 08:38:43,7750.0,7760.25,Put CEX 5,CEX,-1360532.73,7450.712881563952,9238.292309393571
2026-09-01 08:38:43,7750.0,7760.25,Put DEX 4,DEX,-52.516,7450.712881563952,9238.292309393571
2026-09-01 08:38:43,7750.0,7760.25,Call GEX 3,GEX,333826.738,7450.712881563952,9238.292309393571
2026-09-01 08:38:43,7750.0,7760.25,Put VEX 4,VEX,-916725.753,7450.712881563952,9238.292309393571
2026-09-01 08:38:43,7780.0,7790.25,Put DEX 5,DEX,-35.876,7450.712881563952,9238.292309393571
2026-09-01 08:38:43,7800.0,7810.25,Call GEX 1,GEX,602824.071,7450.712881563952,9238.292309393571
2026-09-01 08:38:43,7800.0,7810.25,Put VEX 2,VEX,-1581724.821,7450.712881563952,9238.292309393571
2026-09-01 08:38:43,7850.0,7860.25,Call GEX 4,GEX,319173.05,7450.712881563952,9238.292309393571
2026-09-01 08:38:43,7850.0,7860.25,Put VEX 5,VEX,-607892.916,7450.712881563952,9238.292309393571
2026-09-01 08:38:43,7900.0,7910.5,Call GEX 2,GEX,432449.493,7450.712881563952,9238.292309393571
2026-09-01 08:38:43,7900.0,7910.5,Put VEX 3,VEX,-1008610.46,7450.712881563952,9238.292309393571
2026-09-01 08:38:43,7950.0,7960.5,Call GEX 5,GEX,190615.554,7450.712881563952,9238.292309393571
2026-09-01 08:38:43,8000.0,8010.5,Put CEX 1,CEX,-3323132.888,7450.712881563952,9238.292309393571
2026-09-01 08:38:43,8000.0,8010.5,Put DEX 1,DEX,-2466.22,7450.712881563952,9238.292309393571
2026-09-01 08:38:43,8000.0,8010.5,Put GEX 4,GEX,-335843.555,7450.712881563952,9238.292309393571
2026-09-01 08:38:43,8000.0,8010.5,Put VEX 1,VEX,-10689398.954,7450.712881563952,9238.292309393571
2026-09-01 08:39:30,7000.0,7009.0,Call CEX 1,CEX,1244648.218,7451.78695036474,9241.525437823277
2026-09-01 08:39:30,7000.0,7009.0,Put DEX 3,DEX,-67.039,7451.78695036474,9241.525437823277
2026-09-01 08:39:30,7000.0,7009.0,Put GEX 1,GEX,-721484.883,7451.78695036474,9241.525437823277
2026-09-01 08:39:30,7000.0,7009.0,Call VEX 1,VEX,5539888.718,7451.78695036474,9241.525437823277
2026-09-01 08:39:30,7300.0,7309.25,Call DEX 1,DEX,287.053,7451.78695036474,9241.525437823277
2026-09-01 08:39:30,7400.0,7409.5,Call DEX 2,DEX,240.734,7451.78695036474,9241.525437823277
2026-09-01 08:39:30,7400.0,7409.5,Call VEX 3,VEX,2081304.317,7451.78695036474,9241.525437823277
2026-09-01 08:39:30,7450.0,7459.5,Call DEX 3,DEX,240.691,7451.78695036474,9241.525437823277
2026-09-01 08:39:30,7450.0,7459.5,Call VEX 4,VEX,1881958.352,7451.78695036474,9241.525437823277
2026-09-01 08:39:30,7500.0,7509.75,Call CEX 2,CEX,1229985.434,7451.78695036474,9241.525437823277
2026-09-01 08:39:30,7500.0,7509.75,Call DEX 4,DEX,219.996,7451.78695036474,9241.525437823277
2026-09-01 08:39:30,7500.0,7509.75,Put GEX 2,GEX,-525250.114,7451.78695036474,9241.525437823277
2026-09-01 08:39:30,7500.0,7509.75,Call VEX 2,VEX,3139674.063,7451.78695036474,9241.525437823277
2026-09-01 08:39:30,7550.0,7559.75,Call CEX 5,CEX,968277.451,7451.78695036474,9241.525437823277
2026-09-01 08:39:30,7550.0,7559.75,Put GEX 5,GEX,-315396.695,7451.78695036474,9241.525437823277
2026-09-01 08:39:30,7600.0,7609.75,Call CEX 3,CEX,1091951.215,7451.78695036474,9241.525437823277
2026-09-01 08:39:30,7600.0,7609.75,Call DEX 5,DEX,150.231,7451.78695036474,9241.525437823277
2026-09-01 08:39:30,7600.0,7609.75,Call VEX 5,VEX,1569984.396,7451.78695036474,9241.525437823277
2026-09-01 08:39:30,7625.0,7634.75,Call CEX 4,CEX,1028015.405,7451.78695036474,9241.525437823277
2026-09-01 08:39:30,7650.0,7659.75,Put GEX 3,GEX,-353642.512,7451.78695036474,9241.525437823277
2026-09-01 08:39:30,7675.0,7684.75,Put CEX 2,CEX,-2098251.795,7451.78695036474,9241.525437823277
2026-09-01 08:39:30,7690.0,7699.75,Put CEX 4,CEX,-1407664.853,7451.78695036474,9241.525437823277
2026-09-01 08:39:30,7700.0,7710.0,Put CEX 3,CEX,-1925984.295,7451.78695036474,9241.525437823277
2026-09-01 08:39:30,7700.0,7710.0,Put DEX 2,DEX,-121.687,7451.78695036474,9241.525437823277
2026-09-01 08:39:30,7750.0,7760.0,Put CEX 5,CEX,-1375732.573,7451.78695036474,9241.525437823277
2026-09-01 08:39:30,7750.0,7760.0,Put DEX 4,DEX,-52.97,7451.78695036474,9241.525437823277
2026-09-01 08:39:30,7750.0,7760.0,Call GEX 3,GEX,332854.358,7451.78695036474,9241.525437823277
2026-09-01 08:39:30,7750.0,7760.0,Put VEX 4,VEX,-919711.816,7451.78695036474,9241.525437823277
2026-09-01 08:39:30,7780.0,7790.0,Put DEX 5,DEX,-35.974,7451.78695036474,9241.525437823277
2026-09-01 08:39:30,7800.0,7810.0,Call GEX 1,GEX,601616.33,7451.78695036474,9241.525437823277
2026-09-01 08:39:30,7800.0,7810.0,Put VEX 2,VEX,-1583323.276,7451.78695036474,9241.525437823277
2026-09-01 08:39:30,7850.0,7860.0,Call GEX 4,GEX,318627.671,7451.78695036474,9241.525437823277
2026-09-01 08:39:30,7850.0,7860.0,Put VEX 5,VEX,-607912.37,7451.78695036474,9241.525437823277
2026-09-01 08:39:30,7900.0,7910.25,Call GEX 2,GEX,431887.214,7451.78695036474,9241.525437823277
2026-09-01 08:39:30,7900.0,7910.25,Put VEX 3,VEX,-1008227.399,7451.78695036474,9241.525437823277
2026-09-01 08:39:30,7950.0,7960.25,Call GEX 5,GEX,190295.05,7451.78695036474,9241.525437823277
2026-09-01 08:39:30,8000.0,8010.25,Put CEX 1,CEX,-3316876.54,7451.78695036474,9241.525437823277
2026-09-01 08:39:30,8000.0,8010.25,Put DEX 1,DEX,-2469.846,7451.78695036474,9241.525437823277
2026-09-01 08:39:30,8000.0,8010.25,Put GEX 4,GEX,-335161.307,7451.78695036474,9241.525437823277
2026-09-01 08:39:30,8000.0,8010.25,Put VEX 1,VEX,-10683043.427,7451.78695036474,9241.525437823277
2026-09-01 08:40:18,7000.0,7009.5,Call CEX 1,CEX,1248403.236,7452.499859428085,9242.817616875023
2026-09-01 08:40:18,7000.0,7009.5,Put DEX 3,DEX,-67.953,7452.499859428085,9242.817616875023
2026-09-01 08:40:18,7000.0,7009.5,Put GEX 1,GEX,-721296.251,7452.499859428085,9242.817616875023
2026-09-01 08:40:18,7000.0,7009.5,Call VEX 1,VEX,5557561.367,7452.499859428085,9242.817616875023
2026-09-01 08:40:18,7300.0,7310.0,Call DEX 1,DEX,284.44,7452.499859428085,9242.817616875023
2026-09-01 08:40:18,7400.0,7410.0,Call DEX 3,DEX,239.69,7452.499859428085,9242.817616875023
2026-09-01 08:40:18,7400.0,7410.0,Call VEX 3,VEX,2088855.838,7452.499859428085,9242.817616875023
2026-09-01 08:40:18,7450.0,7460.0,Call DEX 2,DEX,239.957,7452.499859428085,9242.817616875023
2026-09-01 08:40:18,7450.0,7460.0,Call VEX 4,VEX,1880680.575,7452.499859428085,9242.817616875023
2026-09-01 08:40:18,7500.0,7510.25,Call CEX 2,CEX,1229019.058,7452.499859428085,9242.817616875023
2026-09-01 08:40:18,7500.0,7510.25,Call DEX 4,DEX,219.822,7452.499859428085,9242.817616875023
2026-09-01 08:40:18,7500.0,7510.25,Put GEX 2,GEX,-525961.826,7452.499859428085,9242.817616875023
2026-09-01 08:40:18,7500.0,7510.25,Call VEX 2,VEX,3140576.347,7452.499859428085,9242.817616875023
2026-09-01 08:40:18,7550.0,7560.25,Call CEX 5,CEX,889232.036,7452.499859428085,9242.817616875023
2026-09-01 08:40:18,7550.0,7560.25,Put GEX 5,GEX,-314906.817,7452.499859428085,9242.817616875023
2026-09-01 08:40:18,7600.0,7610.25,Call CEX 4,CEX,1095823.372,7452.499859428085,9242.817616875023
2026-09-01 08:40:18,7600.0,7610.25,Call DEX 5,DEX,150.655,7452.499859428085,9242.817616875023
2026-09-01 08:40:18,7600.0,7610.25,Call VEX 5,VEX,1573287.19,7452.499859428085,9242.817616875023
2026-09-01 08:40:18,7625.0,7635.25,Call CEX 3,CEX,1221270.91,7452.499859428085,9242.817616875023
2026-09-01 08:40:18,7650.0,7660.25,Put GEX 3,GEX,-374905.377,7452.499859428085,9242.817616875023
2026-09-01 08:40:18,7675.0,7685.5,Put CEX 2,CEX,-2116636.636,7452.499859428085,9242.817616875023
2026-09-01 08:40:18,7690.0,7700.5,Put CEX 4,CEX,-1360118.4,7452.499859428085,9242.817616875023
2026-09-01 08:40:18,7700.0,7710.5,Put CEX 3,CEX,-1813690.118,7452.499859428085,9242.817616875023
2026-09-01 08:40:18,7700.0,7710.5,Put DEX 2,DEX,-120.843,7452.499859428085,9242.817616875023
2026-09-01 08:40:18,7750.0,7760.5,Put CEX 5,CEX,-1305290.455,7452.499859428085,9242.817616875023
2026-09-01 08:40:18,7750.0,7760.5,Put DEX 4,DEX,-52.45,7452.499859428085,9242.817616875023
2026-09-01 08:40:18,7750.0,7760.5,Call GEX 3,GEX,332113.073,7452.499859428085,9242.817616875023
2026-09-01 08:40:18,7750.0,7760.5,Put VEX 4,VEX,-911346.846,7452.499859428085,9242.817616875023
2026-09-01 08:40:18,7780.0,7790.5,Put DEX 5,DEX,-35.823,7452.499859428085,9242.817616875023
2026-09-01 08:40:18,7800.0,7810.5,Call GEX 1,GEX,599766.029,7452.499859428085,9242.817616875023
2026-09-01 08:40:18,7800.0,7810.5,Put VEX 2,VEX,-1580122.292,7452.499859428085,9242.817616875023
2026-09-01 08:40:18,7850.0,7860.75,Call GEX 4,GEX,319170.091,7452.499859428085,9242.817616875023
2026-09-01 08:40:18,7850.0,7860.75,Put VEX 5,VEX,-607326.563,7452.499859428085,9242.817616875023
2026-09-01 08:40:18,7900.0,7910.75,Call GEX 2,GEX,432986.098,7452.499859428085,9242.817616875023
2026-09-01 08:40:18,7900.0,7910.75,Put VEX 3,VEX,-1009131.563,7452.499859428085,9242.817616875023
2026-09-01 08:40:18,7950.0,7960.75,Call GEX 5,GEX,191317.452,7452.499859428085,9242.817616875023
2026-09-01 08:40:18,8000.0,8010.75,Put CEX 1,CEX,-3367955.417,7452.499859428085,9242.817616875023
2026-09-01 08:40:18,8000.0,8010.75,Put DEX 1,DEX,-2431.814,7452.499859428085,9242.817616875023
2026-09-01 08:40:18,8000.0,8010.75,Put GEX 4,GEX,-365058.908,7452.499859428085,9242.817616875023
2026-09-01 08:40:18,8000.0,8010.75,Put VEX 1,VEX,-10819913.933,7452.499859428085,9242.817616875023
2026-09-01 08:41:06,7000.0,7008.75,Call CEX 1,CEX,1243895.482,7429.507480918076,9241.793063880545
2026-09-01 08:41:06,7000.0,7008.75,Put DEX 3,DEX,-66.425,7429.507480918076,9241.793063880545
2026-09-01 08:41:06,7000.0,7008.75,Put GEX 1,GEX,-720012.476,7429.507480918076,9241.793063880545
2026-09-01 08:41:06,7000.0,7008.75,Call VEX 1,VEX,5535167.436,7429.507480918076,9241.793063880545
2026-09-01 08:41:06,7300.0,7309.0,Call DEX 1,DEX,282.211,7429.507480918076,9241.793063880545
2026-09-01 08:41:06,7400.0,7409.25,Call DEX 2,DEX,241.897,7429.507480918076,9241.793063880545
2026-09-01 08:41:06,7400.0,7409.25,Call VEX 3,VEX,2078087.3,7429.507480918076,9241.793063880545
2026-09-01 08:41:06,7450.0,7459.25,Call DEX 3,DEX,240.641,7429.507480918076,9241.793063880545
2026-09-01 08:41:06,7450.0,7459.25,Call VEX 4,VEX,1877651.078,7429.507480918076,9241.793063880545
2026-09-01 08:41:06,7500.0,7509.25,Call CEX 2,CEX,1230999.118,7429.507480918076,9241.793063880545
2026-09-01 08:41:06,7500.0,7509.25,Call DEX 4,DEX,222.58,7429.507480918076,9241.793063880545
2026-09-01 08:41:06,7500.0,7509.25,Put GEX 2,GEX,-521942.041,7429.507480918076,9241.793063880545
2026-09-01 08:41:06,7500.0,7509.25,Call VEX 2,VEX,3146122.434,7429.507480918076,9241.793063880545
2026-09-01 08:41:06,7550.0,7559.5,Call CEX 5,CEX,888107.765,7429.507480918076,9241.793063880545
2026-09-01 08:41:06,7550.0,7559.5,Put GEX 5,GEX,-309184.629,7429.507480918076,9241.793063880545
2026-09-01 08:41:06,7600.0,7609.5,Call CEX 3,CEX,1097034.054,7429.507480918076,9241.793063880545
2026-09-01 08:41:06,7600.0,7609.5,Call DEX 5,DEX,153.275,7429.507480918076,9241.793063880545
2026-09-01 08:41:06,7600.0,7609.5,Call VEX 5,VEX,1588605.689,7429.507480918076,9241.793063880545
2026-09-01 08:41:06,7625.0,7634.5,Call CEX 4,CEX,1016034.99,7429.507480918076,9241.793063880545
2026-09-01 08:41:06,7650.0,7659.5,Put GEX 3,GEX,-344961.071,7429.507480918076,9241.793063880545
2026-09-01 08:41:06,7675.0,7684.5,Put CEX 2,CEX,-2072685.936,7429.507480918076,9241.793063880545
2026-09-01 08:41:06,7690.0,7699.5,Put CEX 4,CEX,-1448260.791,7429.507480918076,9241.793063880545
2026-09-01 08:41:06,7700.0,7709.5,Put CEX 3,CEX,-1930378.579,7429.507480918076,9241.793063880545
2026-09-01 08:41:06,7700.0,7709.5,Put DEX 2,DEX,-117.739,7429.507480918076,9241.793063880545
2026-09-01 08:41:06,7750.0,7759.75,Put CEX 5,CEX,-1386634.998,7429.507480918076,9241.793063880545
2026-09-01 08:41:06,7750.0,7759.75,Put DEX 4,DEX,-50.613,7429.507480918076,9241.793063880545
2026-09-01 08:41:06,7750.0,7759.75,Call GEX 3,GEX,334778.77,7429.507480918076,9241.793063880545
2026-09-01 08:41:06,7750.0,7759.75,Put VEX 4,VEX,-908630.103,7429.507480918076,9241.793063880545
2026-09-01 08:41:06,7780.0,7789.75,Put DEX 5,DEX,-35.403,7429.507480918076,9241.793063880545
2026-09-01 08:41:06,7800.0,7809.75,Call GEX 1,GEX,606678.199,7429.507480918076,9241.793063880545
2026-09-01 08:41:06,7800.0,7809.75,Put VEX 2,VEX,-1574940.608,7429.507480918076,9241.793063880545
2026-09-01 08:41:06,7850.0,7859.75,Call GEX 4,GEX,320808.507,7429.507480918076,9241.793063880545
2026-09-01 08:41:06,7850.0,7859.75,Put VEX 5,VEX,-607125.708,7429.507480918076,9241.793063880545
2026-09-01 08:41:06,7900.0,7909.75,Call GEX 2,GEX,434891.635,7429.507480918076,9241.793063880545
2026-09-01 08:41:06,7900.0,7909.75,Put VEX 3,VEX,-1008995.698,7429.507480918076,9241.793063880545
2026-09-01 08:41:06,7950.0,7960.0,Call GEX 5,GEX,191869.022,7429.507480918076,9241.793063880545
2026-09-01 08:41:06,8000.0,8010.0,Put CEX 1,CEX,-3333248.238,7429.507480918076,9241.793063880545
2026-09-01 08:41:06,8000.0,8010.0,Put DEX 1,DEX,-2460.13,7429.507480918076,9241.793063880545
2026-09-01 08:41:06,8000.0,8010.0,Put GEX 4,GEX,-333407.065,7429.507480918076,9241.793063880545
2026-09-01 08:41:06,8000.0,8010.0,Put VEX 1,VEX,-10717869.351,7429.507480918076,9241.793063880545
2026-09-01 08:41:53,7000.0,7008.5,Call CEX 1,CEX,1242625.626,7403.706931487767,9239.285310346804
2026-09-01 08:41:53,7000.0,7008.5,Put DEX 3,DEX,-65.268,7403.706931487767,9239.285310346804
2026-09-01 08:41:53,7000.0,7008.5,Put GEX 1,GEX,-720520.985,7403.706931487767,9239.285310346804
2026-09-01 08:41:53,7000.0,7008.5,Call VEX 1,VEX,5519373.466,7403.706931487767,9239.285310346804
2026-09-01 08:41:53,7400.0,7409.0,Call DEX 1,DEX,243.909,7403.706931487767,9239.285310346804
2026-09-01 08:41:53,7400.0,7409.0,Call VEX 3,VEX,2068733.065,7403.706931487767,9239.285310346804
2026-09-01 08:41:53,7450.0,7459.0,Call DEX 2,DEX,243.671,7403.706931487767,9239.285310346804
2026-09-01 08:41:53,7450.0,7459.0,Call VEX 4,VEX,1871973.896,7403.706931487767,9239.285310346804
2026-09-01 08:41:53,7500.0,7509.0,Call CEX 2,CEX,1230836.061,7403.706931487767,9239.285310346804
2026-09-01 08:41:53,7500.0,7509.0,Call DEX 3,DEX,226.427,7403.706931487767,9239.285310346804
2026-09-01 08:41:53,7500.0,7509.0,Put GEX 2,GEX,-518547.594,7403.706931487767,9239.285310346804
2026-09-01 08:41:53,7500.0,7509.0,Call VEX 2,VEX,3152689.602,7403.706931487767,9239.285310346804
2026-09-01 08:41:53,7550.0,7559.0,Call DEX 5,DEX,105.043,7403.706931487767,9239.285310346804
2026-09-01 08:41:53,7550.0,7559.0,Put GEX 5,GEX,-305081.354,7403.706931487767,9239.285310346804
2026-09-01 08:41:53,7600.0,7609.25,Call CEX 3,CEX,1069858.577,7403.706931487767,9239.285310346804
2026-09-01 08:41:53,7600.0,7609.25,Call DEX 4,DEX,156.477,7403.706931487767,9239.285310346804
2026-09-01 08:41:53,7600.0,7609.25,Call VEX 5,VEX,1604946.297,7403.706931487767,9239.285310346804
2026-09-01 08:41:53,7625.0,7634.25,Call CEX 4,CEX,1015080.632,7403.706931487767,9239.285310346804
2026-09-01 08:41:53,7650.0,7659.25,Call CEX 5,CEX,960993.476,7403.706931487767,9239.285310346804
2026-09-01 08:41:53,7650.0,7659.25,Put GEX 4,GEX,-317382.581,7403.706931487767,9239.285310346804
2026-09-01 08:41:53,7675.0,7684.25,Put CEX 2,CEX,-1998256.284,7403.706931487767,9239.285310346804
2026-09-01 08:41:53,7690.0,7699.25,Put CEX 4,CEX,-1480957.147,7403.706931487767,9239.285310346804
2026-09-01 08:41:53,7700.0,7709.25,Put CEX 3,CEX,-1971512.864,7403.706931487767,9239.285310346804
2026-09-01 08:41:53,7700.0,7709.25,Put DEX 2,DEX,-113.883,7403.706931487767,9239.285310346804
2026-09-01 08:41:53,7750.0,7759.25,Put CEX 5,CEX,-1428930.783,7403.706931487767,9239.285310346804
2026-09-01 08:41:53,7750.0,7759.25,Put DEX 4,DEX,-48.58,7403.706931487767,9239.285310346804
2026-09-01 08:41:53,7750.0,7759.25,Call GEX 3,GEX,339266.682,7403.706931487767,9239.285310346804
2026-09-01 08:41:53,7750.0,7759.25,Put VEX 4,VEX,-901959.32,7403.706931487767,9239.285310346804
2026-09-01 08:41:53,7780.0,7789.25,Put DEX 5,DEX,-34.856,7403.706931487767,9239.285310346804
2026-09-01 08:41:53,7800.0,7809.5,Call GEX 1,GEX,612133.402,7403.706931487767,9239.285310346804
2026-09-01 08:41:53,7800.0,7809.5,Put VEX 2,VEX,-1569814.469,7403.706931487767,9239.285310346804
2026-09-01 08:41:53,7850.0,7859.5,Call GEX 4,GEX,322978.651,7403.706931487767,9239.285310346804
2026-09-01 08:41:53,7850.0,7859.5,Put VEX 5,VEX,-607040.076,7403.706931487767,9239.285310346804
2026-09-01 08:41:53,7900.0,7909.5,Call GEX 2,GEX,437475.833,7403.706931487767,9239.285310346804
2026-09-01 08:41:53,7900.0,7909.5,Put VEX 3,VEX,-1009201.328,7403.706931487767,9239.285310346804
2026-09-01 08:41:53,7950.0,7959.5,Call GEX 5,GEX,192987.829,7403.706931487767,9239.285310346804
2026-09-01 08:41:53,8000.0,8009.5,Put CEX 1,CEX,-3357427.297,7403.706931487767,9239.285310346804
2026-09-01 08:41:53,8000.0,8009.5,Put DEX 1,DEX,-2448.227,7403.706931487767,9239.285310346804
2026-09-01 08:41:53,8000.0,8009.5,Put GEX 3,GEX,-339641.354,7403.706931487767,9239.285310346804
2026-09-01 08:41:53,8000.0,8009.5,Put VEX 1,VEX,-10746686.378,7403.706931487767,9239.285310346804
2026-09-01 08:42:41,7000.0,7008.75,Call CEX 1,CEX,1248314.034,7448.027938193873,9244.108840329329
2026-09-01 08:42:41,7000.0,7008.75,Put DEX 3,DEX,-67.594,7448.027938193873,9244.108840329329
2026-09-01 08:42:41,7000.0,7008.75,Put GEX 1,GEX,-723045.782,7448.027938193873,9244.108840329329
2026-09-01 08:42:41,7000.0,7008.75,Call VEX 1,VEX,5549231.024,7448.027938193873,9244.108840329329
2026-09-01 08:42:41,7300.0,7309.25,Call DEX 1,DEX,287.839,7448.027938193873,9244.108840329329
2026-09-01 08:42:41,7400.0,7409.25,Call DEX 2,DEX,240.742,7448.027938193873,9244.108840329329
2026-09-01 08:42:41,7400.0,7409.25,Call VEX 3,VEX,2082342.006,7448.027938193873,9244.108840329329
2026-09-01 08:42:41,7450.0,7459.5,Call DEX 3,DEX,240.633,7448.027938193873,9244.108840329329
2026-09-01 08:42:41,7450.0,7459.5,Call VEX 4,VEX,1879898.419,7448.027938193873,9244.108840329329
2026-09-01 08:42:41,7500.0,7509.5,Call CEX 2,CEX,1232822.021,7448.027938193873,9244.108840329329
2026-09-01 08:42:41,7500.0,7509.5,Call DEX 4,DEX,220.253,7448.027938193873,9244.108840329329
2026-09-01 08:42:41,7500.0,7509.5,Put GEX 2,GEX,-524131.848,7448.027938193873,9244.108840329329
2026-09-01 08:42:41,7500.0,7509.5,Call VEX 2,VEX,3140822.154,7448.027938193873,9244.108840329329
2026-09-01 08:42:41,7550.0,7559.5,Call CEX 5,CEX,890654.668,7448.027938193873,9244.108840329329
2026-09-01 08:42:41,7550.0,7559.5,Put GEX 5,GEX,-311514.359,7448.027938193873,9244.108840329329
2026-09-01 08:42:41,7600.0,7609.5,Call CEX 4,CEX,1099679.652,7448.027938193873,9244.108840329329
2026-09-01 08:42:41,7600.0,7609.5,Call DEX 5,DEX,150.791,7448.027938193873,9244.108840329329
2026-09-01 08:42:41,7600.0,7609.5,Call VEX 5,VEX,1573977.002,7448.027938193873,9244.108840329329
2026-09-01 08:42:41,7625.0,7634.75,Call CEX 3,CEX,1122521.155,7448.027938193873,9244.108840329329
2026-09-01 08:42:41,7650.0,7659.75,Put GEX 3,GEX,-359293.31,7448.027938193873,9244.108840329329
2026-09-01 08:42:41,7675.0,7684.75,Put CEX 2,CEX,-2115335.007,7448.027938193873,9244.108840329329
2026-09-01 08:42:41,7690.0,7699.75,Put CEX 4,CEX,-1404943.108,7448.027938193873,9244.108840329329
2026-09-01 08:42:41,7700.0,7709.75,Put CEX 3,CEX,-1898665.366,7448.027938193873,9244.108840329329
2026-09-01 08:42:41,7700.0,7709.75,Put DEX 2,DEX,-120.525,7448.027938193873,9244.108840329329
2026-09-01 08:42:41,7750.0,7759.75,Put CEX 5,CEX,-1364193.153,7448.027938193873,9244.108840329329
2026-09-01 08:42:41,7750.0,7759.75,Put DEX 4,DEX,-52.202,7448.027938193873,9244.108840329329
2026-09-01 08:42:41,7750.0,7759.75,Call GEX 3,GEX,334483.794,7448.027938193873,9244.108840329329
2026-09-01 08:42:41,7750.0,7759.75,Put VEX 4,VEX,-914507.797,7448.027938193873,9244.108840329329
2026-09-01 08:42:41,7780.0,7789.75,Put DEX 5,DEX,-35.791,7448.027938193873,9244.108840329329
2026-09-01 08:42:41,7800.0,7809.75,Call GEX 1,GEX,603427.95,7448.027938193873,9244.108840329329
2026-09-01 08:42:41,7800.0,7809.75,Put VEX 2,VEX,-1579988.817,7448.027938193873,9244.108840329329
2026-09-01 08:42:41,7850.0,7860.0,Call GEX 4,GEX,319454.795,7448.027938193873,9244.108840329329
2026-09-01 08:42:41,7850.0,7860.0,Put VEX 5,VEX,-607422.159,7448.027938193873,9244.108840329329
2026-09-01 08:42:41,7900.0,7910.0,Call GEX 2,GEX,433158.471,7448.027938193873,9244.108840329329
2026-09-01 08:42:41,7900.0,7910.0,Put VEX 3,VEX,-1008422.124,7448.027938193873,9244.108840329329
2026-09-01 08:42:41,7950.0,7960.0,Call GEX 5,GEX,190759.339,7448.027938193873,9244.108840329329
2026-09-01 08:42:41,8000.0,8010.0,Put CEX 1,CEX,-3321294.765,7448.027938193873,9244.108840329329
2026-09-01 08:42:41,8000.0,8010.0,Put DEX 1,DEX,-2466.593,7448.027938193873,9244.108840329329
2026-09-01 08:42:41,8000.0,8010.0,Put GEX 4,GEX,-328212.23,7448.027938193873,9244.108840329329
2026-09-01 08:42:41,8000.0,8010.0,Put VEX 1,VEX,-10695525.928,7448.027938193873,9244.108840329329
2026-09-01 08:43:28,7000.0,7009.0,Call CEX 2,CEX,1247551.011,7431.061937652313,9240.669666089778
2026-09-01 08:43:28,7000.0,7009.0,Put DEX 3,DEX,-67.19,7431.061937652313,9240.669666089778
2026-09-01 08:43:28,7000.0,7009.0,Put GEX 1,GEX,-722299.331,7431.061937652313,9240.669666089778
2026-09-01 08:43:28,7000.0,7009.0,Call VEX 1,VEX,5544880.433,7431.061937652313,9240.669666089778
2026-09-01 08:43:28,7300.0,7309.25,Call DEX 1,DEX,282.424,7431.061937652313,9240.669666089778
2026-09-01 08:43:28,7400.0,7409.5,Call DEX 3,DEX,241.627,7431.061937652313,9240.669666089778
2026-09-01 08:43:28,7400.0,7409.5,Call VEX 3,VEX,2079039.805,7431.061937652313,9240.669666089778
2026-09-01 08:43:28,7450.0,7459.5,Call DEX 2,DEX,247.284,7431.061937652313,9240.669666089778
2026-09-01 08:43:28,7450.0,7459.5,Call VEX 4,VEX,1884313.522,7431.061937652313,9240.669666089778
2026-09-01 08:43:28,7500.0,7509.5,Call CEX 1,CEX,1249914.022,7431.061937652313,9240.669666089778
2026-09-01 08:43:28,7500.0,7509.5,Call DEX 4,DEX,225.292,7431.061937652313,9240.669666089778
2026-09-01 08:43:28,7500.0,7509.5,Put GEX 2,GEX,-520297.056,7431.061937652313,9240.669666089778
2026-09-01 08:43:28,7500.0,7509.5,Call VEX 2,VEX,3148771.078,7431.061937652313,9240.669666089778
2026-09-01 08:43:28,7550.0,7559.5,Call CEX 5,CEX,889998.458,7431.061937652313,9240.669666089778
2026-09-01 08:43:28,7550.0,7559.5,Put GEX 5,GEX,-310034.301,7431.061937652313,9240.669666089778
2026-09-01 08:43:28,7600.0,7609.75,Call CEX 4,CEX,1102887.763,7431.061937652313,9240.669666089778
2026-09-01 08:43:28,7600.0,7609.75,Call DEX 5,DEX,152.631,7431.061937652313,9240.669666089778
2026-09-01 08:43:28,7600.0,7609.75,Call VEX 5,VEX,1585329.3,7431.061937652313,9240.669666089778
2026-09-01 08:43:28,7625.0,7634.75,Call CEX 3,CEX,1204119.054,7431.061937652313,9240.669666089778
2026-09-01 08:43:28,7650.0,7659.75,Put GEX 3,GEX,-363411.4,7431.061937652313,9240.669666089778
2026-09-01 08:43:28,7675.0,7684.75,Put CEX 2,CEX,-2114792.132,7431.061937652313,9240.669666089778
2026-09-01 08:43:28,7690.0,7699.75,Put CEX 4,CEX,-1395082.426,7431.061937652313,9240.669666089778
2026-09-01 08:43:28,7700.0,7709.75,Put CEX 3,CEX,-1882353.482,7431.061937652313,9240.669666089778
2026-09-01 08:43:28,7700.0,7709.75,Put DEX 2,DEX,-118.613,7431.061937652313,9240.669666089778
2026-09-01 08:43:28,7750.0,7759.75,Put CEX 5,CEX,-1352308.413,7431.061937652313,9240.669666089778
2026-09-01 08:43:28,7750.0,7759.75,Put DEX 4,DEX,-51.019,7431.061937652313,9240.669666089778
2026-09-01 08:43:28,7750.0,7759.75,Call GEX 3,GEX,336870.46,7431.061937652313,9240.669666089778
2026-09-01 08:43:28,7750.0,7759.75,Put VEX 4,VEX,-908366.837,7431.061937652313,9240.669666089778
2026-09-01 08:43:28,7780.0,7790.0,Put DEX 5,DEX,-35.42,7431.061937652313,9240.669666089778
2026-09-01 08:43:28,7800.0,7810.0,Call GEX 1,GEX,605849.848,7431.061937652313,9240.669666089778
2026-09-01 08:43:28,7800.0,7810.0,Put VEX 2,VEX,-1575986.141,7431.061937652313,9240.669666089778
2026-09-01 08:43:28,7850.0,7860.0,Call GEX 4,GEX,320649.832,7431.061937652313,9240.669666089778
2026-09-01 08:43:28,7850.0,7860.0,Put VEX 5,VEX,-607334.787,7431.061937652313,9240.669666089778
2026-09-01 08:43:28,7900.0,7910.0,Call GEX 2,GEX,434672.01,7431.061937652313,9240.669666089778
2026-09-01 08:43:28,7900.0,7910.0,Put VEX 3,VEX,-1009125.518,7431.061937652313,9240.669666089778
2026-09-01 08:43:28,7950.0,7960.0,Call GEX 5,GEX,191689.751,7431.061937652313,9240.669666089778
2026-09-01 08:43:28,8000.0,8010.25,Put CEX 1,CEX,-3325327.676,7431.061937652313,9240.669666089778
2026-09-01 08:43:28,8000.0,8010.25,Put DEX 1,DEX,-2467.578,7431.061937652313,9240.669666089778
2026-09-01 08:43:28,8000.0,8010.25,Put GEX 4,GEX,-325625.128,7431.061937652313,9240.669666089778
2026-09-01 08:43:28,8000.0,8010.25,Put VEX 1,VEX,-10690097.314,7431.061937652313,9240.669666089778
2026-09-01 08:44:15,7000.0,7008.75,Call CEX 1,CEX,1247416.938,7429.735724686515,9240.061008916804
2026-09-01 08:44:15,7000.0,7008.75,Put DEX 3,DEX,-66.89,7429.735724686515,9240.061008916804
2026-09-01 08:44:15,7000.0,7008.75,Put GEX 1,GEX,-722763.225,7429.735724686515,9240.061008916804
2026-09-01 08:44:15,7000.0,7008.75,Call VEX 1,VEX,5540579.001,7429.735724686515,9240.061008916804
2026-09-01 08:44:15,7300.0,7309.25,Call DEX 1,DEX,282.897,7429.735724686515,9240.061008916804
2026-09-01 08:44:15,7400.0,7409.25,Call DEX 3,DEX,242.108,7429.735724686515,9240.061008916804
2026-09-01 08:44:15,7400.0,7409.25,Call VEX 3,VEX,2076069.988,7429.735724686515,9240.061008916804
2026-09-01 08:44:15,7450.0,7459.25,Call DEX 2,DEX,242.288,7429.735724686515,9240.061008916804
2026-09-01 08:44:15,7450.0,7459.25,Call VEX 4,VEX,1877448.045,7429.735724686515,9240.061008916804
2026-09-01 08:44:15,7500.0,7509.5,Call CEX 2,CEX,1231450.94,7429.735724686515,9240.061008916804
2026-09-01 08:44:15,7500.0,7509.5,Call DEX 4,DEX,222.848,7429.735724686515,9240.061008916804
2026-09-01 08:44:15,7500.0,7509.5,Put GEX 2,GEX,-521776.222,7429.735724686515,9240.061008916804
2026-09-01 08:44:15,7500.0,7509.5,Call VEX 2,VEX,3145498.015,7429.735724686515,9240.061008916804
2026-09-01 08:44:15,7550.0,7559.5,Call CEX 5,CEX,892117.012,7429.735724686515,9240.061008916804
2026-09-01 08:44:15,7550.0,7559.5,Put GEX 5,GEX,-309092.126,7429.735724686515,9240.061008916804
2026-09-01 08:44:15,7600.0,7609.5,Call CEX 3,CEX,1102215.836,7429.735724686515,9240.061008916804
2026-09-01 08:44:15,7600.0,7609.5,Call DEX 5,DEX,153.18,7429.735724686515,9240.061008916804
2026-09-01 08:44:15,7600.0,7609.5,Call VEX 5,VEX,1587750.395,7429.735724686515,9240.061008916804
2026-09-01 08:44:15,7625.0,7634.5,Call CEX 4,CEX,1024982.821,7429.735724686515,9240.061008916804
2026-09-01 08:44:15,7650.0,7659.5,Put GEX 3,GEX,-339921.246,7429.735724686515,9240.061008916804
2026-09-01 08:44:15,7675.0,7684.5,Put CEX 2,CEX,-2081425.904,7429.735724686515,9240.061008916804
2026-09-01 08:44:15,7690.0,7699.75,Put CEX 4,CEX,-1459240.825,7429.735724686515,9240.061008916804
2026-09-01 08:44:15,7700.0,7709.75,Put CEX 3,CEX,-1950081.72,7429.735724686515,9240.061008916804
2026-09-01 08:44:15,7700.0,7709.75,Put DEX 2,DEX,-117.656,7429.735724686515,9240.061008916804
2026-09-01 08:44:15,7750.0,7759.75,Put CEX 5,CEX,-1402046.149,7429.735724686515,9240.061008916804
2026-09-01 08:44:15,7750.0,7759.75,Put DEX 4,DEX,-50.571,7429.735724686515,9240.061008916804
2026-09-01 08:44:15,7750.0,7759.75,Call GEX 3,GEX,335944.986,7429.735724686515,9240.061008916804
2026-09-01 08:44:15,7750.0,7759.75,Put VEX 4,VEX,-909519.998,7429.735724686515,9240.061008916804
2026-09-01 08:44:15,7780.0,7789.75,Put DEX 5,DEX,-35.377,7429.735724686515,9240.061008916804
2026-09-01 08:44:15,7800.0,7809.75,Call GEX 1,GEX,606570.47,7429.735724686515,9240.061008916804
2026-09-01 08:44:15,7800.0,7809.75,Put VEX 2,VEX,-1576231.081,7429.735724686515,9240.061008916804
2026-09-01 08:44:15,7850.0,7859.75,Call GEX 4,GEX,320843.326,7429.735724686515,9240.061008916804
2026-09-01 08:44:15,7850.0,7859.75,Put VEX 5,VEX,-607480.966,7429.735724686515,9240.061008916804
2026-09-01 08:44:15,7900.0,7910.0,Call GEX 2,GEX,435026.448,7429.735724686515,9240.061008916804
2026-09-01 08:44:15,7900.0,7910.0,Put VEX 3,VEX,-1009060.869,7429.735724686515,9240.061008916804
2026-09-01 08:44:15,7950.0,7960.0,Call GEX 5,GEX,191641.952,7429.735724686515,9240.061008916804
2026-09-01 08:44:15,8000.0,8010.0,Put CEX 1,CEX,-3339032.914,7429.735724686515,9240.061008916804
2026-09-01 08:44:15,8000.0,8010.0,Put DEX 1,DEX,-2461.542,7429.735724686515,9240.061008916804
2026-09-01 08:44:15,8000.0,8010.0,Put GEX 4,GEX,-332772.871,7429.735724686515,9240.061008916804
2026-09-01 08:44:15,8000.0,8010.0,Put VEX 1,VEX,-10715457.649,7429.735724686515,9240.061008916804
2026-09-01 08:45:02,7000.0,7009.25,Call CEX 1,CEX,1243669.217,7426.315200336487,9241.332790813329
2026-09-01 08:45:02,7000.0,7009.25,Put DEX 3,DEX,-66.244,7426.315200336487,9241.332790813329
2026-09-01 08:45:02,7000.0,7009.25,Put GEX 1,GEX,-718552.167,7426.315200336487,9241.332790813329
2026-09-01 08:45:02,7000.0,7009.25,Call VEX 1,VEX,5535642.536,7426.315200336487,9241.332790813329
2026-09-01 08:45:02,7300.0,7309.75,Call DEX 1,DEX,281.152,7426.315200336487,9241.332790813329
2026-09-01 08:45:02,7400.0,7409.75,Call DEX 3,DEX,241.718,7426.315200336487,9241.332790813329
2026-09-01 08:45:02,7400.0,7409.75,Call VEX 3,VEX,2083734.378,7426.315200336487,9241.332790813329
2026-09-01 08:45:02,7450.0,7460.0,Call DEX 2,DEX,242.096,7426.315200336487,9241.332790813329
2026-09-01 08:45:02,7450.0,7460.0,Call VEX 4,VEX,1879680.502,7426.315200336487,9241.332790813329
2026-09-01 08:45:02,7500.0,7510.0,Call CEX 2,CEX,1231566.696,7426.315200336487,9241.332790813329
2026-09-01 08:45:02,7500.0,7510.0,Call DEX 4,DEX,223.243,7426.315200336487,9241.332790813329
2026-09-01 08:45:02,7500.0,7510.0,Put GEX 2,GEX,-522349.23,7426.315200336487,9241.332790813329
2026-09-01 08:45:02,7500.0,7510.0,Call VEX 2,VEX,3148640.059,7426.315200336487,9241.332790813329
2026-09-01 08:45:02,7550.0,7560.0,Put GEX 5,GEX,-309907.2,7426.315200336487,9241.332790813329
2026-09-01 08:45:02,7600.0,7610.25,Call CEX 4,CEX,1133539.934,7426.315200336487,9241.332790813329
2026-09-01 08:45:02,7600.0,7610.25,Call DEX 5,DEX,160.98,7426.315200336487,9241.332790813329
2026-09-01 08:45:02,7600.0,7610.25,Call VEX 5,VEX,1598250.655,7426.315200336487,9241.332790813329
2026-09-01 08:45:02,7625.0,7635.25,Call CEX 3,CEX,1204448.813,7426.315200336487,9241.332790813329
2026-09-01 08:45:02,7650.0,7660.25,Call CEX 5,CEX,920553.763,7426.315200336487,9241.332790813329
2026-09-01 08:45:02,7650.0,7660.25,Put GEX 3,GEX,-362645.33,7426.315200336487,9241.332790813329
2026-09-01 08:45:02,7675.0,7685.25,Put CEX 2,CEX,-2098889.511,7426.315200336487,9241.332790813329
2026-09-01 08:45:02,7690.0,7700.25,Put CEX 4,CEX,-1399873.023,7426.315200336487,9241.332790813329
2026-09-01 08:45:02,7700.0,7710.25,Put CEX 3,CEX,-1843807.39,7426.315200336487,9241.332790813329
2026-09-01 08:45:02,7700.0,7710.25,Put DEX 2,DEX,-116.429,7426.315200336487,9241.332790813329
2026-09-01 08:45:02,7750.0,7760.25,Put CEX 5,CEX,-1316600.047,7426.315200336487,9241.332790813329
2026-09-01 08:45:02,7750.0,7760.25,Put DEX 4,DEX,-50.102,7426.315200336487,9241.332790813329
2026-09-01 08:45:02,7750.0,7760.25,Call GEX 3,GEX,338113.986,7426.315200336487,9241.332790813329
2026-09-01 08:45:02,7750.0,7760.25,Put VEX 4,VEX,-900945.831,7426.315200336487,9241.332790813329
2026-09-01 08:45:02,7780.0,7790.25,Put DEX 5,DEX,-35.205,7426.315200336487,9241.332790813329
2026-09-01 08:45:02,7800.0,7810.5,Call GEX 1,GEX,607469.357,7426.315200336487,9241.332790813329
2026-09-01 08:45:02,7800.0,7810.5,Put VEX 2,VEX,-1572455.076,7426.315200336487,9241.332790813329
2026-09-01 08:45:02,7850.0,7860.5,Call GEX 4,GEX,322543.866,7426.315200336487,9241.332790813329
2026-09-01 08:45:02,7850.0,7860.5,Put VEX 5,VEX,-607751.954,7426.315200336487,9241.332790813329
2026-09-01 08:45:02,7900.0,7910.5,Call GEX 2,GEX,436283.037,7426.315200336487,9241.332790813329
2026-09-01 08:45:02,7900.0,7910.5,Put VEX 3,VEX,-1009811.759,7426.315200336487,9241.332790813329
2026-09-01 08:45:02,7950.0,7960.5,Call GEX 5,GEX,192480.496,7426.315200336487,9241.332790813329
2026-09-01 08:45:02,8000.0,8010.75,Put CEX 1,CEX,-3320549.318,7426.315200336487,9241.332790813329
2026-09-01 08:45:02,8000.0,8010.75,Put DEX 1,DEX,-2469.348,7426.315200336487,9241.332790813329
2026-09-01 08:45:02,8000.0,8010.75,Put GEX 4,GEX,-324221.44,7426.315200336487,9241.332790813329
2026-09-01 08:45:02,8000.0,8010.75,Put VEX 1,VEX,-10689553.377,7426.315200336487,9241.332790813329
2026-09-01 08:45:50,7000.0,7009.0,Call CEX 1,CEX,1243368.41,7426.985690645302,9239.834983398823
2026-09-01 08:45:50,7000.0,7009.0,Put DEX 3,DEX,-65.903,7426.985690645302,9239.834983398823
2026-09-01 08:45:50,7000.0,7009.0,Put GEX 1,GEX,-718469.278,7426.985690645302,9239.834983398823
2026-09-01 08:45:50,7000.0,7009.0,Call VEX 1,VEX,5531835.566,7426.985690645302,9239.834983398823
2026-09-01 08:45:50,7300.0,7309.25,Call DEX 1,DEX,281.721,7426.985690645302,9239.834983398823
2026-09-01 08:45:50,7400.0,7409.5,Call DEX 3,DEX,242.296,7426.985690645302,9239.834983398823
2026-09-01 08:45:50,7400.0,7409.5,Call VEX 3,VEX,2081663.726,7426.985690645302,9239.834983398823
2026-09-01 08:45:50,7450.0,7459.5,Call DEX 2,DEX,242.461,7426.985690645302,9239.834983398823
2026-09-01 08:45:50,7450.0,7459.5,Call VEX 4,VEX,1882592.243,7426.985690645302,9239.834983398823
2026-09-01 08:45:50,7500.0,7509.5,Call CEX 2,CEX,1233603.909,7426.985690645302,9239.834983398823
2026-09-01 08:45:50,7500.0,7509.5,Call DEX 4,DEX,224.603,7426.985690645302,9239.834983398823
2026-09-01 08:45:50,7500.0,7509.5,Put GEX 2,GEX,-521539.33,7426.985690645302,9239.834983398823
2026-09-01 08:45:50,7500.0,7509.5,Call VEX 2,VEX,3152191.957,7426.985690645302,9239.834983398823
2026-09-01 08:45:50,7550.0,7559.75,Put GEX 5,GEX,-309275.12,7426.985690645302,9239.834983398823
2026-09-01 08:45:50,7600.0,7609.75,Call CEX 3,CEX,1108673.585,7426.985690645302,9239.834983398823
2026-09-01 08:45:50,7600.0,7609.75,Call DEX 5,DEX,155.617,7426.985690645302,9239.834983398823
2026-09-01 08:45:50,7600.0,7609.75,Call VEX 5,VEX,1603149.972,7426.985690645302,9239.834983398823
2026-09-01 08:45:50,7625.0,7634.75,Call CEX 4,CEX,1004404.972,7426.985690645302,9239.834983398823
2026-09-01 08:45:50,7650.0,7659.75,Call CEX 5,CEX,970200.765,7426.985690645302,9239.834983398823
2026-09-01 08:45:50,7650.0,7659.75,Put GEX 3,GEX,-352357.081,7426.985690645302,9239.834983398823
2026-09-01 08:45:50,7675.0,7684.75,Put CEX 2,CEX,-2081335.501,7426.985690645302,9239.834983398823
2026-09-01 08:45:50,7690.0,7699.75,Put CEX 4,CEX,-1449882.43,7426.985690645302,9239.834983398823
2026-09-01 08:45:50,7700.0,7709.75,Put CEX 3,CEX,-1923463.071,7426.985690645302,9239.834983398823
2026-09-01 08:45:50,7700.0,7709.75,Put DEX 2,DEX,-114.858,7426.985690645302,9239.834983398823
2026-09-01 08:45:50,7750.0,7760.0,Put CEX 5,CEX,-1381326.082,7426.985690645302,9239.834983398823
2026-09-01 08:45:50,7750.0,7760.0,Put DEX 4,DEX,-49.121,7426.985690645302,9239.834983398823
2026-09-01 08:45:50,7750.0,7760.0,Call GEX 3,GEX,336685.881,7426.985690645302,9239.834983398823
2026-09-01 08:45:50,7750.0,7760.0,Put VEX 4,VEX,-900420.226,7426.985690645302,9239.834983398823
2026-09-01 08:45:50,7780.0,7790.0,Put DEX 5,DEX,-35.04,7426.985690645302,9239.834983398823
2026-09-01 08:45:50,7800.0,7810.0,Call GEX 1,GEX,609295.183,7426.985690645302,9239.834983398823
2026-09-01 08:45:50,7800.0,7810.0,Put VEX 2,VEX,-1569938.315,7426.985690645302,9239.834983398823
2026-09-01 08:45:50,7850.0,7860.0,Call GEX 4,GEX,323157.476,7426.985690645302,9239.834983398823
2026-09-01 08:45:50,7850.0,7860.0,Put VEX 5,VEX,-607742.452,7426.985690645302,9239.834983398823
2026-09-01 08:45:50,7900.0,7910.0,Call GEX 2,GEX,437421.326,7426.985690645302,9239.834983398823
2026-09-01 08:45:50,7900.0,7910.0,Put VEX 3,VEX,-1010293.936,7426.985690645302,9239.834983398823
2026-09-01 08:45:50,7950.0,7960.25,Call GEX 5,GEX,192846.163,7426.985690645302,9239.834983398823
2026-09-01 08:45:50,8000.0,8010.25,Put CEX 1,CEX,-3331106.238,7426.985690645302,9239.834983398823
2026-09-01 08:45:50,8000.0,8010.25,Put DEX 1,DEX,-2465.906,7426.985690645302,9239.834983398823
2026-09-01 08:45:50,8000.0,8010.25,Put GEX 4,GEX,-326518.093,7426.985690645302,9239.834983398823
2026-09-01 08:45:50,8000.0,8010.25,Put VEX 1,VEX,-10700601.644,7426.985690645302,9239.834983398823
2026-09-01 08:46:40,7000.0,7009.0,Call CEX 1,CEX,1243005.102,7412.415293658904,9238.295673479486
2026-09-01 08:46:40,7000.0,7009.0,Put DEX 3,DEX,-65.547,7412.415293658904,9238.295673479486
2026-09-01 08:46:40,7000.0,7009.0,Put GEX 1,GEX,-717699.7,7412.415293658904,9238.295673479486
2026-09-01 08:46:40,7000.0,7009.0,Call VEX 1,VEX,5529454.177,7412.415293658904,9238.295673479486
2026-09-01 08:46:40,7300.0,7309.25,Call DEX 1,DEX,282.803,7412.415293658904,9238.295673479486
2026-09-01 08:46:40,7400.0,7409.5,Call DEX 2,DEX,243.981,7412.415293658904,9238.295673479486
2026-09-01 08:46:40,7400.0,7409.5,Call VEX 3,VEX,2077947.674,7412.415293658904,9238.295673479486
2026-09-01 08:46:40,7450.0,7459.5,Call DEX 3,DEX,242.188,7412.415293658904,9238.295673479486
2026-09-01 08:46:40,7450.0,7459.5,Call VEX 4,VEX,1880799.726,7412.415293658904,9238.295673479486
2026-09-01 08:46:40,7500.0,7509.5,Call CEX 2,CEX,1232798.84,7412.415293658904,9238.295673479486
2026-09-01 08:46:40,7500.0,7509.5,Call DEX 4,DEX,226.312,7412.415293658904,9238.295673479486
2026-09-01 08:46:40,7500.0,7509.5,Put GEX 2,GEX,-520115.486,7412.415293658904,9238.295673479486
2026-09-01 08:46:40,7500.0,7509.5,Call VEX 2,VEX,3155581.173,7412.415293658904,9238.295673479486
2026-09-01 08:46:40,7550.0,7559.5,Put GEX 5,GEX,-307115.587,7412.415293658904,9238.295673479486
2026-09-01 08:46:40,7600.0,7609.75,Call CEX 3,CEX,1110863.825,7412.415293658904,9238.295673479486
2026-09-01 08:46:40,7600.0,7609.75,Call DEX 5,DEX,157.22,7412.415293658904,9238.295673479486
2026-09-01 08:46:40,7600.0,7609.75,Call VEX 5,VEX,1612559.577,7412.415293658904,9238.295673479486
2026-09-01 08:46:40,7625.0,7634.75,Call CEX 5,CEX,996857.895,7412.415293658904,9238.295673479486
2026-09-01 08:46:40,7650.0,7659.75,Call CEX 4,CEX,1019719.305,7412.415293658904,9238.295673479486
2026-09-01 08:46:40,7650.0,7659.75,Put GEX 3,GEX,-346930.7,7412.415293658904,9238.295673479486
2026-09-01 08:46:40,7675.0,7684.75,Put CEX 2,CEX,-2064702.121,7412.415293658904,9238.295673479486
2026-09-01 08:46:40,7690.0,7699.75,Put CEX 4,CEX,-1466876.264,7412.415293658904,9238.295673479486
2026-09-01 08:46:40,7700.0,7709.75,Put CEX 3,CEX,-1922048.836,7412.415293658904,9238.295673479486
2026-09-01 08:46:40,7700.0,7709.75,Put DEX 2,DEX,-113.165,7412.415293658904,9238.295673479486
2026-09-01 08:46:40,7750.0,7759.75,Put CEX 5,CEX,-1386291.45,7412.415293658904,9238.295673479486
2026-09-01 08:46:40,7750.0,7759.75,Put DEX 4,DEX,-48.188,7412.415293658904,9238.295673479486
2026-09-01 08:46:40,7750.0,7759.75,Call GEX 3,GEX,338603.248,7412.415293658904,9238.295673479486
2026-09-01 08:46:40,7750.0,7759.75,Put VEX 4,VEX,-895667.05,7412.415293658904,9238.295673479486
2026-09-01 08:46:40,7780.0,7790.0,Put DEX 5,DEX,-34.752,7412.415293658904,9238.295673479486
2026-09-01 08:46:40,7800.0,7810.0,Call GEX 1,GEX,612412.391,7412.415293658904,9238.295673479486
2026-09-01 08:46:40,7800.0,7810.0,Put VEX 2,VEX,-1565480.274,7412.415293658904,9238.295673479486
2026-09-01 08:46:40,7850.0,7860.0,Call GEX 4,GEX,324277.435,7412.415293658904,9238.295673479486
2026-09-01 08:46:40,7850.0,7860.0,Put VEX 5,VEX,-607770.887,7412.415293658904,9238.295673479486
2026-09-01 08:46:40,7900.0,7910.0,Call GEX 2,GEX,438853.848,7412.415293658904,9238.295673479486
2026-09-01 08:46:40,7900.0,7910.0,Put VEX 3,VEX,-1010919.642,7412.415293658904,9238.295673479486
2026-09-01 08:46:40,7950.0,7960.0,Call GEX 5,GEX,193595.649,7412.415293658904,9238.295673479486
2026-09-01 08:46:40,8000.0,8010.25,Put CEX 1,CEX,-3345601.099,7412.415293658904,9238.295673479486
2026-09-01 08:46:40,8000.0,8010.25,Put DEX 1,DEX,-2462.069,7412.415293658904,9238.295673479486
2026-09-01 08:46:40,8000.0,8010.25,Put GEX 4,GEX,-324213.772,7412.415293658904,9238.295673479486
2026-09-01 08:46:40,8000.0,8010.25,Put VEX 1,VEX,-10725303.146,7412.415293658904,9238.295673479486
2026-09-01 08:47:28,7000.0,7009.25,Call CEX 1,CEX,1237621.231,7401.405300548915,9236.209895559112
2026-09-01 08:47:28,7000.0,7009.25,Put DEX 3,DEX,-63.501,7401.405300548915,9236.209895559112
2026-09-01 08:47:28,7000.0,7009.25,Put GEX 1,GEX,-714159.851,7401.405300548915,9236.209895559112
2026-09-01 08:47:28,7000.0,7009.25,Call VEX 1,VEX,5506242.13,7401.405300548915,9236.209895559112
2026-09-01 08:47:28,7300.0,7309.75,Call DEX 1,DEX,282.783,7401.405300548915,9236.209895559112
2026-09-01 08:47:28,7400.0,7409.75,Call DEX 2,DEX,244.466,7401.405300548915,9236.209895559112
2026-09-01 08:47:28,7400.0,7409.75,Call VEX 3,VEX,2079673.597,7401.405300548915,9236.209895559112
2026-09-01 08:47:28,7450.0,7459.75,Call DEX 3,DEX,243.601,7401.405300548915,9236.209895559112
2026-09-01 08:47:28,7450.0,7459.75,Call VEX 4,VEX,1881243.409,7401.405300548915,9236.209895559112
2026-09-01 08:47:28,7500.0,7510.0,Call CEX 2,CEX,1234792.452,7401.405300548915,9236.209895559112
2026-09-01 08:47:28,7500.0,7510.0,Call DEX 4,DEX,229.4,7401.405300548915,9236.209895559112
2026-09-01 08:47:28,7500.0,7510.0,Put GEX 2,GEX,-517231.258,7401.405300548915,9236.209895559112
2026-09-01 08:47:28,7500.0,7510.0,Call VEX 2,VEX,3165387.872,7401.405300548915,9236.209895559112
2026-09-01 08:47:28,7550.0,7560.0,Put GEX 5,GEX,-304567.543,7401.405300548915,9236.209895559112
2026-09-01 08:47:28,7600.0,7610.0,Call CEX 5,CEX,1115813.638,7401.405300548915,9236.209895559112
2026-09-01 08:47:28,7600.0,7610.0,Call DEX 5,DEX,161.286,7401.405300548915,9236.209895559112
2026-09-01 08:47:28,7600.0,7610.0,Call VEX 5,VEX,1637492.542,7401.405300548915,9236.209895559112
2026-09-01 08:47:28,7625.0,7635.0,Call CEX 4,CEX,1133838.582,7401.405300548915,9236.209895559112
2026-09-01 08:47:28,7650.0,7660.0,Call CEX 3,CEX,1159156.72,7401.405300548915,9236.209895559112
2026-09-01 08:47:28,7650.0,7660.0,Put GEX 3,GEX,-345615.32,7401.405300548915,9236.209895559112
2026-09-01 08:47:28,7675.0,7685.25,Put CEX 2,CEX,-1952835.739,7401.405300548915,9236.209895559112
2026-09-01 08:47:28,7690.0,7700.25,Put CEX 4,CEX,-1503583.237,7401.405300548915,9236.209895559112
2026-09-01 08:47:28,7700.0,7710.25,Put CEX 3,CEX,-1938674.765,7401.405300548915,9236.209895559112
2026-09-01 08:47:28,7700.0,7710.25,Put DEX 2,DEX,-107.409,7401.405300548915,9236.209895559112
2026-09-01 08:47:28,7750.0,7760.25,Put CEX 5,CEX,-1363025.843,7401.405300548915,9236.209895559112
2026-09-01 08:47:28,7750.0,7760.25,Put DEX 4,DEX,-44.943,7401.405300548915,9236.209895559112
2026-09-01 08:47:28,7750.0,7760.25,Call GEX 3,GEX,342604.565,7401.405300548915,9236.209895559112
2026-09-01 08:47:28,7750.0,7760.25,Put VEX 4,VEX,-877069.536,7401.405300548915,9236.209895559112
2026-09-01 08:47:28,7780.0,7790.25,Put DEX 5,DEX,-33.958,7401.405300548915,9236.209895559112
2026-09-01 08:47:28,7800.0,7810.25,Call GEX 1,GEX,617942.817,7401.405300548915,9236.209895559112
2026-09-01 08:47:28,7800.0,7810.25,Put VEX 2,VEX,-1554475.84,7401.405300548915,9236.209895559112
2026-09-01 08:47:28,7850.0,7860.5,Call GEX 4,GEX,327844.035,7401.405300548915,9236.209895559112
2026-09-01 08:47:28,7850.0,7860.5,Put VEX 5,VEX,-606721.546,7401.405300548915,9236.209895559112
2026-09-01 08:47:28,7900.0,7910.5,Call GEX 2,GEX,443688.102,7401.405300548915,9236.209895559112
2026-09-01 08:47:28,7900.0,7910.5,Put VEX 3,VEX,-1012674.733,7401.405300548915,9236.209895559112
2026-09-01 08:47:28,7950.0,7960.5,Call GEX 5,GEX,195999.254,7401.405300548915,9236.209895559112
2026-09-01 08:47:28,8000.0,8010.5,Put CEX 1,CEX,-3359243.935,7401.405300548915,9236.209895559112
2026-09-01 08:47:28,8000.0,8010.5,Put DEX 1,DEX,-2459.095,7401.405300548915,9236.209895559112
2026-09-01 08:47:28,8000.0,8010.5,Put GEX 4,GEX,-310642.731,7401.405300548915,9236.209895559112
2026-09-01 08:47:28,8000.0,8010.5,Put VEX 1,VEX,-10753347.361,7401.405300548915,9236.209895559112
2026-09-01 08:48:16,7000.0,7009.0,Call CEX 1,CEX,1237270.411,7395.017500447759,9234.40254353019
2026-09-01 08:48:16,7000.0,7009.0,Put DEX 3,DEX,-63.208,7395.017500447759,9234.40254353019
2026-09-01 08:48:16,7000.0,7009.0,Put GEX 1,GEX,-713687.876,7395.017500447759,9234.40254353019
2026-09-01 08:48:16,7000.0,7009.0,Call VEX 1,VEX,5503075.104,7395.017500447759,9234.40254353019
2026-09-01 08:48:16,7300.0,7309.25,Call DEX 1,DEX,284.297,7395.017500447759,9234.40254353019
2026-09-01 08:48:16,7400.0,7409.5,Call DEX 2,DEX,245.451,7395.017500447759,9234.40254353019
2026-09-01 08:48:16,7400.0,7409.5,Call VEX 3,VEX,2076604.285,7395.017500447759,9234.40254353019
2026-09-01 08:48:16,7450.0,7459.5,Call DEX 3,DEX,244.395,7395.017500447759,9234.40254353019
2026-09-01 08:48:16,7450.0,7459.5,Call VEX 4,VEX,1880435.88,7395.017500447759,9234.40254353019
2026-09-01 08:48:16,7500.0,7509.5,Call CEX 2,CEX,1234115.851,7395.017500447759,9234.40254353019
2026-09-01 08:48:16,7500.0,7509.5,Call DEX 4,DEX,231.179,7395.017500447759,9234.40254353019
2026-09-01 08:48:16,7500.0,7509.5,Put GEX 2,GEX,-516069.108,7395.017500447759,9234.40254353019
2026-09-01 08:48:16,7500.0,7509.5,Call VEX 2,VEX,3168300.888,7395.017500447759,9234.40254353019
2026-09-01 08:48:16,7550.0,7559.75,Put GEX 5,GEX,-305077.512,7395.017500447759,9234.40254353019
2026-09-01 08:48:16,7600.0,7609.75,Call CEX 4,CEX,1116864.06,7395.017500447759,9234.40254353019
2026-09-01 08:48:16,7600.0,7609.75,Call DEX 5,DEX,163.188,7395.017500447759,9234.40254353019
2026-09-01 08:48:16,7600.0,7609.75,Call VEX 5,VEX,1648195.614,7395.017500447759,9234.40254353019
2026-09-01 08:48:16,7625.0,7634.75,Call CEX 5,CEX,975195.038,7395.017500447759,9234.40254353019
2026-09-01 08:48:16,7650.0,7659.75,Call CEX 3,CEX,1203632.552,7395.017500447759,9234.40254353019
2026-09-01 08:48:16,7650.0,7659.75,Put GEX 3,GEX,-330946.139,7395.017500447759,9234.40254353019
2026-09-01 08:48:16,7675.0,7684.75,Put CEX 3,CEX,-1895037.932,7395.017500447759,9234.40254353019
2026-09-01 08:48:16,7690.0,7699.75,Put CEX 4,CEX,-1539534.393,7395.017500447759,9234.40254353019
2026-09-01 08:48:16,7700.0,7709.75,Put CEX 2,CEX,-1973607.614,7395.017500447759,9234.40254353019
2026-09-01 08:48:16,7700.0,7709.75,Put DEX 2,DEX,-105.374,7395.017500447759,9234.40254353019
2026-09-01 08:48:16,7750.0,7760.0,Put CEX 5,CEX,-1400356.725,7395.017500447759,9234.40254353019
2026-09-01 08:48:16,7750.0,7760.0,Put DEX 4,DEX,-43.744,7395.017500447759,9234.40254353019
2026-09-01 08:48:16,7750.0,7760.0,Call GEX 3,GEX,345023.29,7395.017500447759,9234.40254353019
2026-09-01 08:48:16,7750.0,7760.0,Put VEX 4,VEX,-873635.746,7395.017500447759,9234.40254353019
2026-09-01 08:48:16,7780.0,7790.0,Put DEX 5,DEX,-33.64,7395.017500447759,9234.40254353019
2026-09-01 08:48:16,7800.0,7810.0,Call GEX 1,GEX,622383.313,7395.017500447759,9234.40254353019
2026-09-01 08:48:16,7800.0,7810.0,Put VEX 2,VEX,-1550831.577,7395.017500447759,9234.40254353019
2026-09-01 08:48:16,7850.0,7860.0,Call GEX 4,GEX,329067.138,7395.017500447759,9234.40254353019
2026-09-01 08:48:16,7850.0,7860.0,Put VEX 5,VEX,-606754.284,7395.017500447759,9234.40254353019
2026-09-01 08:48:16,7900.0,7910.0,Call GEX 2,GEX,445235.053,7395.017500447759,9234.40254353019
2026-09-01 08:48:16,7900.0,7910.0,Put VEX 3,VEX,-1012545.703,7395.017500447759,9234.40254353019
2026-09-01 08:48:16,7950.0,7960.25,Call GEX 5,GEX,196524.568,7395.017500447759,9234.40254353019
2026-09-01 08:48:16,8000.0,8010.25,Put CEX 1,CEX,-3369791.437,7395.017500447759,9234.40254353019
2026-09-01 08:48:16,8000.0,8010.25,Put DEX 1,DEX,-2451.75,7395.017500447759,9234.40254353019
2026-09-01 08:48:16,8000.0,8010.25,Put GEX 4,GEX,-314674.118,7395.017500447759,9234.40254353019
2026-09-01 08:48:16,8000.0,8010.25,Put VEX 1,VEX,-10772704.563,7395.017500447759,9234.40254353019
2026-09-01 08:49:03,7000.0,7008.75,Call CEX 1,CEX,1237656.685,7400.881944541837,9237.855702019737
2026-09-01 08:49:03,7000.0,7008.75,Put DEX 3,DEX,-63.441,7400.881944541837,9237.855702019737
2026-09-01 08:49:03,7000.0,7008.75,Put GEX 1,GEX,-714047.618,7400.881944541837,9237.855702019737
2026-09-01 08:49:03,7000.0,7008.75,Call VEX 1,VEX,5505642.497,7400.881944541837,9237.855702019737
2026-09-01 08:49:03,7300.0,7309.0,Call DEX 1,DEX,284.974,7400.881944541837,9237.855702019737
2026-09-01 08:49:03,7400.0,7409.25,Call DEX 2,DEX,245.737,7400.881944541837,9237.855702019737
2026-09-01 08:49:03,7400.0,7409.25,Call VEX 3,VEX,2070957.285,7400.881944541837,9237.855702019737
2026-09-01 08:49:03,7450.0,7459.25,Call DEX 3,DEX,244.426,7400.881944541837,9237.855702019737
2026-09-01 08:49:03,7450.0,7459.25,Call VEX 4,VEX,1879008.715,7400.881944541837,9237.855702019737
2026-09-01 08:49:03,7500.0,7509.25,Call CEX 2,CEX,1235304.126,7400.881944541837,9237.855702019737
2026-09-01 08:49:03,7500.0,7509.25,Call DEX 4,DEX,230.5,7400.881944541837,9237.855702019737
2026-09-01 08:49:03,7500.0,7509.25,Put GEX 2,GEX,-516249.471,7400.881944541837,9237.855702019737
2026-09-01 08:49:03,7500.0,7509.25,Call VEX 2,VEX,3165848.443,7400.881944541837,9237.855702019737
2026-09-01 08:49:03,7550.0,7559.25,Put GEX 5,GEX,-304798.832,7400.881944541837,9237.855702019737
2026-09-01 08:49:03,7600.0,7609.5,Call CEX 4,CEX,1089769.43,7400.881944541837,9237.855702019737
2026-09-01 08:49:03,7600.0,7609.5,Call DEX 5,DEX,162.032,7400.881944541837,9237.855702019737
2026-09-01 08:49:03,7600.0,7609.5,Call VEX 5,VEX,1639377.088,7400.881944541837,9237.855702019737
2026-09-01 08:49:03,7625.0,7634.5,Call CEX 5,CEX,978919.567,7400.881944541837,9237.855702019737
2026-09-01 08:49:03,7650.0,7659.5,Call CEX 3,CEX,1183446.659,7400.881944541837,9237.855702019737
2026-09-01 08:49:03,7650.0,7659.5,Put GEX 3,GEX,-330220.56,7400.881944541837,9237.855702019737
2026-09-01 08:49:03,7675.0,7684.5,Put CEX 3,CEX,-1942545.861,7400.881944541837,9237.855702019737
2026-09-01 08:49:03,7690.0,7699.5,Put CEX 4,CEX,-1529250.637,7400.881944541837,9237.855702019737
2026-09-01 08:49:03,7700.0,7709.5,Put CEX 2,CEX,-1993019.88,7400.881944541837,9237.855702019737
2026-09-01 08:49:03,7700.0,7709.5,Put DEX 2,DEX,-106.672,7400.881944541837,9237.855702019737
2026-09-01 08:49:03,7750.0,7759.5,Put CEX 5,CEX,-1416926.555,7400.881944541837,9237.855702019737
2026-09-01 08:49:03,7750.0,7759.5,Put DEX 4,DEX,-44.404,7400.881944541837,9237.855702019737
2026-09-01 08:49:03,7750.0,7759.5,Call GEX 3,GEX,343201.536,7400.881944541837,9237.855702019737
2026-09-01 08:49:03,7750.0,7759.5,Put VEX 4,VEX,-878170.675,7400.881944541837,9237.855702019737
2026-09-01 08:49:03,7780.0,7789.75,Put DEX 5,DEX,-33.792,7400.881944541837,9237.855702019737
2026-09-01 08:49:03,7800.0,7809.75,Call GEX 1,GEX,620101.71,7400.881944541837,9237.855702019737
2026-09-01 08:49:03,7800.0,7809.75,Put VEX 2,VEX,-1552393.752,7400.881944541837,9237.855702019737
2026-09-01 08:49:03,7850.0,7859.75,Call GEX 4,GEX,328086.365,7400.881944541837,9237.855702019737
2026-09-01 08:49:03,7850.0,7859.75,Put VEX 5,VEX,-606846.42,7400.881944541837,9237.855702019737
2026-09-01 08:49:03,7900.0,7909.75,Call GEX 2,GEX,444215.348,7400.881944541837,9237.855702019737
2026-09-01 08:49:03,7900.0,7909.75,Put VEX 3,VEX,-1012371.107,7400.881944541837,9237.855702019737
2026-09-01 08:49:03,7950.0,7959.75,Call GEX 5,GEX,196138.263,7400.881944541837,9237.855702019737
2026-09-01 08:49:03,8000.0,8010.0,Put CEX 1,CEX,-3368221.517,7400.881944541837,9237.855702019737
2026-09-01 08:49:03,8000.0,8010.0,Put DEX 1,DEX,-2451.901,7400.881944541837,9237.855702019737
2026-09-01 08:49:03,8000.0,8010.0,Put GEX 4,GEX,-315588.956,7400.881944541837,9237.855702019737
2026-09-01 08:49:03,8000.0,8010.0,Put VEX 1,VEX,-10773284.364,7400.881944541837,9237.855702019737
2026-09-01 08:49:50,7000.0,7009.25,Call CEX 1,CEX,1233718.529,7389.433080487869,9241.06669884461
2026-09-01 08:49:50,7000.0,7009.25,Put DEX 3,DEX,-62.62,7389.433080487869,9241.06669884461
2026-09-01 08:49:50,7000.0,7009.25,Put GEX 1,GEX,-710471.229,7389.433080487869,9241.06669884461
2026-09-01 08:49:50,7000.0,7009.25,Call VEX 1,VEX,5496910.835,7389.433080487869,9241.06669884461
2026-09-01 08:49:50,7300.0,7309.5,Call DEX 1,DEX,282.951,7389.433080487869,9241.06669884461
2026-09-01 08:49:50,7400.0,7409.75,Call DEX 3,DEX,245.261,7389.433080487869,9241.06669884461
2026-09-01 08:49:50,7400.0,7409.75,Call VEX 3,VEX,2080328.397,7389.433080487869,9241.06669884461
2026-09-01 08:49:50,7450.0,7459.75,Call DEX 2,DEX,245.822,7389.433080487869,9241.06669884461
2026-09-01 08:49:50,7450.0,7459.75,Call VEX 4,VEX,1881900.288,7389.433080487869,9241.06669884461
2026-09-01 08:49:50,7500.0,7509.75,Call CEX 2,CEX,1233652.894,7389.433080487869,9241.06669884461
2026-09-01 08:49:50,7500.0,7509.75,Call DEX 4,DEX,231.284,7389.433080487869,9241.06669884461
2026-09-01 08:49:50,7500.0,7509.75,Put GEX 2,GEX,-516010.919,7389.433080487869,9241.06669884461
2026-09-01 08:49:50,7500.0,7509.75,Call VEX 2,VEX,3169959.913,7389.433080487869,9241.06669884461
2026-09-01 08:49:50,7550.0,7559.75,Put GEX 5,GEX,-303179.718,7389.433080487869,9241.06669884461
2026-09-01 08:49:50,7600.0,7610.0,Call CEX 5,CEX,1066437.117,7389.433080487869,9241.06669884461
2026-09-01 08:49:50,7600.0,7610.0,Call DEX 5,DEX,163.775,7389.433080487869,9241.06669884461
2026-09-01 08:49:50,7600.0,7610.0,Call VEX 5,VEX,1649330.082,7389.433080487869,9241.06669884461
2026-09-01 08:49:50,7625.0,7635.0,Call CEX 4,CEX,1129030.786,7389.433080487869,9241.06669884461
2026-09-01 08:49:50,7650.0,7660.0,Call CEX 3,CEX,1225809.449,7389.433080487869,9241.06669884461
2026-09-01 08:49:50,7650.0,7660.0,Put GEX 3,GEX,-341581.1,7389.433080487869,9241.06669884461
2026-09-01 08:49:50,7675.0,7685.0,Put CEX 3,CEX,-1908097.12,7389.433080487869,9241.06669884461
2026-09-01 08:49:50,7690.0,7700.0,Put CEX 4,CEX,-1521660.419,7389.433080487869,9241.06669884461
2026-09-01 08:49:50,7700.0,7710.0,Put CEX 2,CEX,-1944676.153,7389.433080487869,9241.06669884461
2026-09-01 08:49:50,7700.0,7710.0,Put DEX 2,DEX,-104.936,7389.433080487869,9241.06669884461
2026-09-01 08:49:50,7750.0,7760.25,Put CEX 5,CEX,-1352721.268,7389.433080487869,9241.06669884461
2026-09-01 08:49:50,7750.0,7760.25,Put DEX 4,DEX,-43.509,7389.433080487869,9241.06669884461
2026-09-01 08:49:50,7750.0,7760.25,Call GEX 3,GEX,344137.858,7389.433080487869,9241.06669884461
2026-09-01 08:49:50,7750.0,7760.25,Put VEX 4,VEX,-869432.978,7389.433080487869,9241.06669884461
2026-09-01 08:49:50,7780.0,7790.25,Put DEX 5,DEX,-33.578,7389.433080487869,9241.06669884461
2026-09-01 08:49:50,7800.0,7810.25,Call GEX 1,GEX,620945.416,7389.433080487869,9241.06669884461
2026-09-01 08:49:50,7800.0,7810.25,Put VEX 2,VEX,-1548913.855,7389.433080487869,9241.06669884461
2026-09-01 08:49:50,7850.0,7860.25,Call GEX 4,GEX,329950.031,7389.433080487869,9241.06669884461
2026-09-01 08:49:50,7850.0,7860.25,Put VEX 5,VEX,-607071.885,7389.433080487869,9241.06669884461
2026-09-01 08:49:50,7900.0,7910.25,Call GEX 2,GEX,446261.894,7389.433080487869,9241.06669884461
2026-09-01 08:49:50,7900.0,7910.25,Put VEX 3,VEX,-1013974.629,7389.433080487869,9241.06669884461
2026-09-01 08:49:50,7950.0,7960.5,Call GEX 5,GEX,197383.159,7389.433080487869,9241.06669884461
2026-09-01 08:49:50,8000.0,8010.5,Put CEX 1,CEX,-3363746.616,7389.433080487869,9241.06669884461
2026-09-01 08:49:50,8000.0,8010.5,Put DEX 1,DEX,-2455.663,7389.433080487869,9241.06669884461
2026-09-01 08:49:50,8000.0,8010.5,Put GEX 4,GEX,-304543.845,7389.433080487869,9241.06669884461
2026-09-01 08:49:50,8000.0,8010.5,Put VEX 1,VEX,-10772494.063,7389.433080487869,9241.06669884461
2026-09-01 08:50:38,7000.0,7008.75,Call CEX 2,CEX,1234367.622,7401.201391526587,9243.97080643825
2026-09-01 08:50:38,7000.0,7008.75,Put DEX 3,DEX,-62.824,7401.201391526587,9243.97080643825
2026-09-01 08:50:38,7000.0,7008.75,Put GEX 1,GEX,-713106.355,7401.201391526587,9243.97080643825
2026-09-01 08:50:38,7000.0,7008.75,Call VEX 1,VEX,5494399.459,7401.201391526587,9243.97080643825
2026-09-01 08:50:38,7300.0,7309.0,Call DEX 1,DEX,284.361,7401.201391526587,9243.97080643825
2026-09-01 08:50:38,7400.0,7409.25,Call DEX 3,DEX,244.975,7401.201391526587,9243.97080643825
2026-09-01 08:50:38,7400.0,7409.25,Call VEX 3,VEX,2074454.421,7401.201391526587,9243.97080643825
2026-09-01 08:50:38,7450.0,7459.25,Call DEX 2,DEX,245.164,7401.201391526587,9243.97080643825
2026-09-01 08:50:38,7450.0,7459.25,Call VEX 4,VEX,1880543.859,7401.201391526587,9243.97080643825
2026-09-01 08:50:38,7500.0,7509.25,Call CEX 1,CEX,1235792.454,7401.201391526587,9243.97080643825
2026-09-01 08:50:38,7500.0,7509.25,Call DEX 4,DEX,229.422,7401.201391526587,9243.97080643825
2026-09-01 08:50:38,7500.0,7509.25,Put GEX 2,GEX,-516612.367,7401.201391526587,9243.97080643825
2026-09-01 08:50:38,7500.0,7509.25,Call VEX 2,VEX,3164003.246,7401.201391526587,9243.97080643825
2026-09-01 08:50:38,7550.0,7559.5,Put GEX 5,GEX,-303422.354,7401.201391526587,9243.97080643825
2026-09-01 08:50:38,7600.0,7609.5,Call CEX 4,CEX,1064782.451,7401.201391526587,9243.97080643825
2026-09-01 08:50:38,7600.0,7609.5,Call DEX 5,DEX,160.894,7401.201391526587,9243.97080643825
2026-09-01 08:50:38,7600.0,7609.5,Call VEX 5,VEX,1631968.227,7401.201391526587,9243.97080643825
2026-09-01 08:50:38,7625.0,7634.5,Call CEX 5,CEX,985161.098,7401.201391526587,9243.97080643825
2026-09-01 08:50:38,7650.0,7659.5,Call CEX 3,CEX,1152676.785,7401.201391526587,9243.97080643825
2026-09-01 08:50:38,7650.0,7659.5,Put GEX 3,GEX,-334830.527,7401.201391526587,9243.97080643825
2026-09-01 08:50:38,7675.0,7684.5,Put CEX 3,CEX,-1984250.906,7401.201391526587,9243.97080643825
2026-09-01 08:50:38,7690.0,7699.5,Put CEX 4,CEX,-1526908.176,7401.201391526587,9243.97080643825
2026-09-01 08:50:38,7700.0,7709.5,Put CEX 2,CEX,-1993680.522,7401.201391526587,9243.97080643825
2026-09-01 08:50:38,7700.0,7709.5,Put DEX 2,DEX,-108.568,7401.201391526587,9243.97080643825
2026-09-01 08:50:38,7750.0,7759.75,Put CEX 5,CEX,-1404964.173,7401.201391526587,9243.97080643825
2026-09-01 08:50:38,7750.0,7759.75,Put DEX 4,DEX,-45.529,7401.201391526587,9243.97080643825
2026-09-01 08:50:38,7750.0,7759.75,Call GEX 3,GEX,342989.44,7401.201391526587,9243.97080643825
2026-09-01 08:50:38,7750.0,7759.75,Put VEX 4,VEX,-883184.621,7401.201391526587,9243.97080643825
2026-09-01 08:50:38,7780.0,7789.75,Put DEX 5,DEX,-34.085,7401.201391526587,9243.97080643825
2026-09-01 08:50:38,7800.0,7809.75,Call GEX 1,GEX,618029.829,7401.201391526587,9243.97080643825
2026-09-01 08:50:38,7800.0,7809.75,Put VEX 2,VEX,-1557294.416,7401.201391526587,9243.97080643825
2026-09-01 08:50:38,7850.0,7859.75,Call GEX 4,GEX,327157.47,7401.201391526587,9243.97080643825
2026-09-01 08:50:38,7850.0,7859.75,Put VEX 5,VEX,-607194.778,7401.201391526587,9243.97080643825
2026-09-01 08:50:38,7900.0,7909.75,Call GEX 2,GEX,443305.975,7401.201391526587,9243.97080643825
2026-09-01 08:50:38,7900.0,7909.75,Put VEX 3,VEX,-1012500.013,7401.201391526587,9243.97080643825
2026-09-01 08:50:38,7950.0,7960.0,Call GEX 5,GEX,195725.817,7401.201391526587,9243.97080643825
2026-09-01 08:50:38,8000.0,8010.0,Put CEX 1,CEX,-3360313.927,7401.201391526587,9243.97080643825
2026-09-01 08:50:38,8000.0,8010.0,Put DEX 1,DEX,-2451.637,7401.201391526587,9243.97080643825
2026-09-01 08:50:38,8000.0,8010.0,Put GEX 4,GEX,-308835.819,7401.201391526587,9243.97080643825
2026-09-01 08:50:38,8000.0,8010.0,Put VEX 1,VEX,-10780461.703,7401.201391526587,9243.97080643825
2026-09-01 08:51:28,7000.0,7008.5,Call CEX 2,CEX,1234323.58,7401.817988477718,9242.679019750263
2026-09-01 08:51:28,7000.0,7008.5,Put DEX 3,DEX,-62.868,7401.817988477718,9242.679019750263
2026-09-01 08:51:28,7000.0,7008.5,Put GEX 1,GEX,-712569.467,7401.817988477718,9242.679019750263
2026-09-01 08:51:28,7000.0,7008.5,Call VEX 1,VEX,5495732.42,7401.817988477718,9242.679019750263
2026-09-01 08:51:28,7300.0,7309.0,Call DEX 1,DEX,284.309,7401.817988477718,9242.679019750263
2026-09-01 08:51:28,7400.0,7409.0,Call DEX 3,DEX,245.157,7401.817988477718,9242.679019750263
2026-09-01 08:51:28,7400.0,7409.0,Call VEX 3,VEX,2075183.247,7401.817988477718,9242.679019750263
2026-09-01 08:51:28,7450.0,7459.0,Call DEX 2,DEX,245.517,7401.817988477718,9242.679019750263
2026-09-01 08:51:28,7450.0,7459.0,Call VEX 4,VEX,1880667.808,7401.817988477718,9242.679019750263
2026-09-01 08:51:28,7500.0,7509.25,Call CEX 1,CEX,1237237.149,7401.817988477718,9242.679019750263
2026-09-01 08:51:28,7500.0,7509.25,Call DEX 4,DEX,229.874,7401.817988477718,9242.679019750263
2026-09-01 08:51:28,7500.0,7509.25,Put GEX 2,GEX,-517454.49,7401.817988477718,9242.679019750263
2026-09-01 08:51:28,7500.0,7509.25,Call VEX 2,VEX,3165212.057,7401.817988477718,9242.679019750263
2026-09-01 08:51:28,7550.0,7559.25,Put GEX 5,GEX,-303675.422,7401.817988477718,9242.679019750263
2026-09-01 08:51:28,7600.0,7609.25,Call CEX 4,CEX,1066407.689,7401.817988477718,9242.679019750263
2026-09-01 08:51:28,7600.0,7609.25,Call DEX 5,DEX,161.481,7401.817988477718,9242.679019750263
2026-09-01 08:51:28,7600.0,7609.25,Call VEX 5,VEX,1635185.606,7401.817988477718,9242.679019750263
2026-09-01 08:51:28,7625.0,7634.25,Call CEX 5,CEX,986923.342,7401.817988477718,9242.679019750263
2026-09-01 08:51:28,7650.0,7659.25,Call CEX 3,CEX,1179578.803,7401.817988477718,9242.679019750263
2026-09-01 08:51:28,7650.0,7659.25,Put GEX 3,GEX,-338587.714,7401.817988477718,9242.679019750263
2026-09-01 08:51:28,7675.0,7684.25,Put CEX 3,CEX,-1990260.136,7401.817988477718,9242.679019750263
2026-09-01 08:51:28,7690.0,7699.25,Put CEX 4,CEX,-1526777.515,7401.817988477718,9242.679019750263
2026-09-01 08:51:28,7700.0,7709.5,Put CEX 2,CEX,-1990493.209,7401.817988477718,9242.679019750263
2026-09-01 08:51:28,7700.0,7709.5,Put DEX 2,DEX,-107.662,7401.817988477718,9242.679019750263
2026-09-01 08:51:28,7750.0,7759.5,Put CEX 5,CEX,-1408448.023,7401.817988477718,9242.679019750263
2026-09-01 08:51:28,7750.0,7759.5,Put DEX 4,DEX,-45.008,7401.817988477718,9242.679019750263
2026-09-01 08:51:28,7750.0,7759.5,Call GEX 3,GEX,341668.081,7401.817988477718,9242.679019750263
2026-09-01 08:51:28,7750.0,7759.5,Put VEX 4,VEX,-881359.792,7401.817988477718,9242.679019750263
2026-09-01 08:51:28,7780.0,7789.5,Put DEX 5,DEX,-33.978,7401.817988477718,9242.679019750263
2026-09-01 08:51:28,7800.0,7809.5,Call GEX 1,GEX,617891.74,7401.817988477718,9242.679019750263
2026-09-01 08:51:28,7800.0,7809.5,Put VEX 2,VEX,-1555410.465,7401.817988477718,9242.679019750263
2026-09-01 08:51:28,7850.0,7859.5,Call GEX 4,GEX,327348.896,7401.817988477718,9242.679019750263
2026-09-01 08:51:28,7850.0,7859.5,Put VEX 5,VEX,-606802.812,7401.817988477718,9242.679019750263
2026-09-01 08:51:28,7900.0,7909.75,Call GEX 2,GEX,443514.798,7401.817988477718,9242.679019750263
2026-09-01 08:51:28,7900.0,7909.75,Put VEX 3,VEX,-1012464.755,7401.817988477718,9242.679019750263
2026-09-01 08:51:28,7950.0,7959.75,Call GEX 5,GEX,195844.277,7401.817988477718,9242.679019750263
2026-09-01 08:51:28,8000.0,8009.75,Put CEX 1,CEX,-3368071.988,7401.817988477718,9242.679019750263
2026-09-01 08:51:28,8000.0,8009.75,Put DEX 1,DEX,-2455.797,7401.817988477718,9242.679019750263
2026-09-01 08:51:28,8000.0,8009.75,Put GEX 4,GEX,-308957.54,7401.817988477718,9242.679019750263
2026-09-01 08:51:28,8000.0,8009.75,Put VEX 1,VEX,-10777977.349,7401.817988477718,9242.679019750263
2026-09-01 08:52:17,7000.0,7008.75,Call CEX 3,CEX,1233712.459,7382.770483622141,9239.666160346207
2026-09-01 08:52:17,7000.0,7008.75,Put DEX 3,DEX,-62.353,7382.770483622141,9239.666160346207
2026-09-01 08:52:17,7000.0,7008.75,Put GEX 1,GEX,-712049.481,7382.770483622141,9239.666160346207
2026-09-01 08:52:17,7000.0,7008.75,Call VEX 1,VEX,5489971.38,7382.770483622141,9239.666160346207
2026-09-01 08:52:17,7400.0,7409.25,Call DEX 2,DEX,247.139,7382.770483622141,9239.666160346207
2026-09-01 08:52:17,7400.0,7409.25,Call VEX 3,VEX,2064842.142,7382.770483622141,9239.666160346207
2026-09-01 08:52:17,7450.0,7459.25,Call DEX 1,DEX,247.239,7382.770483622141,9239.666160346207
2026-09-01 08:52:17,7450.0,7459.25,Call VEX 4,VEX,1877870.001,7382.770483622141,9239.666160346207
2026-09-01 08:52:17,7500.0,7509.25,Call CEX 2,CEX,1236408.055,7382.770483622141,9239.666160346207
2026-09-01 08:52:17,7500.0,7509.25,Call DEX 3,DEX,232.661,7382.770483622141,9239.666160346207
2026-09-01 08:52:17,7500.0,7509.25,Put GEX 2,GEX,-515914.992,7382.770483622141,9239.666160346207
2026-09-01 08:52:17,7500.0,7509.25,Call VEX 2,VEX,3169255.518,7382.770483622141,9239.666160346207
2026-09-01 08:52:17,7550.0,7559.25,Call DEX 5,DEX,109.808,7382.770483622141,9239.666160346207
2026-09-01 08:52:17,7550.0,7559.25,Put GEX 5,GEX,-301814.259,7382.770483622141,9239.666160346207
2026-09-01 08:52:17,7600.0,7609.5,Call CEX 4,CEX,1064942.594,7382.770483622141,9239.666160346207
2026-09-01 08:52:17,7600.0,7609.5,Call DEX 4,DEX,164.16,7382.770483622141,9239.666160346207
2026-09-01 08:52:17,7600.0,7609.5,Call VEX 5,VEX,1649649.682,7382.770483622141,9239.666160346207
2026-09-01 08:52:17,7625.0,7634.5,Call CEX 5,CEX,976601.651,7382.770483622141,9239.666160346207
2026-09-01 08:52:17,7650.0,7659.5,Call CEX 1,CEX,1252034.729,7382.770483622141,9239.666160346207
2026-09-01 08:52:17,7650.0,7659.5,Put GEX 3,GEX,-320349.767,7382.770483622141,9239.666160346207
2026-09-01 08:52:17,7675.0,7684.5,Put CEX 3,CEX,-1915172.185,7382.770483622141,9239.666160346207
2026-09-01 08:52:17,7690.0,7699.5,Put CEX 4,CEX,-1554273.918,7382.770483622141,9239.666160346207
2026-09-01 08:52:17,7700.0,7709.5,Put CEX 2,CEX,-2033017.601,7382.770483622141,9239.666160346207
2026-09-01 08:52:17,7700.0,7709.5,Put DEX 2,DEX,-104.911,7382.770483622141,9239.666160346207
2026-09-01 08:52:17,7750.0,7759.5,Put CEX 5,CEX,-1449948.536,7382.770483622141,9239.666160346207
2026-09-01 08:52:17,7750.0,7759.5,Put DEX 4,DEX,-43.577,7382.770483622141,9239.666160346207
2026-09-01 08:52:17,7750.0,7759.5,Call GEX 3,GEX,344400.007,7382.770483622141,9239.666160346207
2026-09-01 08:52:17,7750.0,7759.5,Put VEX 4,VEX,-875384.498,7382.770483622141,9239.666160346207
2026-09-01 08:52:17,7780.0,7789.5,Put DEX 5,DEX,-33.634,7382.770483622141,9239.666160346207
2026-09-01 08:52:17,7800.0,7809.75,Call GEX 1,GEX,622918.143,7382.770483622141,9239.666160346207
2026-09-01 08:52:17,7800.0,7809.75,Put VEX 2,VEX,-1549603.285,7382.770483622141,9239.666160346207
2026-09-01 08:52:17,7850.0,7859.75,Call GEX 4,GEX,328960.382,7382.770483622141,9239.666160346207
2026-09-01 08:52:17,7850.0,7859.75,Put VEX 5,VEX,-606436.869,7382.770483622141,9239.666160346207
2026-09-01 08:52:17,7900.0,7909.75,Call GEX 2,GEX,445362.917,7382.770483622141,9239.666160346207
2026-09-01 08:52:17,7900.0,7909.75,Put VEX 3,VEX,-1012245.948,7382.770483622141,9239.666160346207
2026-09-01 08:52:17,7950.0,7959.75,Call GEX 5,GEX,196623.48,7382.770483622141,9239.666160346207
2026-09-01 08:52:17,8000.0,8010.0,Put CEX 1,CEX,-3389231.777,7382.770483622141,9239.666160346207
2026-09-01 08:52:17,8000.0,8010.0,Put DEX 1,DEX,-2443.467,7382.770483622141,9239.666160346207
2026-09-01 08:52:17,8000.0,8010.0,Put GEX 4,GEX,-317759.548,7382.770483622141,9239.666160346207
2026-09-01 08:52:17,8000.0,8010.0,Put VEX 1,VEX,-10813027.095,7382.770483622141,9239.666160346207
2026-09-01 08:53:05,7000.0,7008.5,Call CEX 1,CEX,1241682.661,7401.152254321612,9241.786621890082
2026-09-01 08:53:05,7000.0,7008.5,Put DEX 3,DEX,-64.106,7401.152254321612,9241.786621890082
2026-09-01 08:53:05,7000.0,7008.5,Put GEX 1,GEX,-716050.644,7401.152254321612,9241.786621890082
2026-09-01 08:53:05,7000.0,7008.5,Call VEX 1,VEX,5516444.37,7401.152254321612,9241.786621890082
2026-09-01 08:53:05,7300.0,7309.0,Call DEX 1,DEX,285.588,7401.152254321612,9241.786621890082
2026-09-01 08:53:05,7400.0,7409.0,Call DEX 2,DEX,245.969,7401.152254321612,9241.786621890082
2026-09-01 08:53:05,7400.0,7409.0,Call VEX 3,VEX,2069370.464,7401.152254321612,9241.786621890082
2026-09-01 08:53:05,7450.0,7459.25,Call DEX 3,DEX,244.775,7401.152254321612,9241.786621890082
2026-09-01 08:53:05,7450.0,7459.25,Call VEX 4,VEX,1877911.44,7401.152254321612,9241.786621890082
2026-09-01 08:53:05,7500.0,7509.25,Call CEX 2,CEX,1237517.426,7401.152254321612,9241.786621890082
2026-09-01 08:53:05,7500.0,7509.25,Call DEX 4,DEX,229.548,7401.152254321612,9241.786621890082
2026-09-01 08:53:05,7500.0,7509.25,Put GEX 2,GEX,-517332.506,7401.152254321612,9241.786621890082
2026-09-01 08:53:05,7500.0,7509.25,Call VEX 2,VEX,3165138.861,7401.152254321612,9241.786621890082
2026-09-01 08:53:05,7550.0,7559.25,Put GEX 5,GEX,-304830.69,7401.152254321612,9241.786621890082
2026-09-01 08:53:05,7600.0,7609.25,Call CEX 4,CEX,1065660.075,7401.152254321612,9241.786621890082
2026-09-01 08:53:05,7600.0,7609.25,Call DEX 5,DEX,162.15,7401.152254321612,9241.786621890082
2026-09-01 08:53:05,7600.0,7609.25,Call VEX 5,VEX,1637720.296,7401.152254321612,9241.786621890082
2026-09-01 08:53:05,7625.0,7634.25,Call CEX 5,CEX,990723.143,7401.152254321612,9241.786621890082
2026-09-01 08:53:05,7650.0,7659.5,Call CEX 3,CEX,1206328.824,7401.152254321612,9241.786621890082
2026-09-01 08:53:05,7650.0,7659.5,Put GEX 3,GEX,-329872.938,7401.152254321612,9241.786621890082
2026-09-01 08:53:05,7675.0,7684.5,Put CEX 3,CEX,-1984611.674,7401.152254321612,9241.786621890082
2026-09-01 08:53:05,7690.0,7699.5,Put CEX 4,CEX,-1540764.971,7401.152254321612,9241.786621890082
2026-09-01 08:53:05,7700.0,7709.5,Put CEX 2,CEX,-1998272.2,7401.152254321612,9241.786621890082
2026-09-01 08:53:05,7700.0,7709.5,Put DEX 2,DEX,-107.264,7401.152254321612,9241.786621890082
2026-09-01 08:53:05,7750.0,7759.5,Put CEX 5,CEX,-1432055.567,7401.152254321612,9241.786621890082
2026-09-01 08:53:05,7750.0,7759.5,Put DEX 4,DEX,-44.838,7401.152254321612,9241.786621890082
2026-09-01 08:53:05,7750.0,7759.5,Call GEX 3,GEX,342947.942,7401.152254321612,9241.786621890082
2026-09-01 08:53:05,7750.0,7759.5,Put VEX 4,VEX,-880608.047,7401.152254321612,9241.786621890082
2026-09-01 08:53:05,7780.0,7789.5,Put DEX 5,DEX,-33.944,7401.152254321612,9241.786621890082
2026-09-01 08:53:05,7800.0,7809.5,Call GEX 1,GEX,619296.452,7401.152254321612,9241.786621890082
2026-09-01 08:53:05,7800.0,7809.5,Put VEX 2,VEX,-1554510.959,7401.152254321612,9241.786621890082
2026-09-01 08:53:05,7850.0,7859.75,Call GEX 4,GEX,327670.128,7401.152254321612,9241.786621890082
2026-09-01 08:53:05,7850.0,7859.75,Put VEX 5,VEX,-606869.582,7401.152254321612,9241.786621890082
2026-09-01 08:53:05,7900.0,7909.75,Call GEX 2,GEX,443636.03,7401.152254321612,9241.786621890082
2026-09-01 08:53:05,7900.0,7909.75,Put VEX 3,VEX,-1011404.613,7401.152254321612,9241.786621890082
2026-09-01 08:53:05,7950.0,7959.75,Call GEX 5,GEX,195984.241,7401.152254321612,9241.786621890082
2026-09-01 08:53:05,8000.0,8009.75,Put CEX 1,CEX,-3380532.23,7401.152254321612,9241.786621890082
2026-09-01 08:53:05,8000.0,8009.75,Put DEX 1,DEX,-2450.258,7401.152254321612,9241.786621890082
2026-09-01 08:53:05,8000.0,8009.75,Put GEX 4,GEX,-313874.414,7401.152254321612,9241.786621890082
2026-09-01 08:53:05,8000.0,8009.75,Put VEX 1,VEX,-10795110.375,7401.152254321612,9241.786621890082
2026-09-01 08:53:53,7000.0,7009.0,Call CEX 1,CEX,1241399.642,7401.159180668626,9240.698575646358
2026-09-01 08:53:53,7000.0,7009.0,Put DEX 3,DEX,-63.806,7401.159180668626,9240.698575646358
2026-09-01 08:53:53,7000.0,7009.0,Put GEX 1,GEX,-715027.725,7401.159180668626,9240.698575646358
2026-09-01 08:53:53,7000.0,7009.0,Call VEX 1,VEX,5515968.333,7401.159180668626,9240.698575646358
2026-09-01 08:53:53,7300.0,7309.25,Call DEX 1,DEX,284.526,7401.159180668626,9240.698575646358
2026-09-01 08:53:53,7400.0,7409.5,Call DEX 2,DEX,245.907,7401.159180668626,9240.698575646358
2026-09-01 08:53:53,7400.0,7409.5,Call VEX 3,VEX,2072208.831,7401.159180668626,9240.698575646358
2026-09-01 08:53:53,7450.0,7459.5,Call DEX 3,DEX,244.607,7401.159180668626,9240.698575646358
2026-09-01 08:53:53,7450.0,7459.5,Call VEX 4,VEX,1880196.585,7401.159180668626,9240.698575646358
2026-09-01 08:53:53,7500.0,7509.5,Call CEX 2,CEX,1239067.67,7401.159180668626,9240.698575646358
2026-09-01 08:53:53,7500.0,7509.5,Call DEX 4,DEX,231.191,7401.159180668626,9240.698575646358
2026-09-01 08:53:53,7500.0,7509.5,Put GEX 2,GEX,-517361.402,7401.159180668626,9240.698575646358
2026-09-01 08:53:53,7500.0,7509.5,Call VEX 2,VEX,3168056.368,7401.159180668626,9240.698575646358
2026-09-01 08:53:53,7550.0,7559.75,Put GEX 5,GEX,-303145.857,7401.159180668626,9240.698575646358
2026-09-01 08:53:53,7600.0,7609.75,Call CEX 4,CEX,1071038.64,7401.159180668626,9240.698575646358
2026-09-01 08:53:53,7600.0,7609.75,Call DEX 5,DEX,162.697,7401.159180668626,9240.698575646358
2026-09-01 08:53:53,7600.0,7609.75,Call VEX 5,VEX,1642257.863,7401.159180668626,9240.698575646358
2026-09-01 08:53:53,7625.0,7634.75,Call CEX 5,CEX,971964.991,7401.159180668626,9240.698575646358
2026-09-01 08:53:53,7650.0,7659.75,Call CEX 3,CEX,1232343.114,7401.159180668626,9240.698575646358
2026-09-01 08:53:53,7650.0,7659.75,Put GEX 3,GEX,-335967.951,7401.159180668626,9240.698575646358
2026-09-01 08:53:53,7675.0,7684.75,Put CEX 3,CEX,-1977219.717,7401.159180668626,9240.698575646358
2026-09-01 08:53:53,7690.0,7699.75,Put CEX 4,CEX,-1545896.088,7401.159180668626,9240.698575646358
2026-09-01 08:53:53,7700.0,7709.75,Put CEX 2,CEX,-1999138.732,7401.159180668626,9240.698575646358
2026-09-01 08:53:53,7700.0,7709.75,Put DEX 2,DEX,-106.369,7401.159180668626,9240.698575646358
2026-09-01 08:53:53,7750.0,7760.0,Put CEX 5,CEX,-1410836.321,7401.159180668626,9240.698575646358
2026-09-01 08:53:53,7750.0,7760.0,Put DEX 4,DEX,-44.454,7401.159180668626,9240.698575646358
2026-09-01 08:53:53,7750.0,7760.0,Call GEX 3,GEX,342929.246,7401.159180668626,9240.698575646358
2026-09-01 08:53:53,7750.0,7760.0,Put VEX 4,VEX,-876626.056,7401.159180668626,9240.698575646358
2026-09-01 08:53:53,7780.0,7790.0,Put DEX 5,DEX,-33.842,7401.159180668626,9240.698575646358
2026-09-01 08:53:53,7800.0,7810.0,Call GEX 1,GEX,618790.435,7401.159180668626,9240.698575646358
2026-09-01 08:53:53,7800.0,7810.0,Put VEX 2,VEX,-1551931.204,7401.159180668626,9240.698575646358
2026-09-01 08:53:53,7850.0,7860.0,Call GEX 4,GEX,328206.83,7401.159180668626,9240.698575646358
2026-09-01 08:53:53,7850.0,7860.0,Put VEX 5,VEX,-606419.144,7401.159180668626,9240.698575646358
2026-09-01 08:53:53,7900.0,7910.0,Call GEX 2,GEX,444505.699,7401.159180668626,9240.698575646358
2026-09-01 08:53:53,7900.0,7910.0,Put VEX 3,VEX,-1012182.982,7401.159180668626,9240.698575646358
2026-09-01 08:53:53,7950.0,7960.25,Call GEX 5,GEX,196269.732,7401.159180668626,9240.698575646358
2026-09-01 08:53:53,8000.0,8010.25,Put CEX 1,CEX,-3376913.116,7401.159180668626,9240.698575646358
2026-09-01 08:53:53,8000.0,8010.25,Put DEX 1,DEX,-2454.163,7401.159180668626,9240.698575646358
2026-09-01 08:53:53,8000.0,8010.25,Put GEX 4,GEX,-309770.684,7401.159180668626,9240.698575646358
2026-09-01 08:53:53,8000.0,8010.25,Put VEX 1,VEX,-10783040.773,7401.159180668626,9240.698575646358
2026-09-01 08:54:41,7000.0,7009.0,Call CEX 3,CEX,1233273.281,7377.414577807802,9243.72234971969
2026-09-01 08:54:41,7000.0,7009.0,Put DEX 3,DEX,-61.623,7377.414577807802,9243.72234971969
2026-09-01 08:54:41,7000.0,7009.0,Put GEX 1,GEX,-712047.456,7377.414577807802,9243.72234971969
2026-09-01 08:54:41,7000.0,7009.0,Call VEX 1,VEX,5482685.373,7377.414577807802,9243.72234971969
2026-09-01 08:54:41,7400.0,7409.5,Call DEX 1,DEX,248.315,7377.414577807802,9243.72234971969
2026-09-01 08:54:41,7400.0,7409.5,Call VEX 3,VEX,2058766.9,7377.414577807802,9243.72234971969
2026-09-01 08:54:41,7450.0,7459.5,Call DEX 2,DEX,246.881,7377.414577807802,9243.72234971969
2026-09-01 08:54:41,7450.0,7459.5,Call VEX 4,VEX,1875539.535,7377.414577807802,9243.72234971969
2026-09-01 08:54:41,7500.0,7509.5,Call CEX 2,CEX,1241009.58,7377.414577807802,9243.72234971969
2026-09-01 08:54:41,7500.0,7509.5,Call DEX 3,DEX,233.793,7377.414577807802,9243.72234971969
2026-09-01 08:54:41,7500.0,7509.5,Put GEX 2,GEX,-514572.409,7377.414577807802,9243.72234971969
2026-09-01 08:54:41,7500.0,7509.5,Call VEX 2,VEX,3172968.223,7377.414577807802,9243.72234971969
2026-09-01 08:54:41,7550.0,7559.75,Call DEX 5,DEX,110.468,7377.414577807802,9243.72234971969
2026-09-01 08:54:41,7550.0,7559.75,Put GEX 5,GEX,-298698.612,7377.414577807802,9243.72234971969
2026-09-01 08:54:41,7600.0,7609.75,Call CEX 4,CEX,1068875.59,7377.414577807802,9243.72234971969
2026-09-01 08:54:41,7600.0,7609.75,Call DEX 4,DEX,164.956,7377.414577807802,9243.72234971969
2026-09-01 08:54:41,7600.0,7609.75,Call VEX 5,VEX,1654142.289,7377.414577807802,9243.72234971969
2026-09-01 08:54:41,7625.0,7634.75,Call CEX 5,CEX,971408.441,7377.414577807802,9243.72234971969
2026-09-01 08:54:41,7650.0,7659.75,Call CEX 1,CEX,1284169.206,7377.414577807802,9243.72234971969
2026-09-01 08:54:41,7650.0,7659.75,Put GEX 3,GEX,-320418.139,7377.414577807802,9243.72234971969
2026-09-01 08:54:41,7675.0,7684.75,Put CEX 3,CEX,-1899833.834,7377.414577807802,9243.72234971969
2026-09-01 08:54:41,7690.0,7699.75,Put CEX 4,CEX,-1585660.866,7377.414577807802,9243.72234971969
2026-09-01 08:54:41,7700.0,7710.0,Put CEX 2,CEX,-2036332.15,7377.414577807802,9243.72234971969
2026-09-01 08:54:41,7700.0,7710.0,Put DEX 2,DEX,-103.785,7377.414577807802,9243.72234971969
2026-09-01 08:54:41,7750.0,7760.0,Put CEX 5,CEX,-1450322.877,7377.414577807802,9243.72234971969
2026-09-01 08:54:41,7750.0,7760.0,Put DEX 4,DEX,-42.866,7377.414577807802,9243.72234971969
2026-09-01 08:54:41,7750.0,7760.0,Call GEX 3,GEX,346235.878,7377.414577807802,9243.72234971969
2026-09-01 08:54:41,7750.0,7760.0,Put VEX 4,VEX,-871973.878,7377.414577807802,9243.72234971969
2026-09-01 08:54:41,7780.0,7790.0,Put DEX 5,DEX,-33.427,7377.414577807802,9243.72234971969
2026-09-01 08:54:41,7800.0,7810.0,Call GEX 1,GEX,625267.369,7377.414577807802,9243.72234971969
2026-09-01 08:54:41,7800.0,7810.0,Put VEX 2,VEX,-1546644.721,7377.414577807802,9243.72234971969
2026-09-01 08:54:41,7850.0,7860.0,Call GEX 4,GEX,330036.851,7377.414577807802,9243.72234971969
2026-09-01 08:54:41,7850.0,7860.0,Put VEX 5,VEX,-606445.789,7377.414577807802,9243.72234971969
2026-09-01 08:54:41,7900.0,7910.25,Call GEX 2,GEX,446439.807,7377.414577807802,9243.72234971969
2026-09-01 08:54:41,7900.0,7910.25,Put VEX 3,VEX,-1012198.462,7377.414577807802,9243.72234971969
2026-09-01 08:54:41,7950.0,7960.25,Call GEX 5,GEX,197080.965,7377.414577807802,9243.72234971969
2026-09-01 08:54:41,8000.0,8010.25,Put CEX 1,CEX,-3386848.291,7377.414577807802,9243.72234971969
2026-09-01 08:54:41,8000.0,8010.25,Put DEX 1,DEX,-2442.506,7377.414577807802,9243.72234971969
2026-09-01 08:54:41,8000.0,8010.25,Put GEX 4,GEX,-315491.025,7377.414577807802,9243.72234971969
2026-09-01 08:54:41,8000.0,8010.25,Put VEX 1,VEX,-10808967.638,7377.414577807802,9243.72234971969
2026-09-01 08:55:29,7000.0,7009.25,Call CEX 3,CEX,1233729.73,7388.876868660635,9245.305666487266
2026-09-01 08:55:29,7000.0,7009.25,Put DEX 3,DEX,-62.076,7388.876868660635,9245.305666487266
2026-09-01 08:55:29,7000.0,7009.25,Put GEX 1,GEX,-711326.437,7388.876868660635,9245.305666487266
2026-09-01 08:55:29,7000.0,7009.25,Call VEX 1,VEX,5489512.448,7388.876868660635,9245.305666487266
2026-09-01 08:55:29,7300.0,7309.5,Call DEX 1,DEX,291.944,7388.876868660635,9245.305666487266
2026-09-01 08:55:29,7400.0,7409.75,Call DEX 2,DEX,247.005,7388.876868660635,9245.305666487266
2026-09-01 08:55:29,7400.0,7409.75,Call VEX 3,VEX,2069532.915,7388.876868660635,9245.305666487266
2026-09-01 08:55:29,7450.0,7459.75,Call DEX 3,DEX,245.737,7388.876868660635,9245.305666487266
2026-09-01 08:55:29,7450.0,7459.75,Call VEX 4,VEX,1879603.093,7388.876868660635,9245.305666487266
2026-09-01 08:55:29,7500.0,7509.75,Call CEX 2,CEX,1240029.882,7388.876868660635,9245.305666487266
2026-09-01 08:55:29,7500.0,7509.75,Call DEX 4,DEX,232.74,7388.876868660635,9245.305666487266
2026-09-01 08:55:29,7500.0,7509.75,Put GEX 2,GEX,-515416.775,7388.876868660635,9245.305666487266
2026-09-01 08:55:29,7500.0,7509.75,Call VEX 2,VEX,3171433.187,7388.876868660635,9245.305666487266
2026-09-01 08:55:29,7550.0,7559.75,Put GEX 5,GEX,-301004.71,7388.876868660635,9245.305666487266
2026-09-01 08:55:29,7600.0,7610.0,Call CEX 4,CEX,1075682.927,7388.876868660635,9245.305666487266
2026-09-01 08:55:29,7600.0,7610.0,Call DEX 5,DEX,164.056,7388.876868660635,9245.305666487266
2026-09-01 08:55:29,7600.0,7610.0,Call VEX 5,VEX,1650714.274,7388.876868660635,9245.305666487266
2026-09-01 08:55:29,7625.0,7635.0,Call CEX 5,CEX,974421.424,7388.876868660635,9245.305666487266
2026-09-01 08:55:29,7650.0,7660.0,Call CEX 1,CEX,1279168.58,7388.876868660635,9245.305666487266
2026-09-01 08:55:29,7650.0,7660.0,Put GEX 3,GEX,-334865.477,7388.876868660635,9245.305666487266
2026-09-01 08:55:29,7675.0,7685.0,Put CEX 3,CEX,-1944613.546,7388.876868660635,9245.305666487266
2026-09-01 08:55:29,7690.0,7700.0,Put CEX 4,CEX,-1569478.248,7388.876868660635,9245.305666487266
2026-09-01 08:55:29,7700.0,7710.0,Put CEX 2,CEX,-2001409.561,7388.876868660635,9245.305666487266
2026-09-01 08:55:29,7700.0,7710.0,Put DEX 2,DEX,-104.799,7388.876868660635,9245.305666487266
2026-09-01 08:55:29,7750.0,7760.0,Put CEX 5,CEX,-1393469.564,7388.876868660635,9245.305666487266
2026-09-01 08:55:29,7750.0,7760.0,Put DEX 4,DEX,-43.669,7388.876868660635,9245.305666487266
2026-09-01 08:55:29,7750.0,7760.0,Call GEX 3,GEX,345415.925,7388.876868660635,9245.305666487266
2026-09-01 08:55:29,7750.0,7760.0,Put VEX 4,VEX,-871066.465,7388.876868660635,9245.305666487266
2026-09-01 08:55:29,7780.0,7790.25,Put DEX 5,DEX,-33.58,7388.876868660635,9245.305666487266
2026-09-01 08:55:29,7800.0,7810.25,Call GEX 1,GEX,623012.403,7388.876868660635,9245.305666487266
2026-09-01 08:55:29,7800.0,7810.25,Put VEX 2,VEX,-1548203.678,7388.876868660635,9245.305666487266
2026-09-01 08:55:29,7850.0,7860.25,Call GEX 4,GEX,329590.905,7388.876868660635,9245.305666487266
2026-09-01 08:55:29,7850.0,7860.25,Put VEX 5,VEX,-606217.379,7388.876868660635,9245.305666487266
2026-09-01 08:55:29,7900.0,7910.25,Call GEX 2,GEX,445759.676,7388.876868660635,9245.305666487266
2026-09-01 08:55:29,7900.0,7910.25,Put VEX 3,VEX,-1012058.685,7388.876868660635,9245.305666487266
2026-09-01 08:55:29,7950.0,7960.5,Call GEX 5,GEX,196889.806,7388.876868660635,9245.305666487266
2026-09-01 08:55:29,8000.0,8010.5,Put CEX 1,CEX,-3377779.248,7388.876868660635,9245.305666487266
2026-09-01 08:55:29,8000.0,8010.5,Put DEX 1,DEX,-2449.388,7388.876868660635,9245.305666487266
2026-09-01 08:55:29,8000.0,8010.5,Put GEX 4,GEX,-312798.606,7388.876868660635,9245.305666487266
2026-09-01 08:55:29,8000.0,8010.5,Put VEX 1,VEX,-10796174.529,7388.876868660635,9245.305666487266
2026-09-01 08:56:17,7000.0,7009.0,Call CEX 3,CEX,1234270.277,7400.72629810967,9246.039522666702
2026-09-01 08:56:17,7000.0,7009.0,Put DEX 3,DEX,-62.436,7400.72629810967,9246.039522666702
2026-09-01 08:56:17,7000.0,7009.0,Put GEX 1,GEX,-712039.106,7400.72629810967,9246.039522666702
2026-09-01 08:56:17,7000.0,7009.0,Call VEX 1,VEX,5492479.717,7400.72629810967,9246.039522666702
2026-09-01 08:56:17,7300.0,7309.5,Call DEX 1,DEX,289.969,7400.72629810967,9246.039522666702
2026-09-01 08:56:17,7400.0,7409.5,Call DEX 3,DEX,245.583,7400.72629810967,9246.039522666702
2026-09-01 08:56:17,7400.0,7409.5,Call VEX 3,VEX,2075731.419,7400.72629810967,9246.039522666702
2026-09-01 08:56:17,7450.0,7459.5,Call DEX 2,DEX,245.787,7400.72629810967,9246.039522666702
2026-09-01 08:56:17,7450.0,7459.5,Call VEX 4,VEX,1883061.654,7400.72629810967,9246.039522666702
2026-09-01 08:56:17,7500.0,7509.75,Call CEX 1,CEX,1242169.369,7400.72629810967,9246.039522666702
2026-09-01 08:56:17,7500.0,7509.75,Call DEX 4,DEX,230.304,7400.72629810967,9246.039522666702
2026-09-01 08:56:17,7500.0,7509.75,Put GEX 2,GEX,-517522.514,7400.72629810967,9246.039522666702
2026-09-01 08:56:17,7500.0,7509.75,Call VEX 2,VEX,3167975.303,7400.72629810967,9246.039522666702
2026-09-01 08:56:17,7550.0,7559.75,Put GEX 5,GEX,-303501.27,7400.72629810967,9246.039522666702
2026-09-01 08:56:17,7600.0,7609.75,Call CEX 5,CEX,1076749.735,7400.72629810967,9246.039522666702
2026-09-01 08:56:17,7600.0,7609.75,Call DEX 5,DEX,162.371,7400.72629810967,9246.039522666702
2026-09-01 08:56:17,7600.0,7609.75,Call VEX 5,VEX,1640928.777,7400.72629810967,9246.039522666702
2026-09-01 08:56:17,7625.0,7634.75,Call CEX 4,CEX,1089293.737,7400.72629810967,9246.039522666702
2026-09-01 08:56:17,7650.0,7659.75,Call CEX 2,CEX,1237146.187,7400.72629810967,9246.039522666702
2026-09-01 08:56:17,7650.0,7659.75,Put GEX 3,GEX,-344318.067,7400.72629810967,9246.039522666702
2026-09-01 08:56:17,7675.0,7685.0,Put CEX 2,CEX,-2019563.02,7400.72629810967,9246.039522666702
2026-09-01 08:56:17,7690.0,7700.0,Put CEX 4,CEX,-1535284.603,7400.72629810967,9246.039522666702
2026-09-01 08:56:17,7700.0,7710.0,Put CEX 3,CEX,-1968742.943,7400.72629810967,9246.039522666702
2026-09-01 08:56:17,7700.0,7710.0,Put DEX 2,DEX,-106.831,7400.72629810967,9246.039522666702
2026-09-01 08:56:17,7750.0,7760.0,Put CEX 5,CEX,-1371443.311,7400.72629810967,9246.039522666702
2026-09-01 08:56:17,7750.0,7760.0,Put DEX 4,DEX,-44.654,7400.72629810967,9246.039522666702
2026-09-01 08:56:17,7750.0,7760.0,Call GEX 3,GEX,343811.221,7400.72629810967,9246.039522666702
2026-09-01 08:56:17,7750.0,7760.0,Put VEX 4,VEX,-875269.036,7400.72629810967,9246.039522666702
2026-09-01 08:56:17,7780.0,7790.0,Put DEX 5,DEX,-33.916,7400.72629810967,9246.039522666702
2026-09-01 08:56:17,7800.0,7810.0,Call GEX 1,GEX,620105.346,7400.72629810967,9246.039522666702
2026-09-01 08:56:17,7800.0,7810.0,Put VEX 2,VEX,-1552453.107,7400.72629810967,9246.039522666702
2026-09-01 08:56:17,7850.0,7860.25,Call GEX 4,GEX,328396.709,7400.72629810967,9246.039522666702
2026-09-01 08:56:17,7850.0,7860.25,Put VEX 5,VEX,-606066.068,7400.72629810967,9246.039522666702
2026-09-01 08:56:17,7900.0,7910.25,Call GEX 2,GEX,444536.295,7400.72629810967,9246.039522666702
2026-09-01 08:56:17,7900.0,7910.25,Put VEX 3,VEX,-1012045.024,7400.72629810967,9246.039522666702
2026-09-01 08:56:17,7950.0,7960.25,Call GEX 5,GEX,196338.756,7400.72629810967,9246.039522666702
2026-09-01 08:56:17,8000.0,8010.25,Put CEX 1,CEX,-3364815.848,7400.72629810967,9246.039522666702
2026-09-01 08:56:17,8000.0,8010.25,Put DEX 1,DEX,-2455.687,7400.72629810967,9246.039522666702
2026-09-01 08:56:17,8000.0,8010.25,Put GEX 4,GEX,-306356.428,7400.72629810967,9246.039522666702
2026-09-01 08:56:17,8000.0,8010.25,Put VEX 1,VEX,-10772496.491,7400.72629810967,9246.039522666702
2026-09-01 08:57:06,7000.0,7009.0,Call CEX 2,CEX,1238266.415,7401.212252439808,9245.955462619126
2026-09-01 08:57:06,7000.0,7009.0,Put DEX 3,DEX,-63.396,7401.212252439808,9245.955462619126
2026-09-01 08:57:06,7000.0,7009.0,Put GEX 1,GEX,-714223.293,7401.212252439808,9245.955462619126
2026-09-01 08:57:06,7000.0,7009.0,Call VEX 1,VEX,5505796.325,7401.212252439808,9245.955462619126
2026-09-01 08:57:06,7300.0,7309.25,Call DEX 1,DEX,290.571,7401.212252439808,9245.955462619126
2026-09-01 08:57:06,7400.0,7409.5,Call DEX 3,DEX,245.733,7401.212252439808,9245.955462619126
2026-09-01 08:57:06,7400.0,7409.5,Call VEX 3,VEX,2072482.126,7401.212252439808,9245.955462619126
2026-09-01 08:57:06,7450.0,7459.5,Call DEX 2,DEX,245.828,7401.212252439808,9245.955462619126
2026-09-01 08:57:06,7450.0,7459.5,Call VEX 4,VEX,1881579.294,7401.212252439808,9245.955462619126
2026-09-01 08:57:06,7500.0,7509.5,Call CEX 1,CEX,1242664.718,7401.212252439808,9245.955462619126
2026-09-01 08:57:06,7500.0,7509.5,Call DEX 4,DEX,230.162,7401.212252439808,9245.955462619126
2026-09-01 08:57:06,7500.0,7509.5,Put GEX 2,GEX,-517190.947,7401.212252439808,9245.955462619126
2026-09-01 08:57:06,7500.0,7509.5,Call VEX 2,VEX,3166014.347,7401.212252439808,9245.955462619126
2026-09-01 08:57:06,7550.0,7559.75,Put GEX 5,GEX,-303107.238,7401.212252439808,9245.955462619126
2026-09-01 08:57:06,7600.0,7609.75,Call CEX 4,CEX,1073443.197,7401.212252439808,9245.955462619126
2026-09-01 08:57:06,7600.0,7609.75,Call DEX 5,DEX,161.682,7401.212252439808,9245.955462619126
2026-09-01 08:57:06,7600.0,7609.75,Call VEX 5,VEX,1635123.137,7401.212252439808,9245.955462619126
2026-09-01 08:57:06,7625.0,7634.75,Call CEX 5,CEX,1002706.194,7401.212252439808,9245.955462619126
2026-09-01 08:57:06,7650.0,7659.75,Call CEX 3,CEX,1215444.563,7401.212252439808,9245.955462619126
2026-09-01 08:57:06,7650.0,7659.75,Put GEX 3,GEX,-331638.687,7401.212252439808,9245.955462619126
2026-09-01 08:57:06,7675.0,7684.75,Put CEX 2,CEX,-2021274.451,7401.212252439808,9245.955462619126
2026-09-01 08:57:06,7690.0,7699.75,Put CEX 4,CEX,-1566749.552,7401.212252439808,9245.955462619126
2026-09-01 08:57:06,7700.0,7709.75,Put CEX 3,CEX,-2017349.822,7401.212252439808,9245.955462619126
2026-09-01 08:57:06,7700.0,7709.75,Put DEX 2,DEX,-107.721,7401.212252439808,9245.955462619126
2026-09-01 08:57:06,7750.0,7760.0,Put CEX 5,CEX,-1439624.759,7401.212252439808,9245.955462619126
2026-09-01 08:57:06,7750.0,7760.0,Put DEX 4,DEX,-45.134,7401.212252439808,9245.955462619126
2026-09-01 08:57:06,7750.0,7760.0,Call GEX 3,GEX,341784.529,7401.212252439808,9245.955462619126
2026-09-01 08:57:06,7750.0,7760.0,Put VEX 4,VEX,-882267.653,7401.212252439808,9245.955462619126
2026-09-01 08:57:06,7780.0,7790.0,Put DEX 5,DEX,-34.06,7401.212252439808,9245.955462619126
2026-09-01 08:57:06,7800.0,7810.0,Call GEX 1,GEX,618308.667,7401.212252439808,9245.955462619126
2026-09-01 08:57:06,7800.0,7810.0,Put VEX 2,VEX,-1555138.808,7401.212252439808,9245.955462619126
2026-09-01 08:57:06,7850.0,7860.0,Call GEX 4,GEX,327385.179,7401.212252439808,9245.955462619126
2026-09-01 08:57:06,7850.0,7860.0,Put VEX 5,VEX,-606767.551,7401.212252439808,9245.955462619126
2026-09-01 08:57:06,7900.0,7910.0,Call GEX 2,GEX,443616.78,7401.212252439808,9245.955462619126
2026-09-01 08:57:06,7900.0,7910.0,Put VEX 3,VEX,-1011231.782,7401.212252439808,9245.955462619126
2026-09-01 08:57:06,7950.0,7960.25,Call GEX 5,GEX,195821.448,7401.212252439808,9245.955462619126
2026-09-01 08:57:06,8000.0,8010.25,Put CEX 1,CEX,-3370956.063,7401.212252439808,9245.955462619126
2026-09-01 08:57:06,8000.0,8010.25,Put DEX 1,DEX,-2452.09,7401.212252439808,9245.955462619126
2026-09-01 08:57:06,8000.0,8010.25,Put GEX 4,GEX,-311218.433,7401.212252439808,9245.955462619126
2026-09-01 08:57:06,8000.0,8010.25,Put VEX 1,VEX,-10786408.988,7401.212252439808,9245.955462619126
2026-09-01 08:57:54,7000.0,7009.5,Call CEX 2,CEX,1239378.191,7401.666766581914,9248.388232532663
2026-09-01 08:57:54,7000.0,7009.5,Put DEX 3,DEX,-64.382,7401.666766581914,9248.388232532663
2026-09-01 08:57:54,7000.0,7009.5,Put GEX 1,GEX,-715066.566,7401.666766581914,9248.388232532663
2026-09-01 08:57:54,7000.0,7009.5,Call VEX 1,VEX,5514005.912,7401.666766581914,9248.388232532663
2026-09-01 08:57:54,7300.0,7310.0,Call DEX 1,DEX,289.579,7401.666766581914,9248.388232532663
2026-09-01 08:57:54,7400.0,7410.25,Call DEX 2,DEX,245.399,7401.666766581914,9248.388232532663
2026-09-01 08:57:54,7400.0,7410.25,Call VEX 3,VEX,2078085.835,7401.666766581914,9248.388232532663
2026-09-01 08:57:54,7450.0,7460.25,Call DEX 3,DEX,244.288,7401.666766581914,9248.388232532663
2026-09-01 08:57:54,7450.0,7460.25,Call VEX 4,VEX,1882336.348,7401.666766581914,9248.388232532663
2026-09-01 08:57:54,7500.0,7510.25,Call CEX 1,CEX,1243809.271,7401.666766581914,9248.388232532663
2026-09-01 08:57:54,7500.0,7510.25,Call DEX 4,DEX,227.398,7401.666766581914,9248.388232532663
2026-09-01 08:57:54,7500.0,7510.25,Put GEX 2,GEX,-518238.03,7401.666766581914,9248.388232532663
2026-09-01 08:57:54,7500.0,7510.25,Call VEX 2,VEX,3160271.866,7401.666766581914,9248.388232532663
2026-09-01 08:57:54,7550.0,7560.25,Put GEX 5,GEX,-303874.87,7401.666766581914,9248.388232532663
2026-09-01 08:57:54,7600.0,7610.5,Call CEX 4,CEX,1170583.806,7401.666766581914,9248.388232532663
2026-09-01 08:57:54,7600.0,7610.5,Call DEX 5,DEX,165.973,7401.666766581914,9248.388232532663
2026-09-01 08:57:54,7600.0,7610.5,Call VEX 5,VEX,1628626.246,7401.666766581914,9248.388232532663
2026-09-01 08:57:54,7625.0,7635.5,Call CEX 3,CEX,1202917.064,7401.666766581914,9248.388232532663
2026-09-01 08:57:54,7650.0,7660.5,Call CEX 5,CEX,1166984.929,7401.666766581914,9248.388232532663
2026-09-01 08:57:54,7650.0,7660.5,Put GEX 3,GEX,-352235.803,7401.666766581914,9248.388232532663
2026-09-01 08:57:54,7675.0,7685.5,Put CEX 2,CEX,-2113261.835,7401.666766581914,9248.388232532663
2026-09-01 08:57:54,7680.0,7690.5,Put CEX 5,CEX,-1328537.595,7401.666766581914,9248.388232532663
2026-09-01 08:57:54,7690.0,7700.5,Put CEX 4,CEX,-1474876.877,7401.666766581914,9248.388232532663
2026-09-01 08:57:54,7700.0,7710.5,Put CEX 3,CEX,-1875266.57,7401.666766581914,9248.388232532663
2026-09-01 08:57:54,7700.0,7710.5,Put DEX 2,DEX,-110.607,7401.666766581914,9248.388232532663
2026-09-01 08:57:54,7750.0,7760.5,Put DEX 4,DEX,-47.005,7401.666766581914,9248.388232532663
2026-09-01 08:57:54,7750.0,7760.5,Call GEX 3,GEX,346150.88,7401.666766581914,9248.388232532663
2026-09-01 08:57:54,7750.0,7760.5,Put VEX 4,VEX,-883858.59,7401.666766581914,9248.388232532663
2026-09-01 08:57:54,7780.0,7790.75,Put DEX 5,DEX,-34.41,7401.666766581914,9248.388232532663
2026-09-01 08:57:54,7800.0,7810.75,Call GEX 1,GEX,617513.586,7401.666766581914,9248.388232532663
2026-09-01 08:57:54,7800.0,7810.75,Put VEX 2,VEX,-1559716.438,7401.666766581914,9248.388232532663
2026-09-01 08:57:54,7850.0,7860.75,Call GEX 4,GEX,326169.257,7401.666766581914,9248.388232532663
2026-09-01 08:57:54,7850.0,7860.75,Put VEX 5,VEX,-607646.228,7401.666766581914,9248.388232532663
2026-09-01 08:57:54,7900.0,7910.75,Call GEX 2,GEX,442086.552,7401.666766581914,9248.388232532663
2026-09-01 08:57:54,7900.0,7910.75,Put VEX 3,VEX,-1011513.029,7401.666766581914,9248.388232532663
2026-09-01 08:57:54,7950.0,7961.0,Call GEX 5,GEX,194998.206,7401.666766581914,9248.388232532663
2026-09-01 08:57:54,8000.0,8011.0,Put CEX 1,CEX,-3364873.617,7401.666766581914,9248.388232532663
2026-09-01 08:57:54,8000.0,8011.0,Put DEX 1,DEX,-2455.625,7401.666766581914,9248.388232532663
2026-09-01 08:57:54,8000.0,8011.0,Put GEX 4,GEX,-320415.839,7401.666766581914,9248.388232532663
2026-09-01 08:57:54,8000.0,8011.0,Put VEX 1,VEX,-10778456.533,7401.666766581914,9248.388232532663
2026-09-01 08:58:41,7000.0,7008.75,Call CEX 2,CEX,1244140.016,7427.17721276088,9250.51987335416
2026-09-01 08:58:41,7000.0,7008.75,Put DEX 3,DEX,-65.869,7427.17721276088,9250.51987335416
2026-09-01 08:58:41,7000.0,7008.75,Put GEX 1,GEX,-718699.416,7427.17721276088,9250.51987335416
2026-09-01 08:58:41,7000.0,7008.75,Call VEX 1,VEX,5530963.035,7427.17721276088,9250.51987335416
2026-09-01 08:58:41,7300.0,7309.0,Call DEX 1,DEX,287.842,7427.17721276088,9250.51987335416
2026-09-01 08:58:41,7400.0,7409.25,Call DEX 2,DEX,244.021,7427.17721276088,9250.51987335416
2026-09-01 08:58:41,7400.0,7409.25,Call VEX 3,VEX,2080308.361,7427.17721276088,9250.51987335416
2026-09-01 08:58:41,7450.0,7459.25,Call DEX 3,DEX,242.392,7427.17721276088,9250.51987335416
2026-09-01 08:58:41,7450.0,7459.25,Call VEX 4,VEX,1883598.245,7427.17721276088,9250.51987335416
2026-09-01 08:58:41,7500.0,7509.25,Call CEX 1,CEX,1245697.761,7427.17721276088,9250.51987335416
2026-09-01 08:58:41,7500.0,7509.25,Call DEX 4,DEX,223.941,7427.17721276088,9250.51987335416
2026-09-01 08:58:41,7500.0,7509.25,Put GEX 2,GEX,-521755.722,7427.17721276088,9250.51987335416
2026-09-01 08:58:41,7500.0,7509.25,Call VEX 2,VEX,3151204.878,7427.17721276088,9250.51987335416
2026-09-01 08:58:41,7550.0,7559.5,Put GEX 5,GEX,-310295.375,7427.17721276088,9250.51987335416
2026-09-01 08:58:41,7600.0,7609.5,Call CEX 3,CEX,1133347.512,7427.17721276088,9250.51987335416
2026-09-01 08:58:41,7600.0,7609.5,Call DEX 5,DEX,155.456,7427.17721276088,9250.51987335416
2026-09-01 08:58:41,7600.0,7609.5,Call VEX 5,VEX,1601624.657,7427.17721276088,9250.51987335416
2026-09-01 08:58:41,7625.0,7634.5,Call CEX 4,CEX,1049860.955,7427.17721276088,9250.51987335416
2026-09-01 08:58:41,7650.0,7659.5,Call CEX 5,CEX,1034116.042,7427.17721276088,9250.51987335416
2026-09-01 08:58:41,7650.0,7659.5,Put GEX 3,GEX,-346586.965,7427.17721276088,9250.51987335416
2026-09-01 08:58:41,7675.0,7684.5,Put CEX 2,CEX,-2165502.884,7427.17721276088,9250.51987335416
2026-09-01 08:58:41,7690.0,7699.5,Put CEX 4,CEX,-1496615.206,7427.17721276088,9250.51987335416
2026-09-01 08:58:41,7700.0,7709.5,Put CEX 3,CEX,-1951250.397,7427.17721276088,9250.51987335416
2026-09-01 08:58:41,7700.0,7709.5,Put DEX 2,DEX,-114.962,7427.17721276088,9250.51987335416
2026-09-01 08:58:41,7750.0,7759.75,Put CEX 5,CEX,-1410164.368,7427.17721276088,9250.51987335416
2026-09-01 08:58:41,7750.0,7759.75,Put DEX 4,DEX,-49.193,7427.17721276088,9250.51987335416
2026-09-01 08:58:41,7750.0,7759.75,Call GEX 3,GEX,337298.75,7427.17721276088,9250.51987335416
2026-09-01 08:58:41,7750.0,7759.75,Put VEX 4,VEX,-900757.125,7427.17721276088,9250.51987335416
2026-09-01 08:58:41,7780.0,7789.75,Put DEX 5,DEX,-35.169,7427.17721276088,9250.51987335416
2026-09-01 08:58:41,7800.0,7809.75,Call GEX 1,GEX,609317.999,7427.17721276088,9250.51987335416
2026-09-01 08:58:41,7800.0,7809.75,Put VEX 2,VEX,-1570767.994,7427.17721276088,9250.51987335416
2026-09-01 08:58:41,7850.0,7859.75,Call GEX 4,GEX,322679.247,7427.17721276088,9250.51987335416
2026-09-01 08:58:41,7850.0,7859.75,Put VEX 5,VEX,-606745.649,7427.17721276088,9250.51987335416
2026-09-01 08:58:41,7900.0,7909.75,Call GEX 2,GEX,437154.194,7427.17721276088,9250.51987335416
2026-09-01 08:58:41,7900.0,7909.75,Put VEX 3,VEX,-1007103.204,7427.17721276088,9250.51987335416
2026-09-01 08:58:41,7950.0,7960.0,Call GEX 5,GEX,193108.858,7427.17721276088,9250.51987335416
2026-09-01 08:58:41,8000.0,8010.0,Put CEX 1,CEX,-3348951.979,7427.17721276088,9250.51987335416
2026-09-01 08:58:41,8000.0,8010.0,Put DEX 1,DEX,-2462.082,7427.17721276088,9250.51987335416
2026-09-01 08:58:41,8000.0,8010.0,Put GEX 4,GEX,-323070.519,7427.17721276088,9250.51987335416
2026-09-01 08:58:41,8000.0,8010.0,Put VEX 1,VEX,-10747163.755,7427.17721276088,9250.51987335416
2026-09-01 08:59:29,7000.0,7009.5,Call CEX 4,CEX,1243849.413,7403.944482484766,9248.814480128029
2026-09-01 08:59:29,7000.0,7009.5,Put DEX 3,DEX,-65.661,7403.944482484766,9248.814480128029
2026-09-01 08:59:29,7000.0,7009.5,Put GEX 1,GEX,-716992.093,7403.944482484766,9248.814480128029
2026-09-01 08:59:29,7000.0,7009.5,Call VEX 1,VEX,5532479.759,7403.944482484766,9248.814480128029
2026-09-01 08:59:29,7300.0,7310.0,Call DEX 1,DEX,286.147,7403.944482484766,9248.814480128029
2026-09-01 08:59:29,7400.0,7410.0,Call DEX 3,DEX,243.416,7403.944482484766,9248.814480128029
2026-09-01 08:59:29,7400.0,7410.0,Call VEX 3,VEX,2090594.503,7403.944482484766,9248.814480128029
2026-09-01 08:59:29,7450.0,7460.0,Call DEX 2,DEX,245.789,7403.944482484766,9248.814480128029
2026-09-01 08:59:29,7450.0,7460.0,Call VEX 4,VEX,1888050.183,7403.944482484766,9248.814480128029
2026-09-01 08:59:29,7500.0,7510.25,Call CEX 1,CEX,1277418.357,7403.944482484766,9248.814480128029
2026-09-01 08:59:29,7500.0,7510.25,Call DEX 4,DEX,228.583,7403.944482484766,9248.814480128029
2026-09-01 08:59:29,7500.0,7510.25,Put GEX 2,GEX,-519618.081,7403.944482484766,9248.814480128029
2026-09-01 08:59:29,7500.0,7510.25,Call VEX 2,VEX,3161051.438,7403.944482484766,9248.814480128029
2026-09-01 08:59:29,7550.0,7560.25,Put GEX 4,GEX,-312836.838,7403.944482484766,9248.814480128029
2026-09-01 08:59:29,7600.0,7610.25,Call CEX 3,CEX,1260839.799,7403.944482484766,9248.814480128029
2026-09-01 08:59:29,7600.0,7610.25,Call DEX 5,DEX,162.89,7403.944482484766,9248.814480128029
2026-09-01 08:59:29,7600.0,7610.25,Call VEX 5,VEX,1615195.308,7403.944482484766,9248.814480128029
2026-09-01 08:59:29,7625.0,7635.25,Call CEX 2,CEX,1263911.802,7403.944482484766,9248.814480128029
2026-09-01 08:59:29,7650.0,7660.5,Call CEX 5,CEX,1096623.242,7403.944482484766,9248.814480128029
2026-09-01 08:59:29,7650.0,7660.5,Put GEX 3,GEX,-374177.642,7403.944482484766,9248.814480128029
2026-09-01 08:59:29,7675.0,7685.5,Put CEX 2,CEX,-2192427.899,7403.944482484766,9248.814480128029
2026-09-01 08:59:29,7680.0,7690.5,Put CEX 4,CEX,-1316381.878,7403.944482484766,9248.814480128029
2026-09-01 08:59:29,7690.0,7700.5,Put CEX 5,CEX,-1274888.85,7403.944482484766,9248.814480128029
2026-09-01 08:59:29,7700.0,7710.5,Put CEX 3,CEX,-1657288.979,7403.944482484766,9248.814480128029
2026-09-01 08:59:29,7700.0,7710.5,Put DEX 2,DEX,-113.781,7403.944482484766,9248.814480128029
2026-09-01 08:59:29,7750.0,7760.5,Put DEX 4,DEX,-42.226,7403.944482484766,9248.814480128029
2026-09-01 08:59:29,7750.0,7760.5,Call GEX 3,GEX,343617.376,7403.944482484766,9248.814480128029
2026-09-01 08:59:29,7750.0,7760.5,Put VEX 4,VEX,-885686.781,7403.944482484766,9248.814480128029
2026-09-01 08:59:29,7780.0,7790.5,Put DEX 5,DEX,-34.063,7403.944482484766,9248.814480128029
2026-09-01 08:59:29,7800.0,7810.5,Call GEX 1,GEX,610879.843,7403.944482484766,9248.814480128029
2026-09-01 08:59:29,7800.0,7810.5,Put VEX 2,VEX,-1564216.43,7403.944482484766,9248.814480128029
2026-09-01 08:59:29,7850.0,7860.75,Call GEX 4,GEX,324241.16,7403.944482484766,9248.814480128029
2026-09-01 08:59:29,7850.0,7860.75,Put VEX 5,VEX,-605751.106,7403.944482484766,9248.814480128029
2026-09-01 08:59:29,7900.0,7910.75,Call GEX 2,GEX,438797.521,7403.944482484766,9248.814480128029
2026-09-01 08:59:29,7900.0,7910.75,Put VEX 3,VEX,-1008681.82,7403.944482484766,9248.814480128029
2026-09-01 08:59:29,7950.0,7960.75,Call GEX 5,GEX,193707.573,7403.944482484766,9248.814480128029
2026-09-01 08:59:29,8000.0,8010.75,Put CEX 1,CEX,-3329898.974,7403.944482484766,9248.814480128029
2026-09-01 08:59:29,8000.0,8010.75,Put DEX 1,DEX,-2472.232,7403.944482484766,9248.814480128029
2026-09-01 08:59:29,8000.0,8010.75,Put GEX 5,GEX,-309451.539,7403.944482484766,9248.814480128029
2026-09-01 08:59:29,8000.0,8010.75,Put VEX 1,VEX,-10705642.782,7403.944482484766,9248.814480128029
2026-09-01 09:00:17,7000.0,7009.25,Call CEX 2,CEX,1243745.662,7416.620417189878,9248.512344852588
2026-09-01 09:00:17,7000.0,7009.25,Put DEX 3,DEX,-65.489,7416.620417189878,9248.512344852588
2026-09-01 09:00:17,7000.0,7009.25,Put GEX 1,GEX,-717579.103,7416.620417189878,9248.512344852588
2026-09-01 09:00:17,7000.0,7009.25,Call VEX 1,VEX,5528544.539,7416.620417189878,9248.512344852588
2026-09-01 09:00:17,7300.0,7309.5,Call DEX 1,DEX,288.223,7416.620417189878,9248.512344852588
2026-09-01 09:00:17,7400.0,7409.75,Call DEX 2,DEX,244.087,7416.620417189878,9248.512344852588
2026-09-01 09:00:17,7400.0,7409.75,Call VEX 3,VEX,2083781.891,7416.620417189878,9248.512344852588
2026-09-01 09:00:17,7450.0,7459.75,Call DEX 3,DEX,243.256,7416.620417189878,9248.512344852588
2026-09-01 09:00:17,7450.0,7459.75,Call VEX 4,VEX,1884955.776,7416.620417189878,9248.512344852588
2026-09-01 09:00:17,7500.0,7509.75,Call CEX 1,CEX,1251493.517,7416.620417189878,9248.512344852588
2026-09-01 09:00:17,7500.0,7509.75,Call DEX 4,DEX,225.409,7416.620417189878,9248.512344852588
2026-09-01 09:00:17,7500.0,7509.75,Put GEX 2,GEX,-520831.697,7416.620417189878,9248.512344852588
2026-09-01 09:00:17,7500.0,7509.75,Call VEX 2,VEX,3158406.732,7416.620417189878,9248.512344852588
2026-09-01 09:00:17,7550.0,7560.0,Put GEX 5,GEX,-310029.652,7416.620417189878,9248.512344852588
2026-09-01 09:00:17,7600.0,7610.0,Call CEX 3,CEX,1112123.456,7416.620417189878,9248.512344852588
2026-09-01 09:00:17,7600.0,7610.0,Call DEX 5,DEX,157.266,7416.620417189878,9248.512344852588
2026-09-01 09:00:17,7600.0,7610.0,Call VEX 5,VEX,1612301.301,7416.620417189878,9248.512344852588
2026-09-01 09:00:17,7625.0,7635.0,Call CEX 5,CEX,1057532.031,7416.620417189878,9248.512344852588
2026-09-01 09:00:17,7650.0,7660.0,Call CEX 4,CEX,1110871.644,7416.620417189878,9248.512344852588
2026-09-01 09:00:17,7650.0,7660.0,Put GEX 3,GEX,-353488.436,7416.620417189878,9248.512344852588
2026-09-01 09:00:17,7675.0,7685.0,Put CEX 2,CEX,-2158698.683,7416.620417189878,9248.512344852588
2026-09-01 09:00:17,7690.0,7700.0,Put CEX 4,CEX,-1499850.869,7416.620417189878,9248.512344852588
2026-09-01 09:00:17,7700.0,7710.0,Put CEX 3,CEX,-1944030.021,7416.620417189878,9248.512344852588
2026-09-01 09:00:17,7700.0,7710.0,Put DEX 2,DEX,-112.721,7416.620417189878,9248.512344852588
2026-09-01 09:00:17,7750.0,7760.25,Put CEX 5,CEX,-1393086.917,7416.620417189878,9248.512344852588
2026-09-01 09:00:17,7750.0,7760.25,Put DEX 4,DEX,-47.981,7416.620417189878,9248.512344852588
2026-09-01 09:00:17,7750.0,7760.25,Call GEX 3,GEX,338386.461,7416.620417189878,9248.512344852588
2026-09-01 09:00:17,7750.0,7760.25,Put VEX 4,VEX,-893332.04,7416.620417189878,9248.512344852588
2026-09-01 09:00:17,7780.0,7790.25,Put DEX 5,DEX,-34.799,7416.620417189878,9248.512344852588
2026-09-01 09:00:17,7800.0,7810.25,Call GEX 1,GEX,612674.763,7416.620417189878,9248.512344852588
2026-09-01 09:00:17,7800.0,7810.25,Put VEX 2,VEX,-1564653.039,7416.620417189878,9248.512344852588
2026-09-01 09:00:17,7850.0,7860.25,Call GEX 4,GEX,324304.67,7416.620417189878,9248.512344852588
2026-09-01 09:00:17,7850.0,7860.25,Put VEX 5,VEX,-606073.367,7416.620417189878,9248.512344852588
2026-09-01 09:00:17,7900.0,7910.25,Call GEX 2,GEX,439025.247,7416.620417189878,9248.512344852588
2026-09-01 09:00:17,7900.0,7910.25,Put VEX 3,VEX,-1008519.49,7416.620417189878,9248.512344852588
2026-09-01 09:00:17,7950.0,7960.5,Call GEX 5,GEX,193834.468,7416.620417189878,9248.512344852588
2026-09-01 09:00:17,8000.0,8010.5,Put CEX 1,CEX,-3333708.011,7416.620417189878,9248.512344852588
2026-09-01 09:00:17,8000.0,8010.5,Put DEX 1,DEX,-2465.276,7416.620417189878,9248.512344852588
2026-09-01 09:00:17,8000.0,8010.5,Put GEX 4,GEX,-314470.433,7416.620417189878,9248.512344852588
2026-09-01 09:00:17,8000.0,8010.5,Put VEX 1,VEX,-10725278.276,7416.620417189878,9248.512344852588
2026-09-01 09:01:06,7000.0,7009.25,Call CEX 3,CEX,1244622.877,7426.307324481922,9249.14429292762
2026-09-01 09:01:06,7000.0,7009.25,Put DEX 3,DEX,-66.117,7426.307324481922,9249.14429292762
2026-09-01 09:01:06,7000.0,7009.25,Put GEX 1,GEX,-717970.807,7426.307324481922,9249.14429292762
2026-09-01 09:01:06,7000.0,7009.25,Call VEX 1,VEX,5535224.584,7426.307324481922,9249.14429292762
2026-09-01 09:01:06,7300.0,7309.75,Call DEX 1,DEX,287.489,7426.307324481922,9249.14429292762
2026-09-01 09:01:06,7400.0,7409.75,Call DEX 2,DEX,243.327,7426.307324481922,9249.14429292762
2026-09-01 09:01:06,7400.0,7409.75,Call VEX 3,VEX,2085673.896,7426.307324481922,9249.14429292762
2026-09-01 09:01:06,7450.0,7460.0,Call DEX 3,DEX,242.471,7426.307324481922,9249.14429292762
2026-09-01 09:01:06,7450.0,7460.0,Call VEX 4,VEX,1885029.071,7426.307324481922,9249.14429292762
2026-09-01 09:01:06,7500.0,7510.0,Call CEX 1,CEX,1251289.093,7426.307324481922,9249.14429292762
2026-09-01 09:01:06,7500.0,7510.0,Call DEX 4,DEX,224.259,7426.307324481922,9249.14429292762
2026-09-01 09:01:06,7500.0,7510.0,Put GEX 2,GEX,-522526.381,7426.307324481922,9249.14429292762
2026-09-01 09:01:06,7500.0,7510.0,Call VEX 2,VEX,3154143.594,7426.307324481922,9249.14429292762
2026-09-01 09:01:06,7550.0,7560.0,Put GEX 5,GEX,-312376.914,7426.307324481922,9249.14429292762
2026-09-01 09:01:06,7600.0,7610.0,Call CEX 4,CEX,1141858.904,7426.307324481922,9249.14429292762
2026-09-01 09:01:06,7600.0,7610.0,Call DEX 5,DEX,155.402,7426.307324481922,9249.14429292762
2026-09-01 09:01:06,7600.0,7610.0,Call VEX 5,VEX,1602752.536,7426.307324481922,9249.14429292762
2026-09-01 09:01:06,7625.0,7635.25,Call CEX 2,CEX,1251164.069,7426.307324481922,9249.14429292762
2026-09-01 09:01:06,7650.0,7660.25,Call CEX 5,CEX,1053564.079,7426.307324481922,9249.14429292762
2026-09-01 09:01:06,7650.0,7660.25,Put GEX 3,GEX,-365954.825,7426.307324481922,9249.14429292762
2026-09-01 09:01:06,7675.0,7685.25,Put CEX 2,CEX,-2208024.342,7426.307324481922,9249.14429292762
2026-09-01 09:01:06,7690.0,7700.25,Put CEX 4,CEX,-1421136.196,7426.307324481922,9249.14429292762
2026-09-01 09:01:06,7700.0,7710.25,Put CEX 3,CEX,-1809660.105,7426.307324481922,9249.14429292762
2026-09-01 09:01:06,7700.0,7710.25,Put DEX 2,DEX,-115.097,7426.307324481922,9249.14429292762
2026-09-01 09:01:06,7750.0,7760.25,Put CEX 5,CEX,-1343504.406,7426.307324481922,9249.14429292762
2026-09-01 09:01:06,7750.0,7760.25,Put DEX 4,DEX,-49.232,7426.307324481922,9249.14429292762
2026-09-01 09:01:06,7750.0,7760.25,Call GEX 3,GEX,338443.662,7426.307324481922,9249.14429292762
2026-09-01 09:01:06,7750.0,7760.25,Put VEX 4,VEX,-896420.018,7426.307324481922,9249.14429292762
2026-09-01 09:01:06,7780.0,7790.25,Put DEX 5,DEX,-35.112,7426.307324481922,9249.14429292762
2026-09-01 09:01:06,7800.0,7810.5,Call GEX 1,GEX,609163.857,7426.307324481922,9249.14429292762
2026-09-01 09:01:06,7800.0,7810.5,Put VEX 2,VEX,-1568810.161,7426.307324481922,9249.14429292762
2026-09-01 09:01:06,7850.0,7860.5,Call GEX 4,GEX,322920.822,7426.307324481922,9249.14429292762
2026-09-01 09:01:06,7850.0,7860.5,Put VEX 5,VEX,-606117.776,7426.307324481922,9249.14429292762
2026-09-01 09:01:06,7900.0,7910.5,Call GEX 2,GEX,437496.671,7426.307324481922,9249.14429292762
2026-09-01 09:01:06,7900.0,7910.5,Put VEX 3,VEX,-1008182.832,7426.307324481922,9249.14429292762
2026-09-01 09:01:06,7950.0,7960.5,Call GEX 5,GEX,193303.019,7426.307324481922,9249.14429292762
2026-09-01 09:01:06,8000.0,8010.75,Put CEX 1,CEX,-3334370.447,7426.307324481922,9249.14429292762
2026-09-01 09:01:06,8000.0,8010.75,Put DEX 1,DEX,-2468.359,7426.307324481922,9249.14429292762
2026-09-01 09:01:06,8000.0,8010.75,Put GEX 4,GEX,-314858.12,7426.307324481922,9249.14429292762
2026-09-01 09:01:06,8000.0,8010.75,Put VEX 1,VEX,-10719491.231,7426.307324481922,9249.14429292762
2026-09-01 09:01:54,7000.0,7009.25,Call CEX 2,CEX,1244628.873,7426.261306946449,9248.80243307537
2026-09-01 09:01:54,7000.0,7009.25,Put DEX 3,DEX,-65.99,7426.261306946449,9248.80243307537
2026-09-01 09:01:54,7000.0,7009.25,Put GEX 1,GEX,-718290.865,7426.261306946449,9248.80243307537
2026-09-01 09:01:54,7000.0,7009.25,Call VEX 1,VEX,5533210.465,7426.261306946449,9248.80243307537
2026-09-01 09:01:54,7300.0,7309.75,Call DEX 1,DEX,288.012,7426.261306946449,9248.80243307537
2026-09-01 09:01:54,7400.0,7409.75,Call DEX 2,DEX,243.354,7426.261306946449,9248.80243307537
2026-09-01 09:01:54,7400.0,7409.75,Call VEX 3,VEX,2085414.55,7426.261306946449,9248.80243307537
2026-09-01 09:01:54,7450.0,7459.75,Call DEX 3,DEX,242.972,7426.261306946449,9248.80243307537
2026-09-01 09:01:54,7450.0,7459.75,Call VEX 4,VEX,1883885.605,7426.261306946449,9248.80243307537
2026-09-01 09:01:54,7500.0,7510.0,Call CEX 1,CEX,1251683.544,7426.261306946449,9248.80243307537
2026-09-01 09:01:54,7500.0,7510.0,Call DEX 4,DEX,223.726,7426.261306946449,9248.80243307537
2026-09-01 09:01:54,7500.0,7510.0,Put GEX 2,GEX,-521622.771,7426.261306946449,9248.80243307537
2026-09-01 09:01:54,7500.0,7510.0,Call VEX 2,VEX,3153315.353,7426.261306946449,9248.80243307537
2026-09-01 09:01:54,7550.0,7560.0,Put GEX 5,GEX,-312495.334,7426.261306946449,9248.80243307537
2026-09-01 09:01:54,7600.0,7610.0,Call CEX 4,CEX,1142076.997,7426.261306946449,9248.80243307537
2026-09-01 09:01:54,7600.0,7610.0,Call DEX 5,DEX,155.846,7426.261306946449,9248.80243307537
2026-09-01 09:01:54,7600.0,7610.0,Call VEX 5,VEX,1604773.196,7426.261306946449,9248.80243307537
2026-09-01 09:01:54,7625.0,7635.0,Call CEX 3,CEX,1149516.411,7426.261306946449,9248.80243307537
2026-09-01 09:01:54,7650.0,7660.0,Call CEX 5,CEX,1070180.88,7426.261306946449,9248.80243307537
2026-09-01 09:01:54,7650.0,7660.0,Put GEX 3,GEX,-353715.501,7426.261306946449,9248.80243307537
2026-09-01 09:01:54,7675.0,7685.25,Put CEX 2,CEX,-2191576.677,7426.261306946449,9248.80243307537
2026-09-01 09:01:54,7690.0,7700.25,Put CEX 4,CEX,-1484029.514,7426.261306946449,9248.80243307537
2026-09-01 09:01:54,7700.0,7710.25,Put CEX 3,CEX,-1918410.861,7426.261306946449,9248.80243307537
2026-09-01 09:01:54,7700.0,7710.25,Put DEX 2,DEX,-114.454,7426.261306946449,9248.80243307537
2026-09-01 09:01:54,7750.0,7760.25,Put CEX 5,CEX,-1397709.01,7426.261306946449,9248.80243307537
2026-09-01 09:01:54,7750.0,7760.25,Put DEX 4,DEX,-49.001,7426.261306946449,9248.80243307537
2026-09-01 09:01:54,7750.0,7760.25,Call GEX 3,GEX,338019.691,7426.261306946449,9248.80243307537
2026-09-01 09:01:54,7750.0,7760.25,Put VEX 4,VEX,-898577.966,7426.261306946449,9248.80243307537
2026-09-01 09:01:54,7780.0,7790.25,Put DEX 5,DEX,-35.031,7426.261306946449,9248.80243307537
2026-09-01 09:01:54,7800.0,7810.25,Call GEX 1,GEX,610490.694,7426.261306946449,9248.80243307537
2026-09-01 09:01:54,7800.0,7810.25,Put VEX 2,VEX,-1568497.507,7426.261306946449,9248.80243307537
2026-09-01 09:01:54,7850.0,7860.25,Call GEX 4,GEX,323159.822,7426.261306946449,9248.80243307537
2026-09-01 09:01:54,7850.0,7860.25,Put VEX 5,VEX,-606475.881,7426.261306946449,9248.80243307537
2026-09-01 09:01:54,7900.0,7910.5,Call GEX 2,GEX,437841.7,7426.261306946449,9248.80243307537
2026-09-01 09:01:54,7900.0,7910.5,Put VEX 3,VEX,-1008429.771,7426.261306946449,9248.80243307537
2026-09-01 09:01:54,7950.0,7960.5,Call GEX 5,GEX,193352.778,7426.261306946449,9248.80243307537
2026-09-01 09:01:54,8000.0,8010.5,Put CEX 1,CEX,-3343189.758,7426.261306946449,9248.80243307537
2026-09-01 09:01:54,8000.0,8010.5,Put DEX 1,DEX,-2462.807,7426.261306946449,9248.80243307537
2026-09-01 09:01:54,8000.0,8010.5,Put GEX 4,GEX,-326208.198,7426.261306946449,9248.80243307537
2026-09-01 09:01:54,8000.0,8010.5,Put VEX 1,VEX,-10729786.337,7426.261306946449,9248.80243307537
2026-09-01 09:02:42,7000.0,7009.0,Call CEX 2,CEX,1248583.808,7428.126480322619,9246.426385777895
2026-09-01 09:02:42,7000.0,7009.0,Put DEX 3,DEX,-66.887,7428.126480322619,9246.426385777895
2026-09-01 09:02:42,7000.0,7009.0,Put GEX 1,GEX,-722139.687,7428.126480322619,9246.426385777895
2026-09-01 09:02:42,7000.0,7009.0,Call VEX 1,VEX,5541733.836,7428.126480322619,9246.426385777895
2026-09-01 09:02:42,7300.0,7309.5,Call DEX 1,DEX,289.394,7428.126480322619,9246.426385777895
2026-09-01 09:02:42,7400.0,7409.75,Call DEX 2,DEX,243.542,7428.126480322619,9246.426385777895
2026-09-01 09:02:42,7400.0,7409.75,Call VEX 3,VEX,2078154.179,7428.126480322619,9246.426385777895
2026-09-01 09:02:42,7450.0,7459.75,Call DEX 3,DEX,242.271,7428.126480322619,9246.426385777895
2026-09-01 09:02:42,7450.0,7459.75,Call VEX 4,VEX,1882256.075,7428.126480322619,9246.426385777895
2026-09-01 09:02:42,7500.0,7509.75,Call CEX 1,CEX,1252942.471,7428.126480322619,9246.426385777895
2026-09-01 09:02:42,7500.0,7509.75,Call DEX 4,DEX,222.854,7428.126480322619,9246.426385777895
2026-09-01 09:02:42,7500.0,7509.75,Put GEX 2,GEX,-521533.816,7428.126480322619,9246.426385777895
2026-09-01 09:02:42,7500.0,7509.75,Call VEX 2,VEX,3149149.315,7428.126480322619,9246.426385777895
2026-09-01 09:02:42,7550.0,7559.75,Call CEX 5,CEX,1000083.638,7428.126480322619,9246.426385777895
2026-09-01 09:02:42,7550.0,7559.75,Put GEX 5,GEX,-311538.975,7428.126480322619,9246.426385777895
2026-09-01 09:02:42,7600.0,7610.0,Call CEX 4,CEX,1143955.361,7428.126480322619,9246.426385777895
2026-09-01 09:02:42,7600.0,7610.0,Call DEX 5,DEX,153.816,7428.126480322619,9246.426385777895
2026-09-01 09:02:42,7600.0,7610.0,Call VEX 5,VEX,1593115.611,7428.126480322619,9246.426385777895
2026-09-01 09:02:42,7625.0,7635.0,Call CEX 3,CEX,1243982.327,7428.126480322619,9246.426385777895
2026-09-01 09:02:42,7650.0,7660.0,Put GEX 3,GEX,-361615.017,7428.126480322619,9246.426385777895
2026-09-01 09:02:42,7675.0,7685.0,Put CEX 2,CEX,-2230164.593,7428.126480322619,9246.426385777895
2026-09-01 09:02:42,7690.0,7700.0,Put CEX 4,CEX,-1448994.984,7428.126480322619,9246.426385777895
2026-09-01 09:02:42,7700.0,7710.0,Put CEX 3,CEX,-1885942.943,7428.126480322619,9246.426385777895
2026-09-01 09:02:42,7700.0,7710.0,Put DEX 2,DEX,-117.176,7428.126480322619,9246.426385777895
2026-09-01 09:02:42,7750.0,7760.0,Put CEX 5,CEX,-1375898.193,7428.126480322619,9246.426385777895
2026-09-01 09:02:42,7750.0,7760.0,Put DEX 4,DEX,-50.393,7428.126480322619,9246.426385777895
2026-09-01 09:02:42,7750.0,7760.0,Call GEX 3,GEX,339856.432,7428.126480322619,9246.426385777895
2026-09-01 09:02:42,7750.0,7760.0,Put VEX 4,VEX,-904027.526,7428.126480322619,9246.426385777895
2026-09-01 09:02:42,7780.0,7790.25,Put DEX 5,DEX,-35.328,7428.126480322619,9246.426385777895
2026-09-01 09:02:42,7800.0,7810.25,Call GEX 1,GEX,610875.042,7428.126480322619,9246.426385777895
2026-09-01 09:02:42,7800.0,7810.25,Put VEX 2,VEX,-1572204.781,7428.126480322619,9246.426385777895
2026-09-01 09:02:42,7850.0,7860.25,Call GEX 4,GEX,321945.421,7428.126480322619,9246.426385777895
2026-09-01 09:02:42,7850.0,7860.25,Put VEX 5,VEX,-606774.123,7428.126480322619,9246.426385777895
2026-09-01 09:02:42,7900.0,7910.25,Call GEX 2,GEX,435805.099,7428.126480322619,9246.426385777895
2026-09-01 09:02:42,7900.0,7910.25,Put VEX 3,VEX,-1007211.671,7428.126480322619,9246.426385777895
2026-09-01 09:02:42,7950.0,7960.25,Call GEX 5,GEX,192055.09,7428.126480322619,9246.426385777895
2026-09-01 09:02:42,8000.0,8010.5,Put CEX 1,CEX,-3343966.786,7428.126480322619,9246.426385777895
2026-09-01 09:02:42,8000.0,8010.5,Put DEX 1,DEX,-2457.714,7428.126480322619,9246.426385777895
2026-09-01 09:02:42,8000.0,8010.5,Put GEX 4,GEX,-330554.203,7428.126480322619,9246.426385777895
2026-09-01 09:02:42,8000.0,8010.5,Put VEX 1,VEX,-10739239.379,7428.126480322619,9246.426385777895
2026-09-01 09:03:29,7000.0,7009.5,Call CEX 3,CEX,1248987.598,7436.032420766826,9248.055736019644
2026-09-01 09:03:29,7000.0,7009.5,Put DEX 3,DEX,-67.384,7436.032420766826,9248.055736019644
2026-09-01 09:03:29,7000.0,7009.5,Put GEX 1,GEX,-720987.087,7436.032420766826,9248.055736019644
2026-09-01 09:03:29,7000.0,7009.5,Call VEX 1,VEX,5548877.839,7436.032420766826,9248.055736019644
2026-09-01 09:03:29,7300.0,7309.75,Call DEX 1,DEX,286.578,7436.032420766826,9248.055736019644
2026-09-01 09:03:29,7400.0,7410.0,Call DEX 2,DEX,242.778,7436.032420766826,9248.055736019644
2026-09-01 09:03:29,7400.0,7410.0,Call VEX 3,VEX,2085806.186,7436.032420766826,9248.055736019644
2026-09-01 09:03:29,7450.0,7460.0,Call DEX 3,DEX,241.541,7436.032420766826,9248.055736019644
2026-09-01 09:03:29,7450.0,7460.0,Call VEX 4,VEX,1884698.467,7436.032420766826,9248.055736019644
2026-09-01 09:03:29,7500.0,7510.25,Call CEX 2,CEX,1253233.148,7436.032420766826,9248.055736019644
2026-09-01 09:03:29,7500.0,7510.25,Call DEX 4,DEX,222.651,7436.032420766826,9248.055736019644
2026-09-01 09:03:29,7500.0,7510.25,Put GEX 2,GEX,-523465.691,7436.032420766826,9248.055736019644
2026-09-01 09:03:29,7500.0,7510.25,Call VEX 2,VEX,3150062.978,7436.032420766826,9248.055736019644
2026-09-01 09:03:29,7550.0,7560.25,Call CEX 5,CEX,1001855.216,7436.032420766826,9248.055736019644
2026-09-01 09:03:29,7550.0,7560.25,Put GEX 5,GEX,-314394.659,7436.032420766826,9248.055736019644
2026-09-01 09:03:29,7600.0,7610.25,Call CEX 4,CEX,1191432.388,7436.032420766826,9248.055736019644
2026-09-01 09:03:29,7600.0,7610.25,Call DEX 5,DEX,159.933,7436.032420766826,9248.055736019644
2026-09-01 09:03:29,7600.0,7610.25,Call VEX 5,VEX,1593140.62,7436.032420766826,9248.055736019644
2026-09-01 09:03:29,7625.0,7635.25,Call CEX 1,CEX,1292643.161,7436.032420766826,9248.055736019644
2026-09-01 09:03:29,7650.0,7660.25,Put GEX 3,GEX,-371200.402,7436.032420766826,9248.055736019644
2026-09-01 09:03:29,7675.0,7685.5,Put CEX 2,CEX,-2239314.516,7436.032420766826,9248.055736019644
2026-09-01 09:03:29,7690.0,7700.5,Put CEX 4,CEX,-1409801.046,7436.032420766826,9248.055736019644
2026-09-01 09:03:29,7700.0,7710.5,Put CEX 3,CEX,-1826319.285,7436.032420766826,9248.055736019644
2026-09-01 09:03:29,7700.0,7710.5,Put DEX 2,DEX,-117.071,7436.032420766826,9248.055736019644
2026-09-01 09:03:29,7750.0,7760.5,Put CEX 5,CEX,-1341093.566,7436.032420766826,9248.055736019644
2026-09-01 09:03:29,7750.0,7760.5,Put DEX 4,DEX,-50.306,7436.032420766826,9248.055736019644
2026-09-01 09:03:29,7750.0,7760.5,Call GEX 3,GEX,338208.449,7436.032420766826,9248.055736019644
2026-09-01 09:03:29,7750.0,7760.5,Put VEX 4,VEX,-901592.035,7436.032420766826,9248.055736019644
2026-09-01 09:03:29,7780.0,7790.5,Put DEX 5,DEX,-35.257,7436.032420766826,9248.055736019644
2026-09-01 09:03:29,7800.0,7810.5,Call GEX 1,GEX,607598.616,7436.032420766826,9248.055736019644
2026-09-01 09:03:29,7800.0,7810.5,Put VEX 2,VEX,-1571577.96,7436.032420766826,9248.055736019644
2026-09-01 09:03:29,7850.0,7860.5,Call GEX 4,GEX,321885.65,7436.032420766826,9248.055736019644
2026-09-01 09:03:29,7850.0,7860.5,Put VEX 5,VEX,-606449.074,7436.032420766826,9248.055736019644
2026-09-01 09:03:29,7900.0,7910.75,Call GEX 2,GEX,435555.485,7436.032420766826,9248.055736019644
2026-09-01 09:03:29,7900.0,7910.75,Put VEX 3,VEX,-1006961.59,7436.032420766826,9248.055736019644
2026-09-01 09:03:29,7950.0,7960.75,Call GEX 5,GEX,192230.164,7436.032420766826,9248.055736019644
2026-09-01 09:03:29,8000.0,8010.75,Put CEX 1,CEX,-3318959.029,7436.032420766826,9248.055736019644
2026-09-01 09:03:29,8000.0,8010.75,Put DEX 1,DEX,-2472.113,7436.032420766826,9248.055736019644
2026-09-01 09:03:29,8000.0,8010.75,Put GEX 4,GEX,-321396.572,7436.032420766826,9248.055736019644
2026-09-01 09:03:29,8000.0,8010.75,Put VEX 1,VEX,-10678968.59,7436.032420766826,9248.055736019644
2026-09-01 09:04:16,7000.0,7009.5,Call CEX 3,CEX,1249350.06,7432.586989512351,9248.103698545272
2026-09-01 09:04:16,7000.0,7009.5,Put DEX 3,DEX,-67.71,7432.586989512351,9248.103698545272
2026-09-01 09:04:16,7000.0,7009.5,Put GEX 1,GEX,-720526.926,7432.586989512351,9248.103698545272
2026-09-01 09:04:16,7000.0,7009.5,Call VEX 1,VEX,5553297.508,7432.586989512351,9248.103698545272
2026-09-01 09:04:16,7300.0,7310.0,Call DEX 1,DEX,285.978,7432.586989512351,9248.103698545272
2026-09-01 09:04:16,7400.0,7410.0,Call DEX 2,DEX,242.226,7432.586989512351,9248.103698545272
2026-09-01 09:04:16,7400.0,7410.0,Call VEX 3,VEX,2087352.721,7432.586989512351,9248.103698545272
2026-09-01 09:04:16,7450.0,7460.0,Call DEX 3,DEX,241.088,7432.586989512351,9248.103698545272
2026-09-01 09:04:16,7450.0,7460.0,Call VEX 4,VEX,1885095.993,7432.586989512351,9248.103698545272
2026-09-01 09:04:16,7500.0,7510.25,Call CEX 2,CEX,1254403.991,7432.586989512351,9248.103698545272
2026-09-01 09:04:16,7500.0,7510.25,Call DEX 4,DEX,221.842,7432.586989512351,9248.103698545272
2026-09-01 09:04:16,7500.0,7510.25,Put GEX 2,GEX,-523271.708,7432.586989512351,9248.103698545272
2026-09-01 09:04:16,7500.0,7510.25,Call VEX 2,VEX,3148306.625,7432.586989512351,9248.103698545272
2026-09-01 09:04:16,7550.0,7560.25,Call CEX 5,CEX,1002653.16,7432.586989512351,9248.103698545272
2026-09-01 09:04:16,7550.0,7560.25,Put GEX 5,GEX,-314025.115,7432.586989512351,9248.103698545272
2026-09-01 09:04:16,7600.0,7610.25,Call CEX 4,CEX,1147887.871,7432.586989512351,9248.103698545272
2026-09-01 09:04:16,7600.0,7610.25,Call DEX 5,DEX,153.359,7432.586989512351,9248.103698545272
2026-09-01 09:04:16,7600.0,7610.25,Call VEX 5,VEX,1590483.218,7432.586989512351,9248.103698545272
2026-09-01 09:04:16,7625.0,7635.25,Call CEX 1,CEX,1280620.987,7432.586989512351,9248.103698545272
2026-09-01 09:04:16,7650.0,7660.25,Put GEX 3,GEX,-370814.542,7432.586989512351,9248.103698545272
2026-09-01 09:04:16,7675.0,7685.5,Put CEX 2,CEX,-2246810.001,7432.586989512351,9248.103698545272
2026-09-01 09:04:16,7680.0,7690.5,Put CEX 5,CEX,-1334189.408,7432.586989512351,9248.103698545272
2026-09-01 09:04:16,7690.0,7700.5,Put CEX 4,CEX,-1409801.864,7432.586989512351,9248.103698545272
2026-09-01 09:04:16,7700.0,7710.5,Put CEX 3,CEX,-1787967.004,7432.586989512351,9248.103698545272
2026-09-01 09:04:16,7700.0,7710.5,Put DEX 2,DEX,-117.141,7432.586989512351,9248.103698545272
2026-09-01 09:04:16,7750.0,7760.5,Put DEX 4,DEX,-50.312,7432.586989512351,9248.103698545272
2026-09-01 09:04:16,7750.0,7760.5,Call GEX 3,GEX,338564.71,7432.586989512351,9248.103698545272
2026-09-01 09:04:16,7750.0,7760.5,Put VEX 4,VEX,-900064.552,7432.586989512351,9248.103698545272
2026-09-01 09:04:16,7780.0,7790.5,Put DEX 5,DEX,-35.245,7432.586989512351,9248.103698545272
2026-09-01 09:04:16,7800.0,7810.5,Call GEX 1,GEX,607292.372,7432.586989512351,9248.103698545272
2026-09-01 09:04:16,7800.0,7810.5,Put VEX 2,VEX,-1571275.933,7432.586989512351,9248.103698545272
2026-09-01 09:04:16,7850.0,7860.75,Call GEX 4,GEX,321728.294,7432.586989512351,9248.103698545272
2026-09-01 09:04:16,7850.0,7860.75,Put VEX 5,VEX,-606475.591,7432.586989512351,9248.103698545272
2026-09-01 09:04:16,7900.0,7910.75,Call GEX 2,GEX,435890.239,7432.586989512351,9248.103698545272
2026-09-01 09:04:16,7900.0,7910.75,Put VEX 3,VEX,-1007895.908,7432.586989512351,9248.103698545272
2026-09-01 09:04:16,7950.0,7960.75,Call GEX 5,GEX,192150.932,7432.586989512351,9248.103698545272
2026-09-01 09:04:16,8000.0,8010.75,Put CEX 1,CEX,-3329992.079,7432.586989512351,9248.103698545272
2026-09-01 09:04:16,8000.0,8010.75,Put DEX 1,DEX,-2469.091,7432.586989512351,9248.103698545272
2026-09-01 09:04:16,8000.0,8010.75,Put GEX 4,GEX,-321322.17,7432.586989512351,9248.103698545272
2026-09-01 09:04:16,8000.0,8010.75,Put VEX 1,VEX,-10708061.945,7432.586989512351,9248.103698545272
2026-09-01 09:05:04,7000.0,7009.5,Call CEX 3,CEX,1249099.943,7430.211506473111,9246.967867434723
2026-09-01 09:05:04,7000.0,7009.5,Put DEX 3,DEX,-67.536,7430.211506473111,9246.967867434723
2026-09-01 09:05:04,7000.0,7009.5,Put GEX 1,GEX,-720088.185,7430.211506473111,9246.967867434723
2026-09-01 09:05:04,7000.0,7009.5,Call VEX 1,VEX,5551675.35,7430.211506473111,9246.967867434723
2026-09-01 09:05:04,7300.0,7310.0,Call DEX 1,DEX,285.461,7430.211506473111,9246.967867434723
2026-09-01 09:05:04,7400.0,7410.25,Call DEX 2,DEX,241.921,7430.211506473111,9246.967867434723
2026-09-01 09:05:04,7400.0,7410.25,Call VEX 3,VEX,2091289.215,7430.211506473111,9246.967867434723
2026-09-01 09:05:04,7450.0,7460.25,Call DEX 3,DEX,241.141,7430.211506473111,9246.967867434723
2026-09-01 09:05:04,7450.0,7460.25,Call VEX 4,VEX,1885611.339,7430.211506473111,9246.967867434723
2026-09-01 09:05:04,7500.0,7510.25,Call CEX 2,CEX,1254018.239,7430.211506473111,9246.967867434723
2026-09-01 09:05:04,7500.0,7510.25,Call DEX 4,DEX,222.263,7430.211506473111,9246.967867434723
2026-09-01 09:05:04,7500.0,7510.25,Put GEX 2,GEX,-522770.603,7430.211506473111,9246.967867434723
2026-09-01 09:05:04,7500.0,7510.25,Call VEX 2,VEX,3149537.533,7430.211506473111,9246.967867434723
2026-09-01 09:05:04,7550.0,7560.25,Put GEX 5,GEX,-314446.166,7430.211506473111,9246.967867434723
2026-09-01 09:05:04,7600.0,7610.5,Call CEX 4,CEX,1212369.434,7430.211506473111,9246.967867434723
2026-09-01 09:05:04,7600.0,7610.5,Call DEX 5,DEX,160.487,7430.211506473111,9246.967867434723
2026-09-01 09:05:04,7600.0,7610.5,Call VEX 5,VEX,1596908.171,7430.211506473111,9246.967867434723
2026-09-01 09:05:04,7625.0,7635.5,Call CEX 1,CEX,1282976.38,7430.211506473111,9246.967867434723
2026-09-01 09:05:04,7650.0,7660.5,Call CEX 5,CEX,1050508.16,7430.211506473111,9246.967867434723
2026-09-01 09:05:04,7650.0,7660.5,Put GEX 3,GEX,-373741.624,7430.211506473111,9246.967867434723
2026-09-01 09:05:04,7675.0,7685.5,Put CEX 2,CEX,-2245891.362,7430.211506473111,9246.967867434723
2026-09-01 09:05:04,7680.0,7690.5,Put CEX 5,CEX,-1339501.63,7430.211506473111,9246.967867434723
2026-09-01 09:05:04,7690.0,7700.5,Put CEX 4,CEX,-1382344.509,7430.211506473111,9246.967867434723
2026-09-01 09:05:04,7700.0,7710.5,Put CEX 3,CEX,-1806328.4,7430.211506473111,9246.967867434723
2026-09-01 09:05:04,7700.0,7710.5,Put DEX 2,DEX,-115.963,7430.211506473111,9246.967867434723
2026-09-01 09:05:04,7750.0,7760.5,Put DEX 4,DEX,-49.659,7430.211506473111,9246.967867434723
2026-09-01 09:05:04,7750.0,7760.5,Call GEX 3,GEX,337342.153,7430.211506473111,9246.967867434723
2026-09-01 09:05:04,7750.0,7760.5,Put VEX 4,VEX,-897165.126,7430.211506473111,9246.967867434723
2026-09-01 09:05:04,7780.0,7790.75,Put DEX 5,DEX,-35.118,7430.211506473111,9246.967867434723
2026-09-01 09:05:04,7800.0,7810.75,Call GEX 1,GEX,606916.617,7430.211506473111,9246.967867434723
2026-09-01 09:05:04,7800.0,7810.75,Put VEX 2,VEX,-1569178.32,7430.211506473111,9246.967867434723
2026-09-01 09:05:04,7850.0,7860.75,Call GEX 4,GEX,322466.906,7430.211506473111,9246.967867434723
2026-09-01 09:05:04,7850.0,7860.75,Put VEX 5,VEX,-606370.473,7430.211506473111,9246.967867434723
2026-09-01 09:05:04,7900.0,7910.75,Call GEX 2,GEX,436726.708,7430.211506473111,9246.967867434723
2026-09-01 09:05:04,7900.0,7910.75,Put VEX 3,VEX,-1008226.326,7430.211506473111,9246.967867434723
2026-09-01 09:05:04,7950.0,7961.0,Call GEX 5,GEX,192941.821,7430.211506473111,9246.967867434723
2026-09-01 09:05:04,8000.0,8011.0,Put CEX 1,CEX,-3328139.115,7430.211506473111,9246.967867434723
2026-09-01 09:05:04,8000.0,8011.0,Put DEX 1,DEX,-2472.031,7430.211506473111,9246.967867434723
2026-09-01 09:05:04,8000.0,8011.0,Put GEX 4,GEX,-316320.427,7430.211506473111,9246.967867434723
2026-09-01 09:05:04,8000.0,8011.0,Put VEX 1,VEX,-10693794.223,7430.211506473111,9246.967867434723
2026-09-01 09:05:54,7000.0,7009.0,Call CEX 2,CEX,1248860.483,7429.16877871712,9247.54048973296
2026-09-01 09:05:54,7000.0,7009.0,Put DEX 3,DEX,-67.23,7429.16877871712,9247.54048973296
2026-09-01 09:05:54,7000.0,7009.0,Put GEX 1,GEX,-719823.431,7429.16877871712,9247.54048973296
2026-09-01 09:05:54,7000.0,7009.0,Call VEX 1,VEX,5549160.772,7429.16877871712,9247.54048973296
2026-09-01 09:05:54,7300.0,7309.5,Call DEX 1,DEX,286.129,7429.16877871712,9247.54048973296
2026-09-01 09:05:54,7400.0,7409.5,Call DEX 2,DEX,242.49,7429.16877871712,9247.54048973296
2026-09-01 09:05:54,7400.0,7409.5,Call VEX 3,VEX,2088209.133,7429.16877871712,9247.54048973296
2026-09-01 09:05:54,7450.0,7459.5,Call DEX 3,DEX,241.224,7429.16877871712,9247.54048973296
2026-09-01 09:05:54,7450.0,7459.5,Call VEX 4,VEX,1885853.594,7429.16877871712,9247.54048973296
2026-09-01 09:05:54,7500.0,7509.75,Call CEX 1,CEX,1255152.557,7429.16877871712,9247.54048973296
2026-09-01 09:05:54,7500.0,7509.75,Call DEX 4,DEX,222.751,7429.16877871712,9247.54048973296
2026-09-01 09:05:54,7500.0,7509.75,Put GEX 2,GEX,-522137.116,7429.16877871712,9247.54048973296
2026-09-01 09:05:54,7500.0,7509.75,Call VEX 2,VEX,3150649.396,7429.16877871712,9247.54048973296
2026-09-01 09:05:54,7550.0,7559.75,Put GEX 5,GEX,-313089.461,7429.16877871712,9247.54048973296
2026-09-01 09:05:54,7600.0,7609.75,Call CEX 4,CEX,1151069.403,7429.16877871712,9247.54048973296
2026-09-01 09:05:54,7600.0,7609.75,Call DEX 5,DEX,155.065,7429.16877871712,9247.54048973296
2026-09-01 09:05:54,7600.0,7609.75,Call VEX 5,VEX,1600252.711,7429.16877871712,9247.54048973296
2026-09-01 09:05:54,7625.0,7634.75,Call CEX 3,CEX,1177042.542,7429.16877871712,9247.54048973296
2026-09-01 09:05:54,7650.0,7660.0,Call CEX 5,CEX,1082626.788,7429.16877871712,9247.54048973296
2026-09-01 09:05:54,7650.0,7660.0,Put GEX 3,GEX,-355723.694,7429.16877871712,9247.54048973296
2026-09-01 09:05:54,7675.0,7685.0,Put CEX 2,CEX,-2220849.261,7429.16877871712,9247.54048973296
2026-09-01 09:05:54,7690.0,7700.0,Put CEX 4,CEX,-1489380.921,7429.16877871712,9247.54048973296
2026-09-01 09:05:54,7700.0,7710.0,Put CEX 3,CEX,-1919662.608,7429.16877871712,9247.54048973296
2026-09-01 09:05:54,7700.0,7710.0,Put DEX 2,DEX,-114.478,7429.16877871712,9247.54048973296
2026-09-01 09:05:54,7750.0,7760.0,Put CEX 5,CEX,-1401118.952,7429.16877871712,9247.54048973296
2026-09-01 09:05:54,7750.0,7760.0,Put DEX 4,DEX,-48.79,7429.16877871712,9247.54048973296
2026-09-01 09:05:54,7750.0,7760.0,Call GEX 3,GEX,336876.17,7429.16877871712,9247.54048973296
2026-09-01 09:05:54,7750.0,7760.0,Put VEX 4,VEX,-897250.23,7429.16877871712,9247.54048973296
2026-09-01 09:05:54,7780.0,7790.0,Put DEX 5,DEX,-34.898,7429.16877871712,9247.54048973296
2026-09-01 09:05:54,7800.0,7810.0,Call GEX 1,GEX,609416.411,7429.16877871712,9247.54048973296
2026-09-01 09:05:54,7800.0,7810.0,Put VEX 2,VEX,-1567172.6,7429.16877871712,9247.54048973296
2026-09-01 09:05:54,7850.0,7860.25,Call GEX 4,GEX,322348.839,7429.16877871712,9247.54048973296
2026-09-01 09:05:54,7850.0,7860.25,Put VEX 5,VEX,-605587.624,7429.16877871712,9247.54048973296
2026-09-01 09:05:54,7900.0,7910.25,Call GEX 2,GEX,437649.932,7429.16877871712,9247.54048973296
2026-09-01 09:05:54,7900.0,7910.25,Put VEX 3,VEX,-1008757.555,7429.16877871712,9247.54048973296
2026-09-01 09:05:54,7950.0,7960.25,Call GEX 5,GEX,193251.665,7429.16877871712,9247.54048973296
2026-09-01 09:05:54,8000.0,8010.25,Put CEX 1,CEX,-3333354.756,7429.16877871712,9247.54048973296
2026-09-01 09:05:54,8000.0,8010.25,Put DEX 1,DEX,-2464.929,7429.16877871712,9247.54048973296
2026-09-01 09:05:54,8000.0,8010.25,Put GEX 4,GEX,-323965.994,7429.16877871712,9247.54048973296
2026-09-01 09:05:54,8000.0,8010.25,Put VEX 1,VEX,-10694366.9,7429.16877871712,9247.54048973296
2026-09-01 09:06:43,7000.0,7008.75,Call CEX 2,CEX,1248527.982,7429.328987954277,9248.830521616715
2026-09-01 09:06:43,7000.0,7008.75,Put DEX 3,DEX,-66.692,7429.328987954277,9248.830521616715
2026-09-01 09:06:43,7000.0,7008.75,Put GEX 1,GEX,-721824.508,7429.328987954277,9248.830521616715
2026-09-01 09:06:43,7000.0,7008.75,Call VEX 1,VEX,5538510.481,7429.328987954277,9248.830521616715
2026-09-01 09:06:43,7300.0,7309.25,Call DEX 1,DEX,287.245,7429.328987954277,9248.830521616715
2026-09-01 09:06:43,7400.0,7409.25,Call DEX 2,DEX,243.146,7429.328987954277,9248.830521616715
2026-09-01 09:06:43,7400.0,7409.25,Call VEX 3,VEX,2082670.68,7429.328987954277,9248.830521616715
2026-09-01 09:06:43,7450.0,7459.5,Call DEX 3,DEX,241.95,7429.328987954277,9248.830521616715
2026-09-01 09:06:43,7450.0,7459.5,Call VEX 4,VEX,1884440.482,7429.328987954277,9248.830521616715
2026-09-01 09:06:43,7500.0,7509.5,Call CEX 1,CEX,1256863.001,7429.328987954277,9248.830521616715
2026-09-01 09:06:43,7500.0,7509.5,Call DEX 4,DEX,222.906,7429.328987954277,9248.830521616715
2026-09-01 09:06:43,7500.0,7509.5,Put GEX 2,GEX,-521692.307,7429.328987954277,9248.830521616715
2026-09-01 09:06:43,7500.0,7509.5,Call VEX 2,VEX,3150564.331,7429.328987954277,9248.830521616715
2026-09-01 09:06:43,7550.0,7559.5,Put GEX 5,GEX,-312108.05,7429.328987954277,9248.830521616715
2026-09-01 09:06:43,7600.0,7609.5,Call CEX 3,CEX,1152190.7,7429.328987954277,9248.830521616715
2026-09-01 09:06:43,7600.0,7609.5,Call DEX 5,DEX,154.713,7429.328987954277,9248.830521616715
2026-09-01 09:06:43,7600.0,7609.5,Call VEX 5,VEX,1597818.581,7429.328987954277,9248.830521616715
2026-09-01 09:06:43,7625.0,7634.5,Call CEX 4,CEX,1108406.527,7429.328987954277,9248.830521616715
2026-09-01 09:06:43,7650.0,7659.75,Call CEX 5,CEX,1068976.21,7429.328987954277,9248.830521616715
2026-09-01 09:06:43,7650.0,7659.75,Put GEX 3,GEX,-356502.697,7429.328987954277,9248.830521616715
2026-09-01 09:06:43,7675.0,7684.75,Put CEX 2,CEX,-2232907.313,7429.328987954277,9248.830521616715
2026-09-01 09:06:43,7690.0,7699.75,Put CEX 4,CEX,-1502396.97,7429.328987954277,9248.830521616715
2026-09-01 09:06:43,7700.0,7709.75,Put CEX 3,CEX,-1936683.198,7429.328987954277,9248.830521616715
2026-09-01 09:06:43,7700.0,7709.75,Put DEX 2,DEX,-115.152,7429.328987954277,9248.830521616715
2026-09-01 09:06:43,7750.0,7759.75,Put CEX 5,CEX,-1409024.997,7429.328987954277,9248.830521616715
2026-09-01 09:06:43,7750.0,7759.75,Put DEX 4,DEX,-49.105,7429.328987954277,9248.830521616715
2026-09-01 09:06:43,7750.0,7759.75,Call GEX 3,GEX,338426.702,7429.328987954277,9248.830521616715
2026-09-01 09:06:43,7750.0,7759.75,Put VEX 4,VEX,-900347.28,7429.328987954277,9248.830521616715
2026-09-01 09:06:43,7780.0,7789.75,Put DEX 5,DEX,-34.994,7429.328987954277,9248.830521616715
2026-09-01 09:06:43,7800.0,7809.75,Call GEX 1,GEX,609862.965,7429.328987954277,9248.830521616715
2026-09-01 09:06:43,7800.0,7809.75,Put VEX 2,VEX,-1569194.516,7429.328987954277,9248.830521616715
2026-09-01 09:06:43,7850.0,7860.0,Call GEX 4,GEX,322130.429,7429.328987954277,9248.830521616715
2026-09-01 09:06:43,7850.0,7860.0,Put VEX 5,VEX,-605815.565,7429.328987954277,9248.830521616715
2026-09-01 09:06:43,7900.0,7910.0,Call GEX 2,GEX,437246.094,7429.328987954277,9248.830521616715
2026-09-01 09:06:43,7900.0,7910.0,Put VEX 3,VEX,-1008456.399,7429.328987954277,9248.830521616715
2026-09-01 09:06:43,7950.0,7960.0,Call GEX 5,GEX,193034.457,7429.328987954277,9248.830521616715
2026-09-01 09:06:43,8000.0,8010.0,Put CEX 1,CEX,-3337988.208,7429.328987954277,9248.830521616715
2026-09-01 09:06:43,8000.0,8010.0,Put DEX 1,DEX,-2463.678,7429.328987954277,9248.830521616715
2026-09-01 09:06:43,8000.0,8010.0,Put GEX 4,GEX,-329078.922,7429.328987954277,9248.830521616715
2026-09-01 09:06:43,8000.0,8010.0,Put VEX 1,VEX,-10709661.483,7429.328987954277,9248.830521616715
2026-09-01 09:07:31,7000.0,7009.25,Call CEX 4,CEX,1254352.315,7449.531673532085,9250.28255832197
2026-09-01 09:07:31,7000.0,7009.25,Put DEX 3,DEX,-61.653,7449.531673532085,9250.28255832197
2026-09-01 09:07:31,7000.0,7009.25,Put GEX 1,GEX,-722601.941,7449.531673532085,9250.28255832197
2026-09-01 09:07:31,7000.0,7009.25,Call VEX 1,VEX,5574179.55,7449.531673532085,9250.28255832197
2026-09-01 09:07:31,7300.0,7309.75,Call DEX 1,DEX,284.894,7449.531673532085,9250.28255832197
2026-09-01 09:07:31,7400.0,7409.75,Call DEX 3,DEX,241.022,7449.531673532085,9250.28255832197
2026-09-01 09:07:31,7400.0,7409.75,Call VEX 3,VEX,2094241.903,7449.531673532085,9250.28255832197
2026-09-01 09:07:31,7450.0,7460.0,Call DEX 2,DEX,244.182,7449.531673532085,9250.28255832197
2026-09-01 09:07:31,7450.0,7460.0,Call VEX 4,VEX,1893890.637,7449.531673532085,9250.28255832197
2026-09-01 09:07:31,7500.0,7510.0,Call CEX 2,CEX,1277589.318,7449.531673532085,9250.28255832197
2026-09-01 09:07:31,7500.0,7510.0,Call DEX 4,DEX,221.303,7449.531673532085,9250.28255832197
2026-09-01 09:07:31,7500.0,7510.0,Put GEX 2,GEX,-523793.815,7449.531673532085,9250.28255832197
2026-09-01 09:07:31,7500.0,7510.0,Call VEX 2,VEX,3144120.054,7449.531673532085,9250.28255832197
2026-09-01 09:07:31,7550.0,7560.0,Call CEX 5,CEX,1012318.68,7449.531673532085,9250.28255832197
2026-09-01 09:07:31,7550.0,7560.0,Put GEX 5,GEX,-317063.17,7449.531673532085,9250.28255832197
2026-09-01 09:07:31,7600.0,7610.0,Call CEX 3,CEX,1276169.142,7449.531673532085,9250.28255832197
2026-09-01 09:07:31,7600.0,7610.0,Call DEX 5,DEX,156.419,7449.531673532085,9250.28255832197
2026-09-01 09:07:31,7600.0,7610.0,Call VEX 5,VEX,1576371.201,7449.531673532085,9250.28255832197
2026-09-01 09:07:31,7625.0,7635.25,Call CEX 1,CEX,1343278.348,7449.531673532085,9250.28255832197
2026-09-01 09:07:31,7650.0,7660.25,Put GEX 3,GEX,-381608.238,7449.531673532085,9250.28255832197
2026-09-01 09:07:31,7675.0,7685.25,Put CEX 2,CEX,-2288010.025,7449.531673532085,9250.28255832197
2026-09-01 09:07:31,7680.0,7690.25,Put CEX 4,CEX,-1319265.743,7449.531673532085,9250.28255832197
2026-09-01 09:07:31,7690.0,7700.25,Put CEX 5,CEX,-1313703.896,7449.531673532085,9250.28255832197
2026-09-01 09:07:31,7700.0,7710.25,Put CEX 3,CEX,-1807810.321,7449.531673532085,9250.28255832197
2026-09-01 09:07:31,7700.0,7710.25,Put DEX 2,DEX,-120.212,7449.531673532085,9250.28255832197
2026-09-01 09:07:31,7725.0,7735.25,Put DEX 5,DEX,-35.504,7449.531673532085,9250.28255832197
2026-09-01 09:07:31,7750.0,7760.25,Put DEX 4,DEX,-52.227,7449.531673532085,9250.28255832197
2026-09-01 09:07:31,7750.0,7760.25,Call GEX 3,GEX,342272.654,7449.531673532085,9250.28255832197
2026-09-01 09:07:31,7750.0,7760.25,Put VEX 4,VEX,-902029.736,7449.531673532085,9250.28255832197
2026-09-01 09:07:31,7800.0,7810.5,Call GEX 1,GEX,602504.689,7449.531673532085,9250.28255832197
2026-09-01 09:07:31,7800.0,7810.5,Put VEX 2,VEX,-1575696.888,7449.531673532085,9250.28255832197
2026-09-01 09:07:31,7850.0,7860.5,Call GEX 4,GEX,319373.27,7449.531673532085,9250.28255832197
2026-09-01 09:07:31,7850.0,7860.5,Put VEX 5,VEX,-605677.175,7449.531673532085,9250.28255832197
2026-09-01 09:07:31,7900.0,7910.5,Call GEX 2,GEX,433193.863,7449.531673532085,9250.28255832197
2026-09-01 09:07:31,7900.0,7910.5,Put VEX 3,VEX,-1006774.869,7449.531673532085,9250.28255832197
2026-09-01 09:07:31,7950.0,7960.5,Call GEX 5,GEX,191211.481,7449.531673532085,9250.28255832197
2026-09-01 09:07:31,8000.0,8010.75,Put CEX 1,CEX,-3311894.47,7449.531673532085,9250.28255832197
2026-09-01 09:07:31,8000.0,8010.75,Put DEX 1,DEX,-2478.827,7449.531673532085,9250.28255832197
2026-09-01 09:07:31,8000.0,8010.75,Put GEX 4,GEX,-320455.166,7449.531673532085,9250.28255832197
2026-09-01 09:07:31,8000.0,8010.75,Put VEX 1,VEX,-10666730.973,7449.531673532085,9250.28255832197
2026-09-01 09:08:20,7000.0,7009.5,Call CEX 3,CEX,1254504.363,7450.265747197898,9250.635860581457
2026-09-01 09:08:20,7000.0,7009.5,Put DEX 3,DEX,-61.489,7450.265747197898,9250.635860581457
2026-09-01 09:08:20,7000.0,7009.5,Put GEX 1,GEX,-724171.163,7450.265747197898,9250.635860581457
2026-09-01 09:08:20,7000.0,7009.5,Call VEX 1,VEX,5568659.176,7450.265747197898,9250.635860581457
2026-09-01 09:08:20,7300.0,7309.75,Call DEX 1,DEX,285.343,7450.265747197898,9250.635860581457
2026-09-01 09:08:20,7400.0,7410.0,Call DEX 2,DEX,240.572,7450.265747197898,9250.635860581457
2026-09-01 09:08:20,7400.0,7410.0,Call VEX 3,VEX,2092255.295,7450.265747197898,9250.635860581457
2026-09-01 09:08:20,7450.0,7460.0,Call DEX 3,DEX,239.414,7450.265747197898,9250.635860581457
2026-09-01 09:08:20,7450.0,7460.0,Call VEX 4,VEX,1885790.437,7450.265747197898,9250.635860581457
2026-09-01 09:08:20,7500.0,7510.25,Call CEX 2,CEX,1259440.598,7450.265747197898,9250.635860581457
2026-09-01 09:08:20,7500.0,7510.25,Call DEX 4,DEX,218.93,7450.265747197898,9250.635860581457
2026-09-01 09:08:20,7500.0,7510.25,Put GEX 2,GEX,-525722.092,7450.265747197898,9250.635860581457
2026-09-01 09:08:20,7500.0,7510.25,Call VEX 2,VEX,3139635.728,7450.265747197898,9250.635860581457
2026-09-01 09:08:20,7550.0,7560.25,Call CEX 5,CEX,1011466.168,7450.265747197898,9250.635860581457
2026-09-01 09:08:20,7550.0,7560.25,Put GEX 5,GEX,-317820.859,7450.265747197898,9250.635860581457
2026-09-01 09:08:20,7600.0,7610.25,Call CEX 4,CEX,1155044.36,7450.265747197898,9250.635860581457
2026-09-01 09:08:20,7600.0,7610.25,Call DEX 5,DEX,149.949,7450.265747197898,9250.635860581457
2026-09-01 09:08:20,7600.0,7610.25,Call VEX 5,VEX,1569863.981,7450.265747197898,9250.635860581457
2026-09-01 09:08:20,7625.0,7635.25,Call CEX 1,CEX,1345814.11,7450.265747197898,9250.635860581457
2026-09-01 09:08:20,7650.0,7660.25,Put GEX 3,GEX,-380523.031,7450.265747197898,9250.635860581457
2026-09-01 09:08:20,7675.0,7685.25,Put CEX 2,CEX,-2294544.855,7450.265747197898,9250.635860581457
2026-09-01 09:08:20,7680.0,7690.5,Put CEX 5,CEX,-1330311.118,7450.265747197898,9250.635860581457
2026-09-01 09:08:20,7690.0,7700.5,Put CEX 4,CEX,-1353619.281,7450.265747197898,9250.635860581457
2026-09-01 09:08:20,7700.0,7710.5,Put CEX 3,CEX,-1702148.855,7450.265747197898,9250.635860581457
2026-09-01 09:08:20,7700.0,7710.5,Put DEX 2,DEX,-120.926,7450.265747197898,9250.635860581457
2026-09-01 09:08:20,7725.0,7735.5,Put DEX 5,DEX,-35.861,7450.265747197898,9250.635860581457
2026-09-01 09:08:20,7750.0,7760.5,Put DEX 4,DEX,-52.451,7450.265747197898,9250.635860581457
2026-09-01 09:08:20,7750.0,7760.5,Call GEX 3,GEX,337086.846,7450.265747197898,9250.635860581457
2026-09-01 09:08:20,7750.0,7760.5,Put VEX 4,VEX,-909291.954,7450.265747197898,9250.635860581457
2026-09-01 09:08:20,7800.0,7810.5,Call GEX 1,GEX,602785.05,7450.265747197898,9250.635860581457
2026-09-01 09:08:20,7800.0,7810.5,Put VEX 2,VEX,-1578030.62,7450.265747197898,9250.635860581457
2026-09-01 09:08:20,7850.0,7860.5,Call GEX 4,GEX,319477.587,7450.265747197898,9250.635860581457
2026-09-01 09:08:20,7850.0,7860.5,Put VEX 5,VEX,-605746.19,7450.265747197898,9250.635860581457
2026-09-01 09:08:20,7900.0,7910.75,Call GEX 2,GEX,433317.199,7450.265747197898,9250.635860581457
2026-09-01 09:08:20,7900.0,7910.75,Put VEX 3,VEX,-1006604.697,7450.265747197898,9250.635860581457
2026-09-01 09:08:20,7950.0,7960.75,Call GEX 5,GEX,191044.789,7450.265747197898,9250.635860581457
2026-09-01 09:08:20,8000.0,8010.75,Put CEX 1,CEX,-3312465.455,7450.265747197898,9250.635860581457
2026-09-01 09:08:20,8000.0,8010.75,Put DEX 1,DEX,-2475.588,7450.265747197898,9250.635860581457
2026-09-01 09:08:20,8000.0,8010.75,Put GEX 4,GEX,-322208.435,7450.265747197898,9250.635860581457
2026-09-01 09:08:20,8000.0,8010.75,Put VEX 1,VEX,-10673145.938,7450.265747197898,9250.635860581457
2026-09-01 09:09:07,7000.0,7009.5,Call CEX 4,CEX,1259480.697,7453.653258013471,9251.3828556296
2026-09-01 09:09:07,7000.0,7009.5,Put DEX 3,DEX,-58.952,7453.653258013471,9251.3828556296
2026-09-01 09:09:07,7000.0,7009.5,Put GEX 1,GEX,-727764.029,7453.653258013471,9251.3828556296
2026-09-01 09:09:07,7000.0,7009.5,Call VEX 1,VEX,5586831.258,7453.653258013471,9251.3828556296
2026-09-01 09:09:07,7300.0,7309.75,Call DEX 1,DEX,283.969,7453.653258013471,9251.3828556296
2026-09-01 09:09:07,7400.0,7410.0,Call DEX 2,DEX,238.451,7453.653258013471,9251.3828556296
2026-09-01 09:09:07,7400.0,7410.0,Call VEX 3,VEX,2096105.029,7453.653258013471,9251.3828556296
2026-09-01 09:09:07,7450.0,7460.0,Call DEX 3,DEX,237.126,7453.653258013471,9251.3828556296
2026-09-01 09:09:07,7450.0,7460.0,Call VEX 4,VEX,1885284.128,7453.653258013471,9251.3828556296
2026-09-01 09:09:07,7500.0,7510.25,Call CEX 3,CEX,1263720.406,7453.653258013471,9251.3828556296
2026-09-01 09:09:07,7500.0,7510.25,Call DEX 4,DEX,214.952,7453.653258013471,9251.3828556296
2026-09-01 09:09:07,7500.0,7510.25,Put GEX 2,GEX,-527964.541,7453.653258013471,9251.3828556296
2026-09-01 09:09:07,7500.0,7510.25,Call VEX 2,VEX,3130785.87,7453.653258013471,9251.3828556296
2026-09-01 09:09:07,7550.0,7560.25,Call CEX 5,CEX,1020110.239,7453.653258013471,9251.3828556296
2026-09-01 09:09:07,7550.0,7560.25,Put GEX 5,GEX,-320876.396,7453.653258013471,9251.3828556296
2026-09-01 09:09:07,7600.0,7610.25,Call CEX 2,CEX,1334848.004,7453.653258013471,9251.3828556296
2026-09-01 09:09:07,7600.0,7610.25,Call DEX 5,DEX,152.396,7453.653258013471,9251.3828556296
2026-09-01 09:09:07,7600.0,7610.25,Call VEX 5,VEX,1553158.253,7453.653258013471,9251.3828556296
2026-09-01 09:09:07,7625.0,7635.25,Call CEX 1,CEX,1384098.219,7453.653258013471,9251.3828556296
2026-09-01 09:09:07,7650.0,7660.25,Put GEX 3,GEX,-391294.667,7453.653258013471,9251.3828556296
2026-09-01 09:09:07,7675.0,7685.5,Put CEX 2,CEX,-2295445.517,7453.653258013471,9251.3828556296
2026-09-01 09:09:07,7680.0,7690.5,Put CEX 4,CEX,-1291432.126,7453.653258013471,9251.3828556296
2026-09-01 09:09:07,7690.0,7700.5,Put CEX 5,CEX,-1280125.429,7453.653258013471,9251.3828556296
2026-09-01 09:09:07,7700.0,7710.5,Put CEX 3,CEX,-1710953.305,7453.653258013471,9251.3828556296
2026-09-01 09:09:07,7700.0,7710.5,Put DEX 2,DEX,-125.422,7453.653258013471,9251.3828556296
2026-09-01 09:09:07,7725.0,7735.5,Put DEX 5,DEX,-37.029,7453.653258013471,9251.3828556296
2026-09-01 09:09:07,7750.0,7760.5,Put DEX 4,DEX,-54.919,7453.653258013471,9251.3828556296
2026-09-01 09:09:07,7750.0,7760.5,Call GEX 3,GEX,334302.639,7453.653258013471,9251.3828556296
2026-09-01 09:09:07,7750.0,7760.5,Put VEX 4,VEX,-921423.298,7453.653258013471,9251.3828556296
2026-09-01 09:09:07,7800.0,7810.5,Call GEX 1,GEX,599543.491,7453.653258013471,9251.3828556296
2026-09-01 09:09:07,7800.0,7810.5,Put VEX 2,VEX,-1586662.348,7453.653258013471,9251.3828556296
2026-09-01 09:09:07,7850.0,7860.5,Call GEX 4,GEX,316566.823,7453.653258013471,9251.3828556296
2026-09-01 09:09:07,7850.0,7860.5,Put VEX 5,VEX,-605561.669,7453.653258013471,9251.3828556296
2026-09-01 09:09:07,7900.0,7910.75,Call GEX 2,GEX,430114.189,7453.653258013471,9251.3828556296
2026-09-01 09:09:07,7900.0,7910.75,Put VEX 3,VEX,-1006625.216,7453.653258013471,9251.3828556296
2026-09-01 09:09:07,7950.0,7960.75,Call GEX 5,GEX,189461.189,7453.653258013471,9251.3828556296
2026-09-01 09:09:07,8000.0,8010.75,Put CEX 1,CEX,-3302112.777,7453.653258013471,9251.3828556296
2026-09-01 09:09:07,8000.0,8010.75,Put DEX 1,DEX,-2478.102,7453.653258013471,9251.3828556296
2026-09-01 09:09:07,8000.0,8010.75,Put GEX 4,GEX,-322088.294,7453.653258013471,9251.3828556296
2026-09-01 09:09:07,8000.0,8010.75,Put VEX 1,VEX,-10662798.609,7453.653258013471,9251.3828556296
2026-09-01 09:09:55,7000.0,7009.75,Call CEX 4,CEX,1256009.872,7443.895049941216,9250.11123755163
2026-09-01 09:09:55,7000.0,7009.75,Put DEX 3,DEX,-58.553,7443.895049941216,9250.11123755163
2026-09-01 09:09:55,7000.0,7009.75,Put GEX 1,GEX,-724599.425,7443.895049941216,9250.11123755163
2026-09-01 09:09:55,7000.0,7009.75,Call VEX 1,VEX,5581996.12,7443.895049941216,9250.11123755163
2026-09-01 09:09:55,7300.0,7310.25,Call DEX 1,DEX,283.001,7443.895049941216,9250.11123755163
2026-09-01 09:09:55,7400.0,7410.25,Call DEX 3,DEX,238.615,7443.895049941216,9250.11123755163
2026-09-01 09:09:55,7400.0,7410.25,Call VEX 3,VEX,2098534.572,7443.895049941216,9250.11123755163
2026-09-01 09:09:55,7450.0,7460.5,Call DEX 2,DEX,242.364,7443.895049941216,9250.11123755163
2026-09-01 09:09:55,7450.0,7460.5,Call VEX 4,VEX,1888960.346,7443.895049941216,9250.11123755163
2026-09-01 09:09:55,7500.0,7510.5,Call CEX 3,CEX,1286010.071,7443.895049941216,9250.11123755163
2026-09-01 09:09:55,7500.0,7510.5,Call DEX 4,DEX,219.277,7443.895049941216,9250.11123755163
2026-09-01 09:09:55,7500.0,7510.5,Put GEX 2,GEX,-528376.116,7443.895049941216,9250.11123755163
2026-09-01 09:09:55,7500.0,7510.5,Call VEX 2,VEX,3133455.57,7443.895049941216,9250.11123755163
2026-09-01 09:09:55,7550.0,7560.5,Call CEX 5,CEX,1038196.844,7443.895049941216,9250.11123755163
2026-09-01 09:09:55,7550.0,7560.5,Put GEX 5,GEX,-321029.128,7443.895049941216,9250.11123755163
2026-09-01 09:09:55,7600.0,7610.5,Call CEX 2,CEX,1396864.676,7443.895049941216,9250.11123755163
2026-09-01 09:09:55,7600.0,7610.5,Call DEX 5,DEX,152.452,7443.895049941216,9250.11123755163
2026-09-01 09:09:55,7600.0,7610.5,Call VEX 5,VEX,1556673.351,7443.895049941216,9250.11123755163
2026-09-01 09:09:55,7625.0,7635.75,Call CEX 1,CEX,1408769.756,7443.895049941216,9250.11123755163
2026-09-01 09:09:55,7650.0,7660.75,Put GEX 3,GEX,-409730.107,7443.895049941216,9250.11123755163
2026-09-01 09:09:55,7675.0,7685.75,Put CEX 2,CEX,-2264503.826,7443.895049941216,9250.11123755163
2026-09-01 09:09:55,7680.0,7690.75,Put CEX 5,CEX,-1166035.711,7443.895049941216,9250.11123755163
2026-09-01 09:09:55,7700.0,7710.75,Put CEX 3,CEX,-1334740.811,7443.895049941216,9250.11123755163
2026-09-01 09:09:55,7700.0,7710.75,Put DEX 2,DEX,-112.191,7443.895049941216,9250.11123755163
2026-09-01 09:09:55,7750.0,7760.75,Put CEX 4,CEX,-1188927.273,7443.895049941216,9250.11123755163
2026-09-01 09:09:55,7750.0,7760.75,Put DEX 4,DEX,-48.499,7443.895049941216,9250.11123755163
2026-09-01 09:09:55,7750.0,7760.75,Call GEX 3,GEX,336387.696,7443.895049941216,9250.11123755163
2026-09-01 09:09:55,7750.0,7760.75,Put VEX 4,VEX,-915938.09,7443.895049941216,9250.11123755163
2026-09-01 09:09:55,7780.0,7790.75,Put DEX 5,DEX,-35.653,7443.895049941216,9250.11123755163
2026-09-01 09:09:55,7800.0,7811.0,Call GEX 1,GEX,596646.724,7443.895049941216,9250.11123755163
2026-09-01 09:09:55,7800.0,7811.0,Put VEX 2,VEX,-1585576.582,7443.895049941216,9250.11123755163
2026-09-01 09:09:55,7850.0,7861.0,Call GEX 4,GEX,316894.689,7443.895049941216,9250.11123755163
2026-09-01 09:09:55,7850.0,7861.0,Put VEX 5,VEX,-606086.255,7443.895049941216,9250.11123755163
2026-09-01 09:09:55,7900.0,7911.0,Call GEX 2,GEX,429836.603,7443.895049941216,9250.11123755163
2026-09-01 09:09:55,7900.0,7911.0,Put VEX 3,VEX,-1006335.287,7443.895049941216,9250.11123755163
2026-09-01 09:09:55,7950.0,7961.0,Call GEX 5,GEX,189351.827,7443.895049941216,9250.11123755163
2026-09-01 09:09:55,8000.0,8011.25,Put CEX 1,CEX,-3287020.352,7443.895049941216,9250.11123755163
2026-09-01 09:09:55,8000.0,8011.25,Put DEX 1,DEX,-2484.669,7443.895049941216,9250.11123755163
2026-09-01 09:09:55,8000.0,8011.25,Put GEX 4,GEX,-322416.872,7443.895049941216,9250.11123755163
2026-09-01 09:09:55,8000.0,8011.25,Put VEX 1,VEX,-10633050.768,7443.895049941216,9250.11123755163
2026-09-01 09:10:41,7000.0,7009.75,Call CEX 4,CEX,1264598.227,7454.05165849526,9249.265881229583
2026-09-01 09:10:41,7000.0,7009.75,Put DEX 3,DEX,-65.017,7454.05165849526,9249.265881229583
2026-09-01 09:10:41,7000.0,7009.75,Put GEX 1,GEX,-730332.36,7454.05165849526,9249.265881229583
2026-09-01 09:10:41,7000.0,7009.75,Call VEX 1,VEX,5611054.954,7454.05165849526,9249.265881229583
2026-09-01 09:10:41,7300.0,7310.25,Call DEX 1,DEX,281.107,7454.05165849526,9249.265881229583
2026-09-01 09:10:41,7400.0,7410.5,Call DEX 3,DEX,236.151,7454.05165849526,9249.265881229583
2026-09-01 09:10:41,7400.0,7410.5,Call VEX 3,VEX,2102730.406,7454.05165849526,9249.265881229583
2026-09-01 09:10:41,7450.0,7460.5,Call DEX 2,DEX,240.449,7454.05165849526,9249.265881229583
2026-09-01 09:10:41,7450.0,7460.5,Call VEX 4,VEX,1888030.946,7454.05165849526,9249.265881229583
2026-09-01 09:10:41,7500.0,7510.5,Call CEX 3,CEX,1289908.375,7454.05165849526,9249.265881229583
2026-09-01 09:10:41,7500.0,7510.5,Call DEX 4,DEX,214.431,7454.05165849526,9249.265881229583
2026-09-01 09:10:41,7500.0,7510.5,Put GEX 2,GEX,-532831.216,7454.05165849526,9249.265881229583
2026-09-01 09:10:41,7500.0,7510.5,Call VEX 2,VEX,3121339.541,7454.05165849526,9249.265881229583
2026-09-01 09:10:41,7550.0,7560.75,Call CEX 5,CEX,1044108.964,7454.05165849526,9249.265881229583
2026-09-01 09:10:41,7550.0,7560.75,Put GEX 4,GEX,-327172.324,7454.05165849526,9249.265881229583
2026-09-01 09:10:41,7600.0,7610.75,Call CEX 1,CEX,1475461.403,7454.05165849526,9249.265881229583
2026-09-01 09:10:41,7600.0,7610.75,Call DEX 5,DEX,147.297,7454.05165849526,9249.265881229583
2026-09-01 09:10:41,7600.0,7610.75,Call VEX 5,VEX,1528565.237,7454.05165849526,9249.265881229583
2026-09-01 09:10:41,7625.0,7635.75,Call CEX 2,CEX,1467420.074,7454.05165849526,9249.265881229583
2026-09-01 09:10:41,7650.0,7660.75,Put GEX 3,GEX,-417699.84,7454.05165849526,9249.265881229583
2026-09-01 09:10:41,7675.0,7685.75,Put CEX 2,CEX,-2201649.82,7454.05165849526,9249.265881229583
2026-09-01 09:10:41,7680.0,7690.75,Put CEX 5,CEX,-1086142.189,7454.05165849526,9249.265881229583
2026-09-01 09:10:41,7700.0,7710.75,Put CEX 3,CEX,-1314653.571,7454.05165849526,9249.265881229583
2026-09-01 09:10:41,7700.0,7710.75,Put DEX 2,DEX,-117.616,7454.05165849526,9249.265881229583
2026-09-01 09:10:41,7750.0,7761.0,Put CEX 4,CEX,-1184876.14,7454.05165849526,9249.265881229583
2026-09-01 09:10:41,7750.0,7761.0,Put DEX 4,DEX,-51.336,7454.05165849526,9249.265881229583
2026-09-01 09:10:41,7750.0,7761.0,Call GEX 3,GEX,331979.699,7454.05165849526,9249.265881229583
2026-09-01 09:10:41,7750.0,7761.0,Put VEX 4,VEX,-930530.897,7454.05165849526,9249.265881229583
2026-09-01 09:10:41,7780.0,7791.0,Put DEX 5,DEX,-36.332,7454.05165849526,9249.265881229583
2026-09-01 09:10:41,7800.0,7811.0,Call GEX 1,GEX,589969.759,7454.05165849526,9249.265881229583
2026-09-01 09:10:41,7800.0,7811.0,Put VEX 2,VEX,-1594692.485,7454.05165849526,9249.265881229583
2026-09-01 09:10:41,7850.0,7861.0,Call GEX 4,GEX,313050.55,7454.05165849526,9249.265881229583
2026-09-01 09:10:41,7850.0,7861.0,Put VEX 5,VEX,-605645.266,7454.05165849526,9249.265881229583
2026-09-01 09:10:41,7900.0,7911.25,Call GEX 2,GEX,425547.24,7454.05165849526,9249.265881229583
2026-09-01 09:10:41,7900.0,7911.25,Put VEX 3,VEX,-1005088.633,7454.05165849526,9249.265881229583
2026-09-01 09:10:41,7950.0,7961.25,Call GEX 5,GEX,187393.585,7454.05165849526,9249.265881229583
2026-09-01 09:10:41,8000.0,8011.25,Put CEX 1,CEX,-3251344.916,7454.05165849526,9249.265881229583
2026-09-01 09:10:41,8000.0,8011.25,Put DEX 1,DEX,-2492.994,7454.05165849526,9249.265881229583
2026-09-01 09:10:41,8000.0,8011.25,Put GEX 5,GEX,-318961.769,7454.05165849526,9249.265881229583
2026-09-01 09:10:41,8000.0,8011.25,Put VEX 1,VEX,-10580861.57,7454.05165849526,9249.265881229583
2026-09-01 09:11:30,7000.0,7009.5,Call CEX 4,CEX,1259376.913,7453.415558608022,9244.041628510724
2026-09-01 09:11:30,7000.0,7009.5,Put DEX 3,DEX,-63.134,7453.415558608022,9244.041628510724
2026-09-01 09:11:30,7000.0,7009.5,Put GEX 1,GEX,-727146.656,7453.415558608022,9244.041628510724
2026-09-01 09:11:30,7000.0,7009.5,Call VEX 1,VEX,5588049.915,7453.415558608022,9244.041628510724
2026-09-01 09:11:30,7300.0,7310.0,Call DEX 1,DEX,284.699,7453.415558608022,9244.041628510724
2026-09-01 09:11:30,7400.0,7410.0,Call DEX 3,DEX,238.152,7453.415558608022,9244.041628510724
2026-09-01 09:11:30,7400.0,7410.0,Call VEX 3,VEX,2089443.569,7453.415558608022,9244.041628510724
2026-09-01 09:11:30,7450.0,7460.25,Call DEX 2,DEX,243.149,7453.415558608022,9244.041628510724
2026-09-01 09:11:30,7450.0,7460.25,Call VEX 4,VEX,1883711.305,7453.415558608022,9244.041628510724
2026-09-01 09:11:30,7500.0,7510.25,Call CEX 3,CEX,1264623.139,7453.415558608022,9244.041628510724
2026-09-01 09:11:30,7500.0,7510.25,Call DEX 4,DEX,216.174,7453.415558608022,9244.041628510724
2026-09-01 09:11:30,7500.0,7510.25,Put GEX 2,GEX,-527604.683,7453.415558608022,9244.041628510724
2026-09-01 09:11:30,7500.0,7510.25,Call VEX 2,VEX,3132450.293,7453.415558608022,9244.041628510724
2026-09-01 09:11:30,7550.0,7560.25,Call CEX 5,CEX,1016719.878,7453.415558608022,9244.041628510724
2026-09-01 09:11:30,7550.0,7560.25,Put GEX 5,GEX,-319438.028,7453.415558608022,9244.041628510724
2026-09-01 09:11:30,7600.0,7610.25,Call CEX 2,CEX,1365622.192,7453.415558608022,9244.041628510724
2026-09-01 09:11:30,7600.0,7610.25,Call DEX 5,DEX,152.792,7453.415558608022,9244.041628510724
2026-09-01 09:11:30,7600.0,7610.25,Call VEX 5,VEX,1556550.33,7453.415558608022,9244.041628510724
2026-09-01 09:11:30,7625.0,7635.5,Call CEX 1,CEX,1404820.422,7453.415558608022,9244.041628510724
2026-09-01 09:11:30,7650.0,7660.5,Put GEX 3,GEX,-389895.509,7453.415558608022,9244.041628510724
2026-09-01 09:11:30,7675.0,7685.5,Put CEX 2,CEX,-2313907.38,7453.415558608022,9244.041628510724
2026-09-01 09:11:30,7680.0,7690.5,Put CEX 4,CEX,-1293978.534,7453.415558608022,9244.041628510724
2026-09-01 09:11:30,7700.0,7710.5,Put CEX 3,CEX,-1733055.532,7453.415558608022,9244.041628510724
2026-09-01 09:11:30,7700.0,7710.5,Put DEX 2,DEX,-124.761,7453.415558608022,9244.041628510724
2026-09-01 09:11:30,7725.0,7735.5,Put DEX 5,DEX,-36.77,7453.415558608022,9244.041628510724
2026-09-01 09:11:30,7750.0,7760.5,Put CEX 5,CEX,-1272535.308,7453.415558608022,9244.041628510724
2026-09-01 09:11:30,7750.0,7760.5,Put DEX 4,DEX,-54.443,7453.415558608022,9244.041628510724
2026-09-01 09:11:30,7750.0,7760.5,Call GEX 3,GEX,335795.192,7453.415558608022,9244.041628510724
2026-09-01 09:11:30,7750.0,7760.5,Put VEX 4,VEX,-919375.185,7453.415558608022,9244.041628510724
2026-09-01 09:11:30,7800.0,7810.5,Call GEX 1,GEX,597877.52,7453.415558608022,9244.041628510724
2026-09-01 09:11:30,7800.0,7810.5,Put VEX 2,VEX,-1586850.474,7453.415558608022,9244.041628510724
2026-09-01 09:11:30,7850.0,7860.75,Call GEX 4,GEX,316384.645,7453.415558608022,9244.041628510724
2026-09-01 09:11:30,7850.0,7860.75,Put VEX 5,VEX,-605981.901,7453.415558608022,9244.041628510724
2026-09-01 09:11:30,7900.0,7910.75,Call GEX 2,GEX,429967.598,7453.415558608022,9244.041628510724
2026-09-01 09:11:30,7900.0,7910.75,Put VEX 3,VEX,-1006646.015,7453.415558608022,9244.041628510724
2026-09-01 09:11:30,7950.0,7960.75,Call GEX 5,GEX,189037.082,7453.415558608022,9244.041628510724
2026-09-01 09:11:30,8000.0,8011.0,Put CEX 1,CEX,-3308935.63,7453.415558608022,9244.041628510724
2026-09-01 09:11:30,8000.0,8011.0,Put DEX 1,DEX,-2476.86,7453.415558608022,9244.041628510724
2026-09-01 09:11:30,8000.0,8011.0,Put GEX 4,GEX,-329574.323,7453.415558608022,9244.041628510724
2026-09-01 09:11:30,8000.0,8011.0,Put VEX 1,VEX,-10658221.59,7453.415558608022,9244.041628510724
2026-09-01 09:12:18,7000.0,7009.25,Call CEX 3,CEX,1259490.312,7459.931881647085,9244.194968781543
2026-09-01 09:12:18,7000.0,7009.25,Put DEX 3,DEX,-63.116,7459.931881647085,9244.194968781543
2026-09-01 09:12:18,7000.0,7009.25,Put GEX 1,GEX,-727146.855,7459.931881647085,9244.194968781543
2026-09-01 09:12:18,7000.0,7009.25,Call VEX 1,VEX,5588333.07,7459.931881647085,9244.194968781543
2026-09-01 09:12:18,7300.0,7309.75,Call DEX 1,DEX,283.803,7459.931881647085,9244.194968781543
2026-09-01 09:12:18,7400.0,7409.75,Call DEX 3,DEX,237.806,7459.931881647085,9244.194968781543
2026-09-01 09:12:18,7400.0,7409.75,Call VEX 3,VEX,2090666.741,7459.931881647085,9244.194968781543
2026-09-01 09:12:18,7450.0,7460.0,Call DEX 2,DEX,237.815,7459.931881647085,9244.194968781543
2026-09-01 09:12:18,7450.0,7460.0,Call VEX 4,VEX,1883778.315,7459.931881647085,9244.194968781543
2026-09-01 09:12:18,7500.0,7510.0,Call CEX 2,CEX,1266151.988,7459.931881647085,9244.194968781543
2026-09-01 09:12:18,7500.0,7510.0,Call DEX 4,DEX,215.739,7459.931881647085,9244.194968781543
2026-09-01 09:12:18,7500.0,7510.0,Put GEX 2,GEX,-528192.793,7459.931881647085,9244.194968781543
2026-09-01 09:12:18,7500.0,7510.0,Call VEX 2,VEX,3131908.025,7459.931881647085,9244.194968781543
2026-09-01 09:12:18,7550.0,7560.0,Call CEX 5,CEX,1018542.748,7459.931881647085,9244.194968781543
2026-09-01 09:12:18,7550.0,7560.0,Put GEX 5,GEX,-320204.682,7459.931881647085,9244.194968781543
2026-09-01 09:12:18,7600.0,7610.25,Call CEX 4,CEX,1215197.454,7459.931881647085,9244.194968781543
2026-09-01 09:12:18,7600.0,7610.25,Call DEX 5,DEX,146.421,7459.931881647085,9244.194968781543
2026-09-01 09:12:18,7600.0,7610.25,Call VEX 5,VEX,1550459.65,7459.931881647085,9244.194968781543
2026-09-01 09:12:18,7625.0,7635.25,Call CEX 1,CEX,1378995.443,7459.931881647085,9244.194968781543
2026-09-01 09:12:18,7650.0,7660.25,Put GEX 3,GEX,-380458.316,7459.931881647085,9244.194968781543
2026-09-01 09:12:18,7675.0,7685.25,Put CEX 2,CEX,-2320460.382,7459.931881647085,9244.194968781543
2026-09-01 09:12:18,7690.0,7700.25,Put CEX 4,CEX,-1367077.229,7459.931881647085,9244.194968781543
2026-09-01 09:12:18,7700.0,7710.25,Put CEX 3,CEX,-1815847.09,7459.931881647085,9244.194968781543
2026-09-01 09:12:18,7700.0,7710.25,Put DEX 2,DEX,-124.656,7459.931881647085,9244.194968781543
2026-09-01 09:12:18,7725.0,7735.25,Put DEX 5,DEX,-36.553,7459.931881647085,9244.194968781543
2026-09-01 09:12:18,7750.0,7760.25,Put CEX 5,CEX,-1356889.925,7459.931881647085,9244.194968781543
2026-09-01 09:12:18,7750.0,7760.25,Put DEX 4,DEX,-54.37,7459.931881647085,9244.194968781543
2026-09-01 09:12:18,7750.0,7760.25,Call GEX 3,GEX,331431.547,7459.931881647085,9244.194968781543
2026-09-01 09:12:18,7750.0,7760.25,Put VEX 4,VEX,-923176.163,7459.931881647085,9244.194968781543
2026-09-01 09:12:18,7800.0,7810.5,Call GEX 1,GEX,597200.309,7459.931881647085,9244.194968781543
2026-09-01 09:12:18,7800.0,7810.5,Put VEX 2,VEX,-1587378.573,7459.931881647085,9244.194968781543
2026-09-01 09:12:18,7850.0,7860.5,Call GEX 4,GEX,316616.928,7459.931881647085,9244.194968781543
2026-09-01 09:12:18,7850.0,7860.5,Put VEX 5,VEX,-607110.88,7459.931881647085,9244.194968781543
2026-09-01 09:12:18,7900.0,7910.5,Call GEX 2,GEX,429871.598,7459.931881647085,9244.194968781543
2026-09-01 09:12:18,7900.0,7910.5,Put VEX 3,VEX,-1006640.926,7459.931881647085,9244.194968781543
2026-09-01 09:12:18,7950.0,7960.5,Call GEX 5,GEX,189040.804,7459.931881647085,9244.194968781543
2026-09-01 09:12:18,8000.0,8010.75,Put CEX 1,CEX,-3310826.184,7459.931881647085,9244.194968781543
2026-09-01 09:12:18,8000.0,8010.75,Put DEX 1,DEX,-2475.204,7459.931881647085,9244.194968781543
2026-09-01 09:12:18,8000.0,8010.75,Put GEX 4,GEX,-332033.808,7459.931881647085,9244.194968781543
2026-09-01 09:12:18,8000.0,8010.75,Put VEX 1,VEX,-10666165.957,7459.931881647085,9244.194968781543
2026-09-01 09:13:06,7000.0,7009.0,Call CEX 3,CEX,1254949.061,7452.0866746288675,9244.808586481302
2026-09-01 09:13:06,7000.0,7009.0,Put DEX 3,DEX,-61.573,7452.0866746288675,9244.808586481302
2026-09-01 09:13:06,7000.0,7009.0,Put GEX 1,GEX,-725511.667,7452.0866746288675,9244.808586481302
2026-09-01 09:13:06,7000.0,7009.0,Call VEX 1,VEX,5566728.781,7452.0866746288675,9244.808586481302
2026-09-01 09:13:06,7300.0,7309.5,Call DEX 1,DEX,285.661,7452.0866746288675,9244.808586481302
2026-09-01 09:13:06,7400.0,7409.5,Call DEX 2,DEX,239.476,7452.0866746288675,9244.808586481302
2026-09-01 09:13:06,7400.0,7409.5,Call VEX 3,VEX,2084853.625,7452.0866746288675,9244.808586481302
2026-09-01 09:13:06,7450.0,7459.5,Call DEX 3,DEX,239.174,7452.0866746288675,9244.808586481302
2026-09-01 09:13:06,7450.0,7459.5,Call VEX 4,VEX,1882810.87,7452.0866746288675,9244.808586481302
2026-09-01 09:13:06,7500.0,7509.75,Call CEX 2,CEX,1265808.101,7452.0866746288675,9244.808586481302
2026-09-01 09:13:06,7500.0,7509.75,Call DEX 4,DEX,217.588,7452.0866746288675,9244.808586481302
2026-09-01 09:13:06,7500.0,7509.75,Put GEX 2,GEX,-525175.049,7452.0866746288675,9244.808586481302
2026-09-01 09:13:06,7500.0,7509.75,Call VEX 2,VEX,3137524.427,7452.0866746288675,9244.808586481302
2026-09-01 09:13:06,7550.0,7559.75,Call CEX 5,CEX,1017734.979,7452.0866746288675,9244.808586481302
2026-09-01 09:13:06,7550.0,7559.75,Put GEX 5,GEX,-316440.59,7452.0866746288675,9244.808586481302
2026-09-01 09:13:06,7600.0,7609.75,Call CEX 4,CEX,1164941.5,7452.0866746288675,9244.808586481302
2026-09-01 09:13:06,7600.0,7609.75,Call DEX 5,DEX,149.014,7452.0866746288675,9244.808586481302
2026-09-01 09:13:06,7600.0,7609.75,Call VEX 5,VEX,1563655.842,7452.0866746288675,9244.808586481302
2026-09-01 09:13:06,7625.0,7634.75,Call CEX 1,CEX,1280991.516,7452.0866746288675,9244.808586481302
2026-09-01 09:13:06,7650.0,7659.75,Put GEX 3,GEX,-365422.206,7452.0866746288675,9244.808586481302
2026-09-01 09:13:06,7675.0,7684.75,Put CEX 2,CEX,-2317551.117,7452.0866746288675,9244.808586481302
2026-09-01 09:13:06,7690.0,7700.0,Put CEX 4,CEX,-1468581.1,7452.0866746288675,9244.808586481302
2026-09-01 09:13:06,7700.0,7710.0,Put CEX 3,CEX,-1942056.669,7452.0866746288675,9244.808586481302
2026-09-01 09:13:06,7700.0,7710.0,Put DEX 2,DEX,-121.747,7452.0866746288675,9244.808586481302
2026-09-01 09:13:06,7750.0,7760.0,Put CEX 5,CEX,-1412211.926,7452.0866746288675,9244.808586481302
2026-09-01 09:13:06,7750.0,7760.0,Put DEX 4,DEX,-52.83,7452.0866746288675,9244.808586481302
2026-09-01 09:13:06,7750.0,7760.0,Call GEX 3,GEX,334289.423,7452.0866746288675,9244.808586481302
2026-09-01 09:13:06,7750.0,7760.0,Put VEX 4,VEX,-918759.182,7452.0866746288675,9244.808586481302
2026-09-01 09:13:06,7780.0,7790.0,Put DEX 5,DEX,-35.944,7452.0866746288675,9244.808586481302
2026-09-01 09:13:06,7800.0,7810.0,Call GEX 1,GEX,602679.543,7452.0866746288675,9244.808586481302
2026-09-01 09:13:06,7800.0,7810.0,Put VEX 2,VEX,-1582620.415,7452.0866746288675,9244.808586481302
2026-09-01 09:13:06,7850.0,7860.0,Call GEX 4,GEX,318475.2,7452.0866746288675,9244.808586481302
2026-09-01 09:13:06,7850.0,7860.0,Put VEX 5,VEX,-606786.685,7452.0866746288675,9244.808586481302
2026-09-01 09:13:06,7900.0,7910.25,Call GEX 2,GEX,432091.178,7452.0866746288675,9244.808586481302
2026-09-01 09:13:06,7900.0,7910.25,Put VEX 3,VEX,-1007732.06,7452.0866746288675,9244.808586481302
2026-09-01 09:13:06,7950.0,7960.25,Call GEX 5,GEX,190214.63,7452.0866746288675,9244.808586481302
2026-09-01 09:13:06,8000.0,8010.25,Put CEX 1,CEX,-3329402.051,7452.0866746288675,9244.808586481302
2026-09-01 09:13:06,8000.0,8010.25,Put DEX 1,DEX,-2466.361,7452.0866746288675,9244.808586481302
2026-09-01 09:13:06,8000.0,8010.25,Put GEX 4,GEX,-332606.084,7452.0866746288675,9244.808586481302
2026-09-01 09:13:06,8000.0,8010.25,Put VEX 1,VEX,-10704139.86,7452.0866746288675,9244.808586481302
2026-09-01 09:13:53,7000.0,7009.0,Call CEX 4,CEX,1255619.431,7453.495147095653,9247.555181032378
2026-09-01 09:13:53,7000.0,7009.0,Put DEX 3,DEX,-61.912,7453.495147095653,9247.555181032378
2026-09-01 09:13:53,7000.0,7009.0,Put GEX 1,GEX,-726038.832,7453.495147095653,9247.555181032378
2026-09-01 09:13:53,7000.0,7009.0,Call VEX 1,VEX,5570929.724,7453.495147095653,9247.555181032378
2026-09-01 09:13:53,7300.0,7309.25,Call DEX 1,DEX,283.363,7453.495147095653,9247.555181032378
2026-09-01 09:13:53,7400.0,7409.5,Call DEX 2,DEX,238.855,7453.495147095653,9247.555181032378
2026-09-01 09:13:53,7400.0,7409.5,Call VEX 3,VEX,2093633.236,7453.495147095653,9247.555181032378
2026-09-01 09:13:53,7450.0,7459.5,Call DEX 3,DEX,237.609,7453.495147095653,9247.555181032378
2026-09-01 09:13:53,7450.0,7459.5,Call VEX 4,VEX,1884984.457,7453.495147095653,9247.555181032378
2026-09-01 09:13:53,7500.0,7509.75,Call CEX 3,CEX,1267178.3,7453.495147095653,9247.555181032378
2026-09-01 09:13:53,7500.0,7509.75,Call DEX 4,DEX,215.426,7453.495147095653,9247.555181032378
2026-09-01 09:13:53,7500.0,7509.75,Put GEX 2,GEX,-528262.968,7453.495147095653,9247.555181032378
2026-09-01 09:13:53,7500.0,7509.75,Call VEX 2,VEX,3131711.938,7453.495147095653,9247.555181032378
2026-09-01 09:13:53,7550.0,7559.75,Call CEX 5,CEX,1021241.409,7453.495147095653,9247.555181032378
2026-09-01 09:13:53,7550.0,7559.75,Put GEX 5,GEX,-319632.808,7453.495147095653,9247.555181032378
2026-09-01 09:13:53,7600.0,7609.75,Call CEX 2,CEX,1321350.438,7453.495147095653,9247.555181032378
2026-09-01 09:13:53,7600.0,7609.75,Call DEX 5,DEX,153.235,7453.495147095653,9247.555181032378
2026-09-01 09:13:53,7600.0,7609.75,Call VEX 5,VEX,1557175.146,7453.495147095653,9247.555181032378
2026-09-01 09:13:53,7625.0,7634.75,Call CEX 1,CEX,1401681.724,7453.495147095653,9247.555181032378
2026-09-01 09:13:53,7650.0,7659.75,Put GEX 3,GEX,-384158.776,7453.495147095653,9247.555181032378
2026-09-01 09:13:53,7675.0,7684.75,Put CEX 2,CEX,-2330462.308,7453.495147095653,9247.555181032378
2026-09-01 09:13:53,7680.0,7689.75,Put CEX 5,CEX,-1323436.668,7453.495147095653,9247.555181032378
2026-09-01 09:13:53,7690.0,7699.75,Put CEX 4,CEX,-1327296.52,7453.495147095653,9247.555181032378
2026-09-01 09:13:53,7700.0,7710.0,Put CEX 3,CEX,-1759630.091,7453.495147095653,9247.555181032378
2026-09-01 09:13:53,7700.0,7710.0,Put DEX 2,DEX,-124.446,7453.495147095653,9247.555181032378
2026-09-01 09:13:53,7725.0,7735.0,Put DEX 5,DEX,-36.528,7453.495147095653,9247.555181032378
2026-09-01 09:13:53,7750.0,7760.0,Put DEX 4,DEX,-54.388,7453.495147095653,9247.555181032378
2026-09-01 09:13:53,7750.0,7760.0,Call GEX 3,GEX,334340.267,7453.495147095653,9247.555181032378
2026-09-01 09:13:53,7750.0,7760.0,Put VEX 4,VEX,-921351.73,7453.495147095653,9247.555181032378
2026-09-01 09:13:53,7800.0,7810.0,Call GEX 1,GEX,599280.845,7453.495147095653,9247.555181032378
2026-09-01 09:13:53,7800.0,7810.0,Put VEX 2,VEX,-1587095.439,7453.495147095653,9247.555181032378
2026-09-01 09:13:53,7850.0,7860.0,Call GEX 4,GEX,316703.727,7453.495147095653,9247.555181032378
2026-09-01 09:13:53,7850.0,7860.0,Put VEX 5,VEX,-605856.133,7453.495147095653,9247.555181032378
2026-09-01 09:13:53,7900.0,7910.25,Call GEX 2,GEX,430709.752,7453.495147095653,9247.555181032378
2026-09-01 09:13:53,7900.0,7910.25,Put VEX 3,VEX,-1007567.861,7453.495147095653,9247.555181032378
2026-09-01 09:13:53,7950.0,7960.25,Call GEX 5,GEX,189561.429,7453.495147095653,9247.555181032378
2026-09-01 09:13:53,8000.0,8010.25,Put CEX 1,CEX,-3313143.214,7453.495147095653,9247.555181032378
2026-09-01 09:13:53,8000.0,8010.25,Put DEX 1,DEX,-2474.138,7453.495147095653,9247.555181032378
2026-09-01 09:13:53,8000.0,8010.25,Put GEX 4,GEX,-327661.616,7453.495147095653,9247.555181032378
2026-09-01 09:13:53,8000.0,8010.25,Put VEX 1,VEX,-10682458.628,7453.495147095653,9247.555181032378
2026-09-01 09:14:41,7000.0,7008.25,Call CEX 2,CEX,1269858.851,7473.438191175836,9243.41901737796
2026-09-01 09:14:41,7000.0,7008.25,Put DEX 4,DEX,-37.221,7473.438191175836,9243.41901737796
2026-09-01 09:14:41,7000.0,7008.25,Put GEX 1,GEX,-732230.963,7473.438191175836,9243.41901737796
2026-09-01 09:14:41,7000.0,7008.25,Call VEX 1,VEX,5600002.86,7473.438191175836,9243.41901737796
2026-09-01 09:14:41,7300.0,7308.75,Call DEX 1,DEX,286.276,7473.438191175836,9243.41901737796
2026-09-01 09:14:41,7400.0,7408.75,Call DEX 2,DEX,239.197,7473.438191175836,9243.41901737796
2026-09-01 09:14:41,7400.0,7408.75,Call VEX 3,VEX,2085935.428,7473.438191175836,9243.41901737796
2026-09-01 09:14:41,7450.0,7459.0,Call DEX 3,DEX,237.007,7473.438191175836,9243.41901737796
2026-09-01 09:14:41,7450.0,7459.0,Call VEX 4,VEX,1881279.074,7473.438191175836,9243.41901737796
2026-09-01 09:14:41,7500.0,7509.0,Call CEX 1,CEX,1274655.835,7473.438191175836,9243.41901737796
2026-09-01 09:14:41,7500.0,7509.0,Call DEX 4,DEX,211.98,7473.438191175836,9243.41901737796
2026-09-01 09:14:41,7500.0,7509.0,Put GEX 2,GEX,-529159.477,7473.438191175836,9243.41901737796
2026-09-01 09:14:41,7500.0,7509.0,Call VEX 2,VEX,3122097.8,7473.438191175836,9243.41901737796
2026-09-01 09:14:41,7550.0,7559.0,Call CEX 5,CEX,1028306.172,7473.438191175836,9243.41901737796
2026-09-01 09:14:41,7550.0,7559.0,Put GEX 5,GEX,-320788.594,7473.438191175836,9243.41901737796
2026-09-01 09:14:41,7600.0,7609.0,Call CEX 3,CEX,1263574.173,7473.438191175836,9243.41901737796
2026-09-01 09:14:41,7600.0,7609.0,Call DEX 5,DEX,142.253,7473.438191175836,9243.41901737796
2026-09-01 09:14:41,7600.0,7609.0,Call VEX 5,VEX,1526065.676,7473.438191175836,9243.41901737796
2026-09-01 09:14:41,7625.0,7634.0,Call CEX 4,CEX,1206107.729,7473.438191175836,9243.41901737796
2026-09-01 09:14:41,7650.0,7659.25,Put GEX 4,GEX,-341231.708,7473.438191175836,9243.41901737796
2026-09-01 09:14:41,7675.0,7684.25,Put CEX 2,CEX,-2296540.547,7473.438191175836,9243.41901737796
2026-09-01 09:14:41,7690.0,7699.25,Put CEX 4,CEX,-1509046.803,7473.438191175836,9243.41901737796
2026-09-01 09:14:41,7700.0,7709.25,Put CEX 3,CEX,-1989233.278,7473.438191175836,9243.41901737796
2026-09-01 09:14:41,7700.0,7709.25,Put DEX 2,DEX,-128.636,7473.438191175836,9243.41901737796
2026-09-01 09:14:41,7750.0,7759.25,Put CEX 5,CEX,-1506215.361,7473.438191175836,9243.41901737796
2026-09-01 09:14:41,7750.0,7759.25,Put DEX 3,DEX,-55.744,7473.438191175836,9243.41901737796
2026-09-01 09:14:41,7750.0,7759.25,Call GEX 3,GEX,327539.575,7473.438191175836,9243.41901737796
2026-09-01 09:14:41,7750.0,7759.25,Put VEX 4,VEX,-942194.768,7473.438191175836,9243.41901737796
2026-09-01 09:14:41,7780.0,7789.25,Put DEX 5,DEX,-36.84,7473.438191175836,9243.41901737796
2026-09-01 09:14:41,7800.0,7809.25,Call GEX 1,GEX,595047.477,7473.438191175836,9243.41901737796
2026-09-01 09:14:41,7800.0,7809.25,Put VEX 2,VEX,-1596332.43,7473.438191175836,9243.41901737796
2026-09-01 09:14:41,7850.0,7859.25,Call GEX 4,GEX,313098.516,7473.438191175836,9243.41901737796
2026-09-01 09:14:41,7850.0,7859.25,Put VEX 5,VEX,-606880.446,7473.438191175836,9243.41901737796
2026-09-01 09:14:41,7900.0,7909.5,Call GEX 2,GEX,426143.698,7473.438191175836,9243.41901737796
2026-09-01 09:14:41,7900.0,7909.5,Put VEX 3,VEX,-1005360.493,7473.438191175836,9243.41901737796
2026-09-01 09:14:41,7950.0,7959.5,Call GEX 5,GEX,187128.202,7473.438191175836,9243.41901737796
2026-09-01 09:14:41,8000.0,8009.5,Put CEX 1,CEX,-3296053.906,7473.438191175836,9243.41901737796
2026-09-01 09:14:41,8000.0,8009.5,Put DEX 1,DEX,-2466.06,7473.438191175836,9243.41901737796
2026-09-01 09:14:41,8000.0,8009.5,Put GEX 3,GEX,-345868.56,7473.438191175836,9243.41901737796
2026-09-01 09:14:41,8000.0,8009.5,Put VEX 1,VEX,-10673354.307,7473.438191175836,9243.41901737796
2026-09-01 09:15:29,7000.0,7009.0,Call CEX 4,CEX,1269223.037,7492.637661082804,9247.914801596902
2026-09-01 09:15:29,7000.0,7009.0,Put DEX 3,DEX,-73.837,7492.637661082804,9247.914801596902
2026-09-01 09:15:29,7000.0,7009.0,Put GEX 1,GEX,-736932.576,7492.637661082804,9247.914801596902
2026-09-01 09:15:29,7000.0,7009.0,Call VEX 1,VEX,5615845.753,7492.637661082804,9247.914801596902
2026-09-01 09:15:29,7300.0,7309.25,Call DEX 1,DEX,283.47,7492.637661082804,9247.914801596902
2026-09-01 09:15:29,7400.0,7409.5,Call DEX 2,DEX,236.007,7492.637661082804,9247.914801596902
2026-09-01 09:15:29,7400.0,7409.5,Call VEX 3,VEX,2091275.473,7492.637661082804,9247.914801596902
2026-09-01 09:15:29,7450.0,7459.5,Call DEX 3,DEX,234.14,7492.637661082804,9247.914801596902
2026-09-01 09:15:29,7450.0,7459.5,Call VEX 4,VEX,1883455.249,7492.637661082804,9247.914801596902
2026-09-01 09:15:29,7500.0,7509.5,Call CEX 3,CEX,1274729.895,7492.637661082804,9247.914801596902
2026-09-01 09:15:29,7500.0,7509.5,Call DEX 4,DEX,206.859,7492.637661082804,9247.914801596902
2026-09-01 09:15:29,7500.0,7509.5,Put GEX 2,GEX,-533400.487,7492.637661082804,9247.914801596902
2026-09-01 09:15:29,7500.0,7509.5,Call VEX 2,VEX,3107715.939,7492.637661082804,9247.914801596902
2026-09-01 09:15:29,7550.0,7559.75,Call CEX 5,CEX,1032521.376,7492.637661082804,9247.914801596902
2026-09-01 09:15:29,7550.0,7559.75,Put GEX 5,GEX,-325853.468,7492.637661082804,9247.914801596902
2026-09-01 09:15:29,7600.0,7609.75,Call CEX 2,CEX,1307656.039,7492.637661082804,9247.914801596902
2026-09-01 09:15:29,7600.0,7609.75,Call DEX 5,DEX,136.862,7492.637661082804,9247.914801596902
2026-09-01 09:15:29,7600.0,7609.75,Call VEX 5,VEX,1495706.856,7492.637661082804,9247.914801596902
2026-09-01 09:15:29,7625.0,7634.75,Call CEX 1,CEX,1503933.28,7492.637661082804,9247.914801596902
2026-09-01 09:15:29,7650.0,7659.75,Put GEX 3,GEX,-367142.36,7492.637661082804,9247.914801596902
2026-09-01 09:15:29,7675.0,7684.75,Put CEX 2,CEX,-2306969.734,7492.637661082804,9247.914801596902
2026-09-01 09:15:29,7690.0,7699.75,Put CEX 5,CEX,-1391552.141,7492.637661082804,9247.914801596902
2026-09-01 09:15:29,7700.0,7709.75,Put CEX 3,CEX,-1887121.375,7492.637661082804,9247.914801596902
2026-09-01 09:15:29,7700.0,7709.75,Put DEX 2,DEX,-134.787,7492.637661082804,9247.914801596902
2026-09-01 09:15:29,7725.0,7735.0,Put DEX 5,DEX,-38.886,7492.637661082804,9247.914801596902
2026-09-01 09:15:29,7750.0,7760.0,Put CEX 4,CEX,-1394724.934,7492.637661082804,9247.914801596902
2026-09-01 09:15:29,7750.0,7760.0,Put DEX 4,DEX,-59.78,7492.637661082804,9247.914801596902
2026-09-01 09:15:29,7750.0,7760.0,Call GEX 3,GEX,327780.588,7492.637661082804,9247.914801596902
2026-09-01 09:15:29,7750.0,7760.0,Put VEX 4,VEX,-953632.439,7492.637661082804,9247.914801596902
2026-09-01 09:15:29,7800.0,7810.0,Call GEX 1,GEX,587878.284,7492.637661082804,9247.914801596902
2026-09-01 09:15:29,7800.0,7810.0,Put VEX 2,VEX,-1607841.313,7492.637661082804,9247.914801596902
2026-09-01 09:15:29,7850.0,7860.0,Call GEX 4,GEX,310173.091,7492.637661082804,9247.914801596902
2026-09-01 09:15:29,7850.0,7860.0,Put VEX 5,VEX,-607382.926,7492.637661082804,9247.914801596902
2026-09-01 09:15:29,7900.0,7910.0,Call GEX 2,GEX,422001.662,7492.637661082804,9247.914801596902
2026-09-01 09:15:29,7900.0,7910.0,Put VEX 3,VEX,-1002827.838,7492.637661082804,9247.914801596902
2026-09-01 09:15:29,7950.0,7960.25,Call GEX 5,GEX,185046.662,7492.637661082804,9247.914801596902
2026-09-01 09:15:29,8000.0,8010.25,Put CEX 1,CEX,-3288366.575,7492.637661082804,9247.914801596902
2026-09-01 09:15:29,8000.0,8010.25,Put DEX 1,DEX,-2475.64,7492.637661082804,9247.914801596902
2026-09-01 09:15:29,8000.0,8010.25,Put GEX 4,GEX,-355402.113,7492.637661082804,9247.914801596902
2026-09-01 09:15:29,8000.0,8010.25,Put VEX 1,VEX,-10627093.526,7492.637661082804,9247.914801596902
2026-09-01 09:16:18,7000.0,7009.75,Call CEX 4,CEX,1325303.65,7470.140600486584,9246.102777610771
2026-09-01 09:16:18,7000.0,7009.75,Put DEX 4,DEX,-40.841,7470.140600486584,9246.102777610771
2026-09-01 09:16:18,7000.0,7009.75,Put GEX 1,GEX,-731518.295,7470.140600486584,9246.102777610771
2026-09-01 09:16:18,7000.0,7009.75,Call VEX 1,VEX,5656878.046,7470.140600486584,9246.102777610771
2026-09-01 09:16:18,7300.0,7310.0,Call DEX 1,DEX,280.476,7470.140600486584,9246.102777610771
2026-09-01 09:16:18,7400.0,7410.25,Call DEX 3,DEX,234.903,7470.140600486584,9246.102777610771
2026-09-01 09:16:18,7400.0,7410.25,Call VEX 3,VEX,2101419.68,7470.140600486584,9246.102777610771
2026-09-01 09:16:18,7450.0,7460.25,Call DEX 2,DEX,242.455,7470.140600486584,9246.102777610771
2026-09-01 09:16:18,7450.0,7460.25,Call VEX 4,VEX,1899504.563,7470.140600486584,9246.102777610771
2026-09-01 09:16:18,7500.0,7510.25,Call CEX 3,CEX,1329974.097,7470.140600486584,9246.102777610771
2026-09-01 09:16:18,7500.0,7510.25,Call DEX 4,DEX,209.19,7470.140600486584,9246.102777610771
2026-09-01 09:16:18,7500.0,7510.25,Put GEX 2,GEX,-532206.409,7470.140600486584,9246.102777610771
2026-09-01 09:16:18,7500.0,7510.25,Call VEX 2,VEX,3111529.767,7470.140600486584,9246.102777610771
2026-09-01 09:16:18,7550.0,7560.5,Call CEX 5,CEX,1076462.056,7470.140600486584,9246.102777610771
2026-09-01 09:16:18,7550.0,7560.5,Put GEX 5,GEX,-327015.726,7470.140600486584,9246.102777610771
2026-09-01 09:16:18,7600.0,7610.5,Call CEX 2,CEX,1537482.234,7470.140600486584,9246.102777610771
2026-09-01 09:16:18,7600.0,7610.5,Call DEX 5,DEX,141.804,7470.140600486584,9246.102777610771
2026-09-01 09:16:18,7600.0,7610.5,Call VEX 5,VEX,1497422.189,7470.140600486584,9246.102777610771
2026-09-01 09:16:18,7625.0,7635.5,Call CEX 1,CEX,1545511.202,7470.140600486584,9246.102777610771
2026-09-01 09:16:18,7650.0,7660.5,Put GEX 3,GEX,-402840.47,7470.140600486584,9246.102777610771
2026-09-01 09:16:18,7675.0,7685.5,Put CEX 2,CEX,-2223411.486,7470.140600486584,9246.102777610771
2026-09-01 09:16:18,7680.0,7690.5,Put CEX 4,CEX,-1156934.402,7470.140600486584,9246.102777610771
2026-09-01 09:16:18,7700.0,7710.5,Put CEX 3,CEX,-1329038.062,7470.140600486584,9246.102777610771
2026-09-01 09:16:18,7700.0,7710.5,Put DEX 2,DEX,-123.27,7470.140600486584,9246.102777610771
2026-09-01 09:16:18,7750.0,7760.75,Put CEX 5,CEX,-1153224.796,7470.140600486584,9246.102777610771
2026-09-01 09:16:18,7750.0,7760.75,Put DEX 3,DEX,-49.706,7470.140600486584,9246.102777610771
2026-09-01 09:16:18,7750.0,7760.75,Call GEX 3,GEX,337959.779,7470.140600486584,9246.102777610771
2026-09-01 09:16:18,7750.0,7760.75,Put VEX 4,VEX,-939631.152,7470.140600486584,9246.102777610771
2026-09-01 09:16:18,7780.0,7790.75,Put DEX 5,DEX,-36.729,7470.140600486584,9246.102777610771
2026-09-01 09:16:18,7800.0,7810.75,Call GEX 1,GEX,587790.223,7470.140600486584,9246.102777610771
2026-09-01 09:16:18,7800.0,7810.75,Put VEX 2,VEX,-1604112.174,7470.140600486584,9246.102777610771
2026-09-01 09:16:18,7850.0,7860.75,Call GEX 4,GEX,309816.931,7470.140600486584,9246.102777610771
2026-09-01 09:16:18,7850.0,7860.75,Put VEX 5,VEX,-606838.515,7470.140600486584,9246.102777610771
2026-09-01 09:16:18,7900.0,7911.0,Call GEX 2,GEX,421324.562,7470.140600486584,9246.102777610771
2026-09-01 09:16:18,7900.0,7911.0,Put VEX 3,VEX,-1004175.79,7470.140600486584,9246.102777610771
2026-09-01 09:16:18,7950.0,7961.0,Call GEX 5,GEX,185024.532,7470.140600486584,9246.102777610771
2026-09-01 09:16:18,8000.0,8011.0,Put CEX 1,CEX,-3238781.24,7470.140600486584,9246.102777610771
2026-09-01 09:16:18,8000.0,8011.0,Put DEX 1,DEX,-2464.035,7470.140600486584,9246.102777610771
2026-09-01 09:16:18,8000.0,8011.0,Put GEX 4,GEX,-333799.733,7470.140600486584,9246.102777610771
2026-09-01 09:16:18,8000.0,8011.0,Put VEX 1,VEX,-10584151.137,7470.140600486584,9246.102777610771
2026-09-01 09:17:05,7000.0,7009.25,Call CEX 4,CEX,1273326.954,7494.808860820148,9245.217158765
2026-09-01 09:17:05,7000.0,7009.25,Put DEX 3,DEX,-74.987,7494.808860820148,9245.217158765
2026-09-01 09:17:05,7000.0,7009.25,Put GEX 1,GEX,-738719.992,7494.808860820148,9245.217158765
2026-09-01 09:17:05,7000.0,7009.25,Call VEX 1,VEX,5631775.354,7494.808860820148,9245.217158765
2026-09-01 09:17:05,7300.0,7309.75,Call DEX 1,DEX,281.626,7494.808860820148,9245.217158765
2026-09-01 09:17:05,7400.0,7409.75,Call DEX 2,DEX,234.296,7494.808860820148,9245.217158765
2026-09-01 09:17:05,7400.0,7409.75,Call VEX 3,VEX,2096763.664,7494.808860820148,9245.217158765
2026-09-01 09:17:05,7450.0,7459.75,Call DEX 3,DEX,232.363,7494.808860820148,9245.217158765
2026-09-01 09:17:05,7450.0,7459.75,Call VEX 4,VEX,1884540.152,7494.808860820148,9245.217158765
2026-09-01 09:17:05,7500.0,7510.0,Call CEX 3,CEX,1279171.095,7494.808860820148,9245.217158765
2026-09-01 09:17:05,7500.0,7510.0,Call DEX 4,DEX,204.968,7494.808860820148,9245.217158765
2026-09-01 09:17:05,7500.0,7510.0,Put GEX 2,GEX,-535965.652,7494.808860820148,9245.217158765
2026-09-01 09:17:05,7500.0,7510.0,Call VEX 2,VEX,3104300.698,7494.808860820148,9245.217158765
2026-09-01 09:17:05,7550.0,7560.0,Call CEX 5,CEX,1047412.148,7494.808860820148,9245.217158765
2026-09-01 09:17:05,7550.0,7560.0,Put GEX 5,GEX,-329589.468,7494.808860820148,9245.217158765
2026-09-01 09:17:05,7600.0,7610.0,Call CEX 2,CEX,1527787.277,7494.808860820148,9245.217158765
2026-09-01 09:17:05,7600.0,7610.0,Call DEX 5,DEX,140.985,7494.808860820148,9245.217158765
2026-09-01 09:17:05,7600.0,7610.0,Call VEX 5,VEX,1490803.555,7494.808860820148,9245.217158765
2026-09-01 09:17:05,7625.0,7635.0,Call CEX 1,CEX,1558202.584,7494.808860820148,9245.217158765
2026-09-01 09:17:05,7650.0,7660.0,Put GEX 3,GEX,-394482.423,7494.808860820148,9245.217158765
2026-09-01 09:17:05,7675.0,7685.25,Put CEX 2,CEX,-2273809.172,7494.808860820148,9245.217158765
2026-09-01 09:17:05,7680.0,7690.25,Put CEX 5,CEX,-1226455.777,7494.808860820148,9245.217158765
2026-09-01 09:17:05,7700.0,7710.25,Put CEX 3,CEX,-1658802.037,7494.808860820148,9245.217158765
2026-09-01 09:17:05,7700.0,7710.25,Put DEX 2,DEX,-137.016,7494.808860820148,9245.217158765
2026-09-01 09:17:05,7725.0,7735.25,Put DEX 5,DEX,-39.94,7494.808860820148,9245.217158765
2026-09-01 09:17:05,7750.0,7760.25,Put CEX 4,CEX,-1244136.262,7494.808860820148,9245.217158765
2026-09-01 09:17:05,7750.0,7760.25,Put DEX 4,DEX,-60.841,7494.808860820148,9245.217158765
2026-09-01 09:17:05,7750.0,7760.25,Call GEX 3,GEX,328819.216,7494.808860820148,9245.217158765
2026-09-01 09:17:05,7750.0,7760.25,Put VEX 4,VEX,-950337.506,7494.808860820148,9245.217158765
2026-09-01 09:17:05,7800.0,7810.25,Call GEX 1,GEX,583834.85,7494.808860820148,9245.217158765
2026-09-01 09:17:05,7800.0,7810.25,Put VEX 2,VEX,-1609028.559,7494.808860820148,9245.217158765
2026-09-01 09:17:05,7850.0,7860.25,Call GEX 4,GEX,309037.989,7494.808860820148,9245.217158765
2026-09-01 09:17:05,7850.0,7860.25,Put VEX 5,VEX,-607251.599,7494.808860820148,9245.217158765
2026-09-01 09:17:05,7900.0,7910.5,Call GEX 2,GEX,420812.995,7494.808860820148,9245.217158765
2026-09-01 09:17:05,7900.0,7910.5,Put VEX 3,VEX,-1003519.589,7494.808860820148,9245.217158765
2026-09-01 09:17:05,7950.0,7960.5,Call GEX 5,GEX,184627.14,7494.808860820148,9245.217158765
2026-09-01 09:17:05,8000.0,8010.5,Put CEX 1,CEX,-3263346.247,7494.808860820148,9245.217158765
2026-09-01 09:17:05,8000.0,8010.5,Put DEX 1,DEX,-2486.956,7494.808860820148,9245.217158765
2026-09-01 09:17:05,8000.0,8010.5,Put GEX 4,GEX,-342972.697,7494.808860820148,9245.217158765
2026-09-01 09:17:05,8000.0,8010.5,Put VEX 1,VEX,-10584342.302,7494.808860820148,9245.217158765
2026-09-01 09:17:53,7000.0,7008.25,Call CEX 3,CEX,1277448.308,7496.347424101826,9243.16941710825
2026-09-01 09:17:53,7000.0,7008.25,Put DEX 3,DEX,-76.125,7496.347424101826,9243.16941710825
2026-09-01 09:17:53,7000.0,7008.25,Put GEX 1,GEX,-743175.094,7496.347424101826,9243.16941710825
2026-09-01 09:17:53,7000.0,7008.25,Call VEX 1,VEX,5639728.751,7496.347424101826,9243.16941710825
2026-09-01 09:17:53,7300.0,7308.5,Call DEX 1,DEX,285.455,7496.347424101826,9243.16941710825
2026-09-01 09:17:53,7400.0,7408.5,Call DEX 2,DEX,236.072,7496.347424101826,9243.16941710825
2026-09-01 09:17:53,7400.0,7408.5,Call VEX 3,VEX,2079582.262,7496.347424101826,9243.16941710825
2026-09-01 09:17:53,7450.0,7458.75,Call DEX 3,DEX,233.704,7496.347424101826,9243.16941710825
2026-09-01 09:17:53,7450.0,7458.75,Call VEX 4,VEX,1879592.922,7496.347424101826,9243.16941710825
2026-09-01 09:17:53,7500.0,7508.75,Call CEX 2,CEX,1283854.059,7496.347424101826,9243.16941710825
2026-09-01 09:17:53,7500.0,7508.75,Call DEX 4,DEX,205.3,7496.347424101826,9243.16941710825
2026-09-01 09:17:53,7500.0,7508.75,Put GEX 2,GEX,-533287.195,7496.347424101826,9243.16941710825
2026-09-01 09:17:53,7500.0,7508.75,Call VEX 2,VEX,3102665.219,7496.347424101826,9243.16941710825
2026-09-01 09:17:53,7550.0,7558.75,Call CEX 5,CEX,1042075.599,7496.347424101826,9243.16941710825
2026-09-01 09:17:53,7550.0,7558.75,Put GEX 4,GEX,-324658.589,7496.347424101826,9243.16941710825
2026-09-01 09:17:53,7550.0,7558.75,Call VEX 5,VEX,1477963.118,7496.347424101826,9243.16941710825
2026-09-01 09:17:53,7600.0,7608.75,Call CEX 1,CEX,1413534.793,7496.347424101826,9243.16941710825
2026-09-01 09:17:53,7600.0,7608.75,Call DEX 5,DEX,133.413,7496.347424101826,9243.16941710825
2026-09-01 09:17:53,7625.0,7633.75,Call CEX 4,CEX,1266984.303,7496.347424101826,9243.16941710825
2026-09-01 09:17:53,7650.0,7659.0,Put GEX 5,GEX,-312101.907,7496.347424101826,9243.16941710825
2026-09-01 09:17:53,7675.0,7684.0,Put CEX 2,CEX,-2273582.289,7496.347424101826,9243.16941710825
2026-09-01 09:17:53,7690.0,7699.0,Put CEX 5,CEX,-1510964.199,7496.347424101826,9243.16941710825
2026-09-01 09:17:53,7700.0,7709.0,Put CEX 3,CEX,-2043266.325,7496.347424101826,9243.16941710825
2026-09-01 09:17:53,7700.0,7709.0,Put DEX 2,DEX,-137.209,7496.347424101826,9243.16941710825
2026-09-01 09:17:53,7750.0,7759.0,Put CEX 4,CEX,-1527844.647,7496.347424101826,9243.16941710825
2026-09-01 09:17:53,7750.0,7759.0,Put DEX 4,DEX,-60.804,7496.347424101826,9243.16941710825
2026-09-01 09:17:53,7750.0,7759.0,Call GEX 3,GEX,322812.654,7496.347424101826,9243.16941710825
2026-09-01 09:17:53,7750.0,7759.0,Put VEX 4,VEX,-970214.287,7496.347424101826,9243.16941710825
2026-09-01 09:17:53,7800.0,7809.0,Put DEX 5,DEX,-39.15,7496.347424101826,9243.16941710825
2026-09-01 09:17:53,7800.0,7809.0,Call GEX 1,GEX,583610.732,7496.347424101826,9243.16941710825
2026-09-01 09:17:53,7800.0,7809.0,Put VEX 2,VEX,-1616444.058,7496.347424101826,9243.16941710825
2026-09-01 09:17:53,7850.0,7859.0,Call GEX 4,GEX,306661.925,7496.347424101826,9243.16941710825
2026-09-01 09:17:53,7850.0,7859.0,Put VEX 5,VEX,-607473.878,7496.347424101826,9243.16941710825
2026-09-01 09:17:53,7900.0,7909.25,Call GEX 2,GEX,418203.853,7496.347424101826,9243.16941710825
2026-09-01 09:17:53,7900.0,7909.25,Put VEX 3,VEX,-1000621.1,7496.347424101826,9243.16941710825
2026-09-01 09:17:53,7950.0,7959.25,Call GEX 5,GEX,183073.121,7496.347424101826,9243.16941710825
2026-09-01 09:17:53,8000.0,8009.25,Put CEX 1,CEX,-3312220.442,7496.347424101826,9243.16941710825
2026-09-01 09:17:53,8000.0,8009.25,Put DEX 1,DEX,-2470.885,7496.347424101826,9243.16941710825
2026-09-01 09:17:53,8000.0,8009.25,Put GEX 3,GEX,-370765.352,7496.347424101826,9243.16941710825
2026-09-01 09:17:53,8000.0,8009.25,Put VEX 1,VEX,-10638378.771,7496.347424101826,9243.16941710825
2026-09-01 09:18:41,7000.0,7009.0,Call CEX 3,CEX,1284652.981,7502.420301527217,9245.954919410273
2026-09-01 09:18:41,7000.0,7009.0,Put DEX 3,DEX,-66.872,7502.420301527217,9245.954919410273
2026-09-01 09:18:41,7000.0,7009.0,Put GEX 1,GEX,-744924.356,7502.420301527217,9245.954919410273
2026-09-01 09:18:41,7000.0,7009.0,Call VEX 1,VEX,5672917.119,7502.420301527217,9245.954919410273
2026-09-01 09:18:41,7300.0,7309.25,Call DEX 1,DEX,279.504,7502.420301527217,9245.954919410273
2026-09-01 09:18:41,7300.0,7309.25,Call VEX 5,VEX,1470969.319,7502.420301527217,9245.954919410273
2026-09-01 09:18:41,7400.0,7409.5,Call DEX 2,DEX,230.748,7502.420301527217,9245.954919410273
2026-09-01 09:18:41,7400.0,7409.5,Call VEX 3,VEX,2102830.189,7502.420301527217,9245.954919410273
2026-09-01 09:18:41,7450.0,7459.5,Call DEX 3,DEX,228.775,7502.420301527217,9245.954919410273
2026-09-01 09:18:41,7450.0,7459.5,Call VEX 4,VEX,1883011.102,7502.420301527217,9245.954919410273
2026-09-01 09:18:41,7500.0,7509.5,Call CEX 4,CEX,1283866.657,7502.420301527217,9245.954919410273
2026-09-01 09:18:41,7500.0,7509.5,Call DEX 4,DEX,197.111,7502.420301527217,9245.954919410273
2026-09-01 09:18:41,7500.0,7509.5,Put GEX 2,GEX,-542059.791,7502.420301527217,9245.954919410273
2026-09-01 09:18:41,7500.0,7509.5,Call VEX 2,VEX,3081910.93,7502.420301527217,9245.954919410273
2026-09-01 09:18:41,7515.0,7524.5,Call CEX 5,CEX,1131108.004,7502.420301527217,9245.954919410273
2026-09-01 09:18:41,7550.0,7559.75,Put GEX 5,GEX,-334952.016,7502.420301527217,9245.954919410273
2026-09-01 09:18:41,7600.0,7609.75,Call CEX 2,CEX,1513533.176,7502.420301527217,9245.954919410273
2026-09-01 09:18:41,7600.0,7609.75,Call DEX 5,DEX,133.638,7502.420301527217,9245.954919410273
2026-09-01 09:18:41,7625.0,7634.75,Call CEX 1,CEX,1586923.956,7502.420301527217,9245.954919410273
2026-09-01 09:18:41,7650.0,7659.75,Put GEX 3,GEX,-381489.704,7502.420301527217,9245.954919410273
2026-09-01 09:18:41,7675.0,7684.75,Put CEX 2,CEX,-2235935.055,7502.420301527217,9245.954919410273
2026-09-01 09:18:41,7690.0,7699.75,Put CEX 5,CEX,-1306524.938,7502.420301527217,9245.954919410273
2026-09-01 09:18:41,7700.0,7709.75,Put CEX 3,CEX,-1808404.725,7502.420301527217,9245.954919410273
2026-09-01 09:18:41,7700.0,7709.75,Put DEX 2,DEX,-144.115,7502.420301527217,9245.954919410273
2026-09-01 09:18:41,7700.0,7709.75,Put VEX 5,VEX,-618236.829,7502.420301527217,9245.954919410273
2026-09-01 09:18:41,7750.0,7760.0,Put CEX 4,CEX,-1336593.025,7502.420301527217,9245.954919410273
2026-09-01 09:18:41,7750.0,7760.0,Put DEX 4,DEX,-64.71,7502.420301527217,9245.954919410273
2026-09-01 09:18:41,7750.0,7760.0,Call GEX 3,GEX,317116.915,7502.420301527217,9245.954919410273
2026-09-01 09:18:41,7750.0,7760.0,Put VEX 4,VEX,-973322.075,7502.420301527217,9245.954919410273
2026-09-01 09:18:41,7800.0,7810.0,Put DEX 5,DEX,-42.228,7502.420301527217,9245.954919410273
2026-09-01 09:18:41,7800.0,7810.0,Call GEX 1,GEX,572592.373,7502.420301527217,9245.954919410273
2026-09-01 09:18:41,7800.0,7810.0,Put VEX 2,VEX,-1622013.656,7502.420301527217,9245.954919410273
2026-09-01 09:18:41,7850.0,7860.0,Call GEX 4,GEX,303683.905,7502.420301527217,9245.954919410273
2026-09-01 09:18:41,7900.0,7910.0,Call GEX 2,GEX,413884.444,7502.420301527217,9245.954919410273
2026-09-01 09:18:41,7900.0,7910.0,Put VEX 3,VEX,-1001288.879,7502.420301527217,9245.954919410273
2026-09-01 09:18:41,7950.0,7960.25,Call GEX 5,GEX,181379.326,7502.420301527217,9245.954919410273
2026-09-01 09:18:41,8000.0,8010.25,Put CEX 1,CEX,-3248068.508,7502.420301527217,9245.954919410273
2026-09-01 09:18:41,8000.0,8010.25,Put DEX 1,DEX,-2494.825,7502.420301527217,9245.954919410273
2026-09-01 09:18:41,8000.0,8010.25,Put GEX 4,GEX,-356809.901,7502.420301527217,9245.954919410273
2026-09-01 09:18:41,8000.0,8010.25,Put VEX 1,VEX,-10546363.462,7502.420301527217,9245.954919410273
2026-09-01 09:19:28,7000.0,7009.25,Call CEX 3,CEX,1287423.737,7501.965293820437,9245.55740508494
2026-09-01 09:19:28,7000.0,7009.25,Put DEX 3,DEX,-68.269,7501.965293820437,9245.55740508494
2026-09-01 09:19:28,7000.0,7009.25,Put GEX 1,GEX,-746103.185,7501.965293820437,9245.55740508494
2026-09-01 09:19:28,7000.0,7009.25,Call VEX 1,VEX,5689948.674,7501.965293820437,9245.55740508494
2026-09-01 09:19:28,7300.0,7309.75,Call DEX 1,DEX,278.421,7501.965293820437,9245.55740508494
2026-09-01 09:19:28,7300.0,7309.75,Call VEX 5,VEX,1483523.172,7501.965293820437,9245.55740508494
2026-09-01 09:19:28,7400.0,7409.75,Call DEX 2,DEX,230.059,7501.965293820437,9245.55740508494
2026-09-01 09:19:28,7400.0,7409.75,Call VEX 3,VEX,2102178.153,7501.965293820437,9245.55740508494
2026-09-01 09:19:28,7450.0,7460.0,Call DEX 3,DEX,227.87,7501.965293820437,9245.55740508494
2026-09-01 09:19:28,7450.0,7460.0,Call VEX 4,VEX,1881767.138,7501.965293820437,9245.55740508494
2026-09-01 09:19:28,7500.0,7510.0,Call CEX 4,CEX,1283284.201,7501.965293820437,9245.55740508494
2026-09-01 09:19:28,7500.0,7510.0,Call DEX 4,DEX,196.478,7501.965293820437,9245.55740508494
2026-09-01 09:19:28,7500.0,7510.0,Put GEX 2,GEX,-539615.084,7501.965293820437,9245.55740508494
2026-09-01 09:19:28,7500.0,7510.0,Call VEX 2,VEX,3078181.764,7501.965293820437,9245.55740508494
2026-09-01 09:19:28,7515.0,7525.0,Call CEX 5,CEX,1134115.996,7501.965293820437,9245.55740508494
2026-09-01 09:19:28,7550.0,7560.0,Put GEX 5,GEX,-333866.356,7501.965293820437,9245.55740508494
2026-09-01 09:19:28,7600.0,7610.0,Call CEX 2,CEX,1586867.86,7501.965293820437,9245.55740508494
2026-09-01 09:19:28,7600.0,7610.0,Call DEX 5,DEX,132.646,7501.965293820437,9245.55740508494
2026-09-01 09:19:28,7625.0,7635.25,Call CEX 1,CEX,1591571.283,7501.965293820437,9245.55740508494
2026-09-01 09:19:28,7650.0,7660.25,Put GEX 3,GEX,-386629.214,7501.965293820437,9245.55740508494
2026-09-01 09:19:28,7675.0,7685.25,Put CEX 2,CEX,-2204489.253,7501.965293820437,9245.55740508494
2026-09-01 09:19:28,7680.0,7690.25,Put CEX 5,CEX,-1196566.822,7501.965293820437,9245.55740508494
2026-09-01 09:19:28,7700.0,7710.25,Put CEX 3,CEX,-1733739.729,7501.965293820437,9245.55740508494
2026-09-01 09:19:28,7700.0,7710.25,Put DEX 2,DEX,-144.728,7501.965293820437,9245.55740508494
2026-09-01 09:19:28,7700.0,7710.25,Put VEX 5,VEX,-618710.812,7501.965293820437,9245.55740508494
2026-09-01 09:19:28,7750.0,7760.25,Put CEX 4,CEX,-1296704.173,7501.965293820437,9245.55740508494
2026-09-01 09:19:28,7750.0,7760.25,Put DEX 4,DEX,-64.967,7501.965293820437,9245.55740508494
2026-09-01 09:19:28,7750.0,7760.25,Call GEX 3,GEX,319308.711,7501.965293820437,9245.55740508494
2026-09-01 09:19:28,7750.0,7760.25,Put VEX 4,VEX,-972311.845,7501.965293820437,9245.55740508494
2026-09-01 09:19:28,7800.0,7810.5,Put DEX 5,DEX,-42.229,7501.965293820437,9245.55740508494
2026-09-01 09:19:28,7800.0,7810.5,Call GEX 1,GEX,572875.978,7501.965293820437,9245.55740508494
2026-09-01 09:19:28,7800.0,7810.5,Put VEX 2,VEX,-1620710.22,7501.965293820437,9245.55740508494
2026-09-01 09:19:28,7850.0,7860.5,Call GEX 4,GEX,303463.781,7501.965293820437,9245.55740508494
2026-09-01 09:19:28,7900.0,7910.5,Call GEX 2,GEX,413472.073,7501.965293820437,9245.55740508494
2026-09-01 09:19:28,7900.0,7910.5,Put VEX 3,VEX,-1000929.931,7501.965293820437,9245.55740508494
2026-09-01 09:19:28,7950.0,7960.5,Call GEX 5,GEX,181438.74,7501.965293820437,9245.55740508494
2026-09-01 09:19:28,8000.0,8010.75,Put CEX 1,CEX,-3247821.091,7501.965293820437,9245.55740508494
2026-09-01 09:19:28,8000.0,8010.75,Put DEX 1,DEX,-2492.033,7501.965293820437,9245.55740508494
2026-09-01 09:19:28,8000.0,8010.75,Put GEX 4,GEX,-358030.677,7501.965293820437,9245.55740508494
2026-09-01 09:19:28,8000.0,8010.75,Put VEX 1,VEX,-10550841.623,7501.965293820437,9245.55740508494
2026-09-01 09:20:17,7000.0,7009.0,Call CEX 3,CEX,1297378.698,7503.529091598277,9245.66185716417
2026-09-01 09:20:17,7000.0,7009.0,Put DEX 3,DEX,-75.399,7503.529091598277,9245.66185716417
2026-09-01 09:20:17,7000.0,7009.0,Put GEX 1,GEX,-751990.391,7503.529091598277,9245.66185716417
2026-09-01 09:20:17,7000.0,7009.0,Call VEX 1,VEX,5722626.577,7503.529091598277,9245.66185716417
2026-09-01 09:20:17,7300.0,7309.5,Call DEX 1,DEX,276.694,7503.529091598277,9245.66185716417
2026-09-01 09:20:17,7300.0,7309.5,Call VEX 5,VEX,1488241.461,7503.529091598277,9245.66185716417
2026-09-01 09:20:17,7400.0,7409.5,Call DEX 2,DEX,227.201,7503.529091598277,9245.66185716417
2026-09-01 09:20:17,7400.0,7409.5,Call VEX 3,VEX,2104305.568,7503.529091598277,9245.66185716417
2026-09-01 09:20:17,7450.0,7459.75,Call DEX 3,DEX,224.9,7503.529091598277,9245.66185716417
2026-09-01 09:20:17,7450.0,7459.75,Call VEX 4,VEX,1881114.145,7503.529091598277,9245.66185716417
2026-09-01 09:20:17,7500.0,7509.75,Call CEX 4,CEX,1289492.764,7503.529091598277,9245.66185716417
2026-09-01 09:20:17,7500.0,7509.75,Call DEX 4,DEX,190.45,7503.529091598277,9245.66185716417
2026-09-01 09:20:17,7500.0,7509.75,Put GEX 2,GEX,-544003.834,7503.529091598277,9245.66185716417
2026-09-01 09:20:17,7500.0,7509.75,Call VEX 2,VEX,3061448.275,7503.529091598277,9245.66185716417
2026-09-01 09:20:17,7550.0,7559.75,Call CEX 5,CEX,1126337.743,7503.529091598277,9245.66185716417
2026-09-01 09:20:17,7550.0,7559.75,Put GEX 5,GEX,-342264.586,7503.529091598277,9245.66185716417
2026-09-01 09:20:17,7600.0,7609.75,Call CEX 2,CEX,1535351.942,7503.529091598277,9245.66185716417
2026-09-01 09:20:17,7600.0,7609.75,Call DEX 5,DEX,126.832,7503.529091598277,9245.66185716417
2026-09-01 09:20:17,7625.0,7634.75,Call CEX 1,CEX,1581299.916,7503.529091598277,9245.66185716417
2026-09-01 09:20:17,7650.0,7660.0,Put GEX 3,GEX,-359877.752,7503.529091598277,9245.66185716417
2026-09-01 09:20:17,7675.0,7685.0,Put CEX 2,CEX,-2227620.845,7503.529091598277,9245.66185716417
2026-09-01 09:20:17,7690.0,7700.0,Put CEX 5,CEX,-1314192.945,7503.529091598277,9245.66185716417
2026-09-01 09:20:17,7700.0,7710.0,Put CEX 3,CEX,-1880880.629,7503.529091598277,9245.66185716417
2026-09-01 09:20:17,7700.0,7710.0,Put DEX 2,DEX,-149.455,7503.529091598277,9245.66185716417
2026-09-01 09:20:17,7700.0,7710.0,Put VEX 5,VEX,-659825.722,7503.529091598277,9245.66185716417
2026-09-01 09:20:17,7750.0,7760.0,Put CEX 4,CEX,-1372626.48,7503.529091598277,9245.66185716417
2026-09-01 09:20:17,7750.0,7760.0,Put DEX 4,DEX,-67.207,7503.529091598277,9245.66185716417
2026-09-01 09:20:17,7750.0,7760.0,Call GEX 3,GEX,311329.306,7503.529091598277,9245.66185716417
2026-09-01 09:20:17,7750.0,7760.0,Put VEX 4,VEX,-989242.803,7503.529091598277,9245.66185716417
2026-09-01 09:20:17,7800.0,7810.0,Put DEX 5,DEX,-44.678,7503.529091598277,9245.66185716417
2026-09-01 09:20:17,7800.0,7810.0,Call GEX 1,GEX,565195.774,7503.529091598277,9245.66185716417
2026-09-01 09:20:17,7800.0,7810.0,Put VEX 2,VEX,-1630758.414,7503.529091598277,9245.66185716417
2026-09-01 09:20:17,7850.0,7860.25,Call GEX 4,GEX,300232.737,7503.529091598277,9245.66185716417
2026-09-01 09:20:17,7900.0,7910.25,Call GEX 2,GEX,410061.886,7503.529091598277,9245.66185716417
2026-09-01 09:20:17,7900.0,7910.25,Put VEX 3,VEX,-1000538.431,7503.529091598277,9245.66185716417
2026-09-01 09:20:17,7950.0,7960.25,Call GEX 5,GEX,179690.365,7503.529091598277,9245.66185716417
2026-09-01 09:20:17,8000.0,8010.25,Put CEX 1,CEX,-3247983.857,7503.529091598277,9245.66185716417
2026-09-01 09:20:17,8000.0,8010.25,Put DEX 1,DEX,-2494.746,7503.529091598277,9245.66185716417
2026-09-01 09:20:17,8000.0,8010.25,Put GEX 4,GEX,-359562.179,7503.529091598277,9245.66185716417
2026-09-01 09:20:17,8000.0,8010.25,Put VEX 1,VEX,-10546233.113,7503.529091598277,9245.66185716417
2026-09-01 09:21:06,7000.0,7009.25,Call CEX 3,CEX,1305474.858,7503.228773889155,9250.61926667528
2026-09-01 09:21:06,7000.0,7009.25,Put DEX 3,DEX,-77.609,7503.228773889155,9250.61926667528
2026-09-01 09:21:06,7000.0,7009.25,Put GEX 1,GEX,-761002.756,7503.228773889155,9250.61926667528
2026-09-01 09:21:06,7000.0,7009.25,Call VEX 1,VEX,5739242.948,7503.228773889155,9250.61926667528
2026-09-01 09:21:06,7300.0,7309.5,Call DEX 1,DEX,277.001,7503.228773889155,9250.61926667528
2026-09-01 09:21:06,7300.0,7309.5,Call VEX 5,VEX,1474959.246,7503.228773889155,9250.61926667528
2026-09-01 09:21:06,7400.0,7409.75,Call DEX 3,DEX,225.679,7503.228773889155,9250.61926667528
2026-09-01 09:21:06,7400.0,7409.75,Call VEX 3,VEX,2099528.515,7503.228773889155,9250.61926667528
2026-09-01 09:21:06,7450.0,7459.75,Call DEX 2,DEX,227.862,7503.228773889155,9250.61926667528
2026-09-01 09:21:06,7450.0,7459.75,Call VEX 4,VEX,1878221.816,7503.228773889155,9250.61926667528
2026-09-01 09:21:06,7500.0,7509.75,Call CEX 4,CEX,1300459.07,7503.228773889155,9250.61926667528
2026-09-01 09:21:06,7500.0,7509.75,Call DEX 4,DEX,186.424,7503.228773889155,9250.61926667528
2026-09-01 09:21:06,7500.0,7509.75,Put GEX 2,GEX,-543606.626,7503.228773889155,9250.61926667528
2026-09-01 09:21:06,7500.0,7509.75,Call VEX 2,VEX,3045524.662,7503.228773889155,9250.61926667528
2026-09-01 09:21:06,7515.0,7524.75,Call CEX 5,CEX,1167440.727,7503.228773889155,9250.61926667528
2026-09-01 09:21:06,7550.0,7560.0,Put GEX 5,GEX,-341829.051,7503.228773889155,9250.61926667528
2026-09-01 09:21:06,7600.0,7610.0,Call CEX 1,CEX,1776629.246,7503.228773889155,9250.61926667528
2026-09-01 09:21:06,7600.0,7610.0,Call DEX 5,DEX,120.455,7503.228773889155,9250.61926667528
2026-09-01 09:21:06,7625.0,7635.0,Call CEX 2,CEX,1538115.379,7503.228773889155,9250.61926667528
2026-09-01 09:21:06,7650.0,7660.0,Put GEX 4,GEX,-359790.441,7503.228773889155,9250.61926667528
2026-09-01 09:21:06,7675.0,7685.0,Put CEX 2,CEX,-2101892.005,7503.228773889155,9250.61926667528
2026-09-01 09:21:06,7690.0,7700.0,Put CEX 5,CEX,-1153213.759,7503.228773889155,9250.61926667528
2026-09-01 09:21:06,7700.0,7710.0,Put CEX 3,CEX,-1671787.176,7503.228773889155,9250.61926667528
2026-09-01 09:21:06,7700.0,7710.0,Put DEX 2,DEX,-155.609,7503.228773889155,9250.61926667528
2026-09-01 09:21:06,7700.0,7710.0,Put VEX 5,VEX,-692096.694,7503.228773889155,9250.61926667528
2026-09-01 09:21:06,7750.0,7760.25,Put CEX 4,CEX,-1232160.553,7503.228773889155,9250.61926667528
2026-09-01 09:21:06,7750.0,7760.25,Put DEX 4,DEX,-70.432,7503.228773889155,9250.61926667528
2026-09-01 09:21:06,7750.0,7760.25,Call GEX 3,GEX,318712.031,7503.228773889155,9250.61926667528
2026-09-01 09:21:06,7750.0,7760.25,Put VEX 4,VEX,-997306.576,7503.228773889155,9250.61926667528
2026-09-01 09:21:06,7800.0,7810.25,Put DEX 5,DEX,-47.744,7503.228773889155,9250.61926667528
2026-09-01 09:21:06,7800.0,7810.25,Call GEX 1,GEX,564264.556,7503.228773889155,9250.61926667528
2026-09-01 09:21:06,7800.0,7810.25,Put VEX 2,VEX,-1638204.734,7503.228773889155,9250.61926667528
2026-09-01 09:21:06,7850.0,7860.25,Call GEX 4,GEX,297364.94,7503.228773889155,9250.61926667528
2026-09-01 09:21:06,7900.0,7910.25,Call GEX 2,GEX,405372.085,7503.228773889155,9250.61926667528
2026-09-01 09:21:06,7900.0,7910.25,Put VEX 3,VEX,-998247.425,7503.228773889155,9250.61926667528
2026-09-01 09:21:06,7950.0,7960.5,Call GEX 5,GEX,177446.355,7503.228773889155,9250.61926667528
2026-09-01 09:21:06,8000.0,8010.5,Put CEX 1,CEX,-3229767.457,7503.228773889155,9250.61926667528
2026-09-01 09:21:06,8000.0,8010.5,Put DEX 1,DEX,-2489.801,7503.228773889155,9250.61926667528
2026-09-01 09:21:06,8000.0,8010.5,Put GEX 3,GEX,-376338.187,7503.228773889155,9250.61926667528
2026-09-01 09:21:06,8000.0,8010.5,Put VEX 1,VEX,-10525400.236,7503.228773889155,9250.61926667528
2026-09-01 09:21:54,7000.0,7010.0,Call CEX 3,CEX,1383180.397,7504.394512005603,9254.250191035091
2026-09-01 09:21:54,7000.0,7010.0,Call DEX 1,DEX,935.795,7504.394512005603,9254.250191035091
2026-09-01 09:21:54,7000.0,7010.0,Put GEX 1,GEX,-693797.153,7504.394512005603,9254.250191035091
2026-09-01 09:21:54,7000.0,7010.0,Call VEX 1,VEX,6307843.978,7504.394512005603,9254.250191035091
2026-09-01 09:21:54,7300.0,7310.5,Call DEX 2,DEX,269.094,7504.394512005603,9254.250191035091
2026-09-01 09:21:54,7300.0,7310.5,Call VEX 5,VEX,1578138.343,7504.394512005603,9254.250191035091
2026-09-01 09:21:54,7400.0,7410.5,Call DEX 4,DEX,219.874,7504.394512005603,9254.250191035091
2026-09-01 09:21:54,7400.0,7410.5,Call VEX 3,VEX,2112640.175,7504.394512005603,9254.250191035091
2026-09-01 09:21:54,7450.0,7460.75,Call DEX 3,DEX,226.808,7504.394512005603,9254.250191035091
2026-09-01 09:21:54,7450.0,7460.75,Call VEX 4,VEX,1881505.077,7504.394512005603,9254.250191035091
2026-09-01 09:21:54,7500.0,7510.75,Call CEX 4,CEX,1375732.622,7504.394512005603,9254.250191035091
2026-09-01 09:21:54,7500.0,7510.75,Call DEX 5,DEX,179.058,7504.394512005603,9254.250191035091
2026-09-01 09:21:54,7500.0,7510.75,Put GEX 2,GEX,-560427.941,7504.394512005603,9254.250191035091
2026-09-01 09:21:54,7500.0,7510.75,Call VEX 2,VEX,3018738.375,7504.394512005603,9254.250191035091
2026-09-01 09:21:54,7515.0,7525.75,Call CEX 5,CEX,1213567.154,7504.394512005603,9254.250191035091
2026-09-01 09:21:54,7550.0,7560.75,Put GEX 4,GEX,-359508.998,7504.394512005603,9254.250191035091
2026-09-01 09:21:54,7600.0,7611.0,Call CEX 1,CEX,1882444.864,7504.394512005603,9254.250191035091
2026-09-01 09:21:54,7625.0,7636.0,Call CEX 2,CEX,1402694.411,7504.394512005603,9254.250191035091
2026-09-01 09:21:54,7650.0,7661.0,Put CEX 4,CEX,-1236163.229,7504.394512005603,9254.250191035091
2026-09-01 09:21:54,7650.0,7661.0,Put DEX 5,DEX,-47.074,7504.394512005603,9254.250191035091
2026-09-01 09:21:54,7650.0,7661.0,Put GEX 3,GEX,-384916.539,7504.394512005603,9254.250191035091
2026-09-01 09:21:54,7675.0,7686.0,Put CEX 2,CEX,-1301851.536,7504.394512005603,9254.250191035091
2026-09-01 09:21:54,7700.0,7711.0,Put CEX 3,CEX,-1295579.933,7504.394512005603,9254.250191035091
2026-09-01 09:21:54,7700.0,7711.0,Put DEX 2,DEX,-152.735,7504.394512005603,9254.250191035091
2026-09-01 09:21:54,7700.0,7711.0,Put VEX 5,VEX,-745140.779,7504.394512005603,9254.250191035091
2026-09-01 09:21:54,7750.0,7761.0,Put CEX 5,CEX,-1123732.903,7504.394512005603,9254.250191035091
2026-09-01 09:21:54,7750.0,7761.0,Put DEX 3,DEX,-64.88,7504.394512005603,9254.250191035091
2026-09-01 09:21:54,7750.0,7761.0,Call GEX 3,GEX,312370.807,7504.394512005603,9254.250191035091
2026-09-01 09:21:54,7750.0,7761.0,Put VEX 3,VEX,-1010922.604,7504.394512005603,9254.250191035091
2026-09-01 09:21:54,7800.0,7811.25,Put DEX 4,DEX,-50.308,7504.394512005603,9254.250191035091
2026-09-01 09:21:54,7800.0,7811.25,Call GEX 1,GEX,546439.91,7504.394512005603,9254.250191035091
2026-09-01 09:21:54,7800.0,7811.25,Put VEX 2,VEX,-1653442.013,7504.394512005603,9254.250191035091
2026-09-01 09:21:54,7850.0,7861.25,Call GEX 4,GEX,290990.834,7504.394512005603,9254.250191035091
2026-09-01 09:21:54,7900.0,7911.25,Call GEX 2,GEX,397880.774,7504.394512005603,9254.250191035091
2026-09-01 09:21:54,7900.0,7911.25,Put VEX 4,VEX,-998112.047,7504.394512005603,9254.250191035091
2026-09-01 09:21:54,7950.0,7961.5,Call GEX 5,GEX,173931.433,7504.394512005603,9254.250191035091
2026-09-01 09:21:54,8000.0,8011.5,Put CEX 1,CEX,-3138529.243,7504.394512005603,9254.250191035091
2026-09-01 09:21:54,8000.0,8011.5,Put DEX 1,DEX,-2504.43,7504.394512005603,9254.250191035091
2026-09-01 09:21:54,8000.0,8011.5,Put GEX 5,GEX,-350781.405,7504.394512005603,9254.250191035091
2026-09-01 09:21:54,8000.0,8011.5,Put VEX 1,VEX,-10377264.703,7504.394512005603,9254.250191035091
2026-09-01 09:22:43,7000.0,7009.75,Call CEX 3,CEX,1385035.126,7504.273717868079,9252.820782502127
2026-09-01 09:22:43,7000.0,7009.75,Call DEX 1,DEX,934.306,7504.273717868079,9252.820782502127
2026-09-01 09:22:43,7000.0,7009.75,Put GEX 1,GEX,-683629.844,7504.273717868079,9252.820782502127
2026-09-01 09:22:43,7000.0,7009.75,Call VEX 1,VEX,6369447.884,7504.273717868079,9252.820782502127
2026-09-01 09:22:43,7300.0,7310.25,Call DEX 2,DEX,270.662,7504.273717868079,9252.820782502127
2026-09-01 09:22:43,7300.0,7310.25,Call VEX 5,VEX,1559850.447,7504.273717868079,9252.820782502127
2026-09-01 09:22:43,7400.0,7410.25,Call DEX 4,DEX,219.852,7504.273717868079,9252.820782502127
2026-09-01 09:22:43,7400.0,7410.25,Call VEX 3,VEX,2116540.791,7504.273717868079,9252.820782502127
2026-09-01 09:22:43,7450.0,7460.5,Call DEX 3,DEX,227.213,7504.273717868079,9252.820782502127
2026-09-01 09:22:43,7450.0,7460.5,Call VEX 4,VEX,1884176.397,7504.273717868079,9252.820782502127
2026-09-01 09:22:43,7500.0,7510.5,Call CEX 4,CEX,1333646.899,7504.273717868079,9252.820782502127
2026-09-01 09:22:43,7500.0,7510.5,Call DEX 5,DEX,179.709,7504.273717868079,9252.820782502127
2026-09-01 09:22:43,7500.0,7510.5,Put GEX 2,GEX,-559769.251,7504.273717868079,9252.820782502127
2026-09-01 09:22:43,7500.0,7510.5,Call VEX 2,VEX,3019659.832,7504.273717868079,9252.820782502127
2026-09-01 09:22:43,7550.0,7560.5,Call CEX 5,CEX,1174274.394,7504.273717868079,9252.820782502127
2026-09-01 09:22:43,7550.0,7560.5,Put GEX 4,GEX,-359828.28,7504.273717868079,9252.820782502127
2026-09-01 09:22:43,7600.0,7610.75,Call CEX 1,CEX,1843988.408,7504.273717868079,9252.820782502127
2026-09-01 09:22:43,7625.0,7635.75,Call CEX 2,CEX,1439930.621,7504.273717868079,9252.820782502127
2026-09-01 09:22:43,7650.0,7660.75,Put CEX 3,CEX,-1211095.345,7504.273717868079,9252.820782502127
2026-09-01 09:22:43,7650.0,7660.75,Put DEX 5,DEX,-46.216,7504.273717868079,9252.820782502127
2026-09-01 09:22:43,7650.0,7660.75,Put GEX 3,GEX,-392434.455,7504.273717868079,9252.820782502127
2026-09-01 09:22:43,7675.0,7685.75,Put CEX 4,CEX,-1146090.305,7504.273717868079,9252.820782502127
2026-09-01 09:22:43,7700.0,7710.75,Put CEX 2,CEX,-1295865.446,7504.273717868079,9252.820782502127
2026-09-01 09:22:43,7700.0,7710.75,Put DEX 2,DEX,-151.507,7504.273717868079,9252.820782502127
2026-09-01 09:22:43,7700.0,7710.75,Put VEX 5,VEX,-736360.041,7504.273717868079,9252.820782502127
2026-09-01 09:22:43,7750.0,7760.75,Put CEX 5,CEX,-1145388.037,7504.273717868079,9252.820782502127
2026-09-01 09:22:43,7750.0,7760.75,Put DEX 3,DEX,-69.143,7504.273717868079,9252.820782502127
2026-09-01 09:22:43,7750.0,7760.75,Call GEX 3,GEX,306740.021,7504.273717868079,9252.820782502127
2026-09-01 09:22:43,7750.0,7760.75,Put VEX 3,VEX,-1012462.114,7504.273717868079,9252.820782502127
2026-09-01 09:22:43,7800.0,7811.0,Put DEX 4,DEX,-49.57,7504.273717868079,9252.820782502127
2026-09-01 09:22:43,7800.0,7811.0,Call GEX 1,GEX,546307.957,7504.273717868079,9252.820782502127
2026-09-01 09:22:43,7800.0,7811.0,Put VEX 2,VEX,-1652780.751,7504.273717868079,9252.820782502127
2026-09-01 09:22:43,7850.0,7861.0,Call GEX 4,GEX,291126.82,7504.273717868079,9252.820782502127
2026-09-01 09:22:43,7900.0,7911.0,Call GEX 2,GEX,398719.857,7504.273717868079,9252.820782502127
2026-09-01 09:22:43,7900.0,7911.0,Put VEX 4,VEX,-997942.101,7504.273717868079,9252.820782502127
2026-09-01 09:22:43,7950.0,7961.25,Call GEX 5,GEX,174419.811,7504.273717868079,9252.820782502127
2026-09-01 09:22:43,8000.0,8011.25,Put CEX 1,CEX,-3160200.936,7504.273717868079,9252.820782502127
2026-09-01 09:22:43,8000.0,8011.25,Put DEX 1,DEX,-2526.039,7504.273717868079,9252.820782502127
2026-09-01 09:22:43,8000.0,8011.25,Put GEX 5,GEX,-355429.065,7504.273717868079,9252.820782502127
2026-09-01 09:22:43,8000.0,8011.25,Put VEX 1,VEX,-10397755.777,7504.273717868079,9252.820782502127
2026-09-01 09:23:30,7000.0,7008.75,Call CEX 3,CEX,1307472.612,7503.972705147667,9246.00170941742
2026-09-01 09:23:30,7000.0,7008.75,Put DEX 3,DEX,-85.713,7503.972705147667,9246.00170941742
2026-09-01 09:23:30,7000.0,7008.75,Put GEX 1,GEX,-760661.748,7503.972705147667,9246.00170941742
2026-09-01 09:23:30,7000.0,7008.75,Call VEX 1,VEX,5746302.313,7503.972705147667,9246.00170941742
2026-09-01 09:23:30,7300.0,7309.25,Call DEX 1,DEX,273.992,7503.972705147667,9246.00170941742
2026-09-01 09:23:30,7300.0,7309.25,Call VEX 5,VEX,1507725.245,7503.972705147667,9246.00170941742
2026-09-01 09:23:30,7400.0,7409.25,Call DEX 2,DEX,223.545,7503.972705147667,9246.00170941742
2026-09-01 09:23:30,7400.0,7409.25,Call VEX 3,VEX,2106246.528,7503.972705147667,9246.00170941742
2026-09-01 09:23:30,7450.0,7459.25,Call DEX 3,DEX,221.786,7503.972705147667,9246.00170941742
2026-09-01 09:23:30,7450.0,7459.25,Call VEX 4,VEX,1877479.113,7503.972705147667,9246.00170941742
2026-09-01 09:23:30,7500.0,7509.5,Call CEX 4,CEX,1298047.01,7503.972705147667,9246.00170941742
2026-09-01 09:23:30,7500.0,7509.5,Call DEX 4,DEX,184.093,7503.972705147667,9246.00170941742
2026-09-01 09:23:30,7500.0,7509.5,Put GEX 2,GEX,-548960.801,7503.972705147667,9246.00170941742
2026-09-01 09:23:30,7500.0,7509.5,Call VEX 2,VEX,3039532.492,7503.972705147667,9246.00170941742
2026-09-01 09:23:30,7550.0,7559.5,Call CEX 5,CEX,1071591.756,7503.972705147667,9246.00170941742
2026-09-01 09:23:30,7550.0,7559.5,Put GEX 5,GEX,-343508.294,7503.972705147667,9246.00170941742
2026-09-01 09:23:30,7600.0,7609.5,Call CEX 1,CEX,1710401.038,7503.972705147667,9246.00170941742
2026-09-01 09:23:30,7600.0,7609.5,Call DEX 5,DEX,119.23,7503.972705147667,9246.00170941742
2026-09-01 09:23:30,7625.0,7634.5,Call CEX 2,CEX,1550319.194,7503.972705147667,9246.00170941742
2026-09-01 09:23:30,7650.0,7659.5,Put GEX 4,GEX,-368680.492,7503.972705147667,9246.00170941742
2026-09-01 09:23:30,7675.0,7684.5,Put CEX 2,CEX,-2052926.192,7503.972705147667,9246.00170941742
2026-09-01 09:23:30,7680.0,7689.5,Put CEX 5,CEX,-1094446.276,7503.972705147667,9246.00170941742
2026-09-01 09:23:30,7700.0,7709.75,Put CEX 3,CEX,-1560391.02,7503.972705147667,9246.00170941742
2026-09-01 09:23:30,7700.0,7709.75,Put DEX 2,DEX,-157.496,7503.972705147667,9246.00170941742
2026-09-01 09:23:30,7700.0,7709.75,Put VEX 5,VEX,-699362.641,7503.972705147667,9246.00170941742
2026-09-01 09:23:30,7750.0,7759.75,Put CEX 4,CEX,-1245358.104,7503.972705147667,9246.00170941742
2026-09-01 09:23:30,7750.0,7759.75,Put DEX 4,DEX,-71.309,7503.972705147667,9246.00170941742
2026-09-01 09:23:30,7750.0,7759.75,Call GEX 3,GEX,312515.962,7503.972705147667,9246.00170941742
2026-09-01 09:23:30,7750.0,7759.75,Put VEX 3,VEX,-1001539.058,7503.972705147667,9246.00170941742
2026-09-01 09:23:30,7800.0,7809.75,Put DEX 5,DEX,-48.789,7503.972705147667,9246.00170941742
2026-09-01 09:23:30,7800.0,7809.75,Call GEX 1,GEX,557540.717,7503.972705147667,9246.00170941742
2026-09-01 09:23:30,7800.0,7809.75,Put VEX 2,VEX,-1642418.117,7503.972705147667,9246.00170941742
2026-09-01 09:23:30,7850.0,7859.75,Call GEX 4,GEX,295941.131,7503.972705147667,9246.00170941742
2026-09-01 09:23:30,7900.0,7910.0,Call GEX 2,GEX,403747.758,7503.972705147667,9246.00170941742
2026-09-01 09:23:30,7900.0,7910.0,Put VEX 4,VEX,-1000764.433,7503.972705147667,9246.00170941742
2026-09-01 09:23:30,7950.0,7960.0,Call GEX 5,GEX,176548.841,7503.972705147667,9246.00170941742
2026-09-01 09:23:30,8000.0,8010.0,Put CEX 1,CEX,-3220178.341,7503.972705147667,9246.00170941742
2026-09-01 09:23:30,8000.0,8010.0,Put DEX 1,DEX,-2502.659,7503.972705147667,9246.00170941742
2026-09-01 09:23:30,8000.0,8010.0,Put GEX 3,GEX,-369261.409,7503.972705147667,9246.00170941742
2026-09-01 09:23:30,8000.0,8010.0,Put VEX 1,VEX,-10493629.468,7503.972705147667,9246.00170941742
2026-09-01 09:24:18,7000.0,7009.25,Call CEX 3,CEX,1302413.874,7503.076461462935,9247.905435390969
2026-09-01 09:24:18,7000.0,7009.25,Put DEX 3,DEX,-83.505,7503.076461462935,9247.905435390969
2026-09-01 09:24:18,7000.0,7009.25,Put GEX 1,GEX,-758602.712,7503.076461462935,9247.905435390969
2026-09-01 09:24:18,7000.0,7009.25,Call VEX 1,VEX,5718168.499,7503.076461462935,9247.905435390969
2026-09-01 09:24:18,7300.0,7309.5,Call DEX 1,DEX,277.758,7503.076461462935,9247.905435390969
2026-09-01 09:24:18,7300.0,7309.5,Call VEX 5,VEX,1462430.612,7503.076461462935,9247.905435390969
2026-09-01 09:24:18,7400.0,7409.75,Call DEX 2,DEX,227.403,7503.076461462935,9247.905435390969
2026-09-01 09:24:18,7400.0,7409.75,Call VEX 3,VEX,2094718.258,7503.076461462935,9247.905435390969
2026-09-01 09:24:18,7450.0,7459.75,Call DEX 3,DEX,224.951,7503.076461462935,9247.905435390969
2026-09-01 09:24:18,7450.0,7459.75,Call VEX 4,VEX,1878255.236,7503.076461462935,9247.905435390969
2026-09-01 09:24:18,7500.0,7509.75,Call CEX 4,CEX,1291179.76,7503.076461462935,9247.905435390969
2026-09-01 09:24:18,7500.0,7509.75,Call DEX 4,DEX,188.847,7503.076461462935,9247.905435390969
2026-09-01 09:24:18,7500.0,7509.75,Put GEX 2,GEX,-540867.326,7503.076461462935,9247.905435390969
2026-09-01 09:24:18,7500.0,7509.75,Call VEX 2,VEX,3054098.432,7503.076461462935,9247.905435390969
2026-09-01 09:24:18,7550.0,7559.75,Call CEX 5,CEX,1054413.496,7503.076461462935,9247.905435390969
2026-09-01 09:24:18,7550.0,7559.75,Put GEX 5,GEX,-336065.451,7503.076461462935,9247.905435390969
2026-09-01 09:24:18,7600.0,7610.0,Call CEX 1,CEX,1622452.691,7503.076461462935,9247.905435390969
2026-09-01 09:24:18,7600.0,7610.0,Call DEX 5,DEX,124.788,7503.076461462935,9247.905435390969
2026-09-01 09:24:18,7625.0,7635.0,Call CEX 2,CEX,1592785.197,7503.076461462935,9247.905435390969
2026-09-01 09:24:18,7650.0,7660.0,Put GEX 4,GEX,-360663.244,7503.076461462935,9247.905435390969
2026-09-01 09:24:18,7675.0,7685.0,Put CEX 2,CEX,-2174044.024,7503.076461462935,9247.905435390969
2026-09-01 09:24:18,7690.0,7700.0,Put CEX 5,CEX,-1269992.132,7503.076461462935,9247.905435390969
2026-09-01 09:24:18,7700.0,7710.0,Put CEX 3,CEX,-1784455.605,7503.076461462935,9247.905435390969
2026-09-01 09:24:18,7700.0,7710.0,Put DEX 2,DEX,-152.169,7503.076461462935,9247.905435390969
2026-09-01 09:24:18,7700.0,7710.0,Put VEX 5,VEX,-672642.282,7503.076461462935,9247.905435390969
2026-09-01 09:24:18,7750.0,7760.0,Put CEX 4,CEX,-1320748.5,7503.076461462935,9247.905435390969
2026-09-01 09:24:18,7750.0,7760.0,Put DEX 4,DEX,-68.896,7503.076461462935,9247.905435390969
2026-09-01 09:24:18,7750.0,7760.0,Call GEX 3,GEX,318052.968,7503.076461462935,9247.905435390969
2026-09-01 09:24:18,7750.0,7760.0,Put VEX 4,VEX,-991860.151,7503.076461462935,9247.905435390969
2026-09-01 09:24:18,7800.0,7810.25,Put DEX 5,DEX,-46.321,7503.076461462935,9247.905435390969
2026-09-01 09:24:18,7800.0,7810.25,Call GEX 1,GEX,568013.15,7503.076461462935,9247.905435390969
2026-09-01 09:24:18,7800.0,7810.25,Put VEX 2,VEX,-1633018.973,7503.076461462935,9247.905435390969
2026-09-01 09:24:18,7850.0,7860.25,Call GEX 4,GEX,299550.104,7503.076461462935,9247.905435390969
2026-09-01 09:24:18,7900.0,7910.25,Call GEX 2,GEX,408001.523,7503.076461462935,9247.905435390969
2026-09-01 09:24:18,7900.0,7910.25,Put VEX 3,VEX,-999572.978,7503.076461462935,9247.905435390969
2026-09-01 09:24:18,7950.0,7960.25,Call GEX 5,GEX,178345.335,7503.076461462935,9247.905435390969
2026-09-01 09:24:18,8000.0,8010.5,Put CEX 1,CEX,-3233174.46,7503.076461462935,9247.905435390969
2026-09-01 09:24:18,8000.0,8010.5,Put DEX 1,DEX,-2487.713,7503.076461462935,9247.905435390969
2026-09-01 09:24:18,8000.0,8010.5,Put GEX 3,GEX,-369614.34,7503.076461462935,9247.905435390969
2026-09-01 09:24:18,8000.0,8010.5,Put VEX 1,VEX,-10540094.796,7503.076461462935,9247.905435390969
2026-09-01 09:25:05,7000.0,7009.5,Call CEX 3,CEX,1319390.182,7502.690122845837,9248.471724496269
2026-09-01 09:25:05,7000.0,7009.5,Call DEX 1,DEX,911.199,7502.690122845837,9248.471724496269
2026-09-01 09:25:05,7000.0,7009.5,Put GEX 1,GEX,-744307.716,7502.690122845837,9248.471724496269
2026-09-01 09:25:05,7000.0,7009.5,Call VEX 1,VEX,5856784.755,7502.690122845837,9248.471724496269
2026-09-01 09:25:05,7300.0,7310.0,Call DEX 2,DEX,272.273,7502.690122845837,9248.471724496269
2026-09-01 09:25:05,7300.0,7310.0,Call VEX 5,VEX,1541243.827,7502.690122845837,9248.471724496269
2026-09-01 09:25:05,7400.0,7410.25,Call DEX 4,DEX,223.599,7502.690122845837,9248.471724496269
2026-09-01 09:25:05,7400.0,7410.25,Call VEX 3,VEX,2109312.626,7502.690122845837,9248.471724496269
2026-09-01 09:25:05,7450.0,7460.25,Call DEX 3,DEX,231.638,7502.690122845837,9248.471724496269
2026-09-01 09:25:05,7450.0,7460.25,Call VEX 4,VEX,1882467.759,7502.690122845837,9248.471724496269
2026-09-01 09:25:05,7500.0,7510.25,Call CEX 4,CEX,1317857.819,7502.690122845837,9248.471724496269
2026-09-01 09:25:05,7500.0,7510.25,Call DEX 5,DEX,187.537,7502.690122845837,9248.471724496269
2026-09-01 09:25:05,7500.0,7510.25,Put GEX 2,GEX,-548999.146,7502.690122845837,9248.471724496269
2026-09-01 09:25:05,7500.0,7510.25,Call VEX 2,VEX,3042796.809,7502.690122845837,9248.471724496269
2026-09-01 09:25:05,7550.0,7560.25,Call CEX 5,CEX,1085506.549,7502.690122845837,9248.471724496269
2026-09-01 09:25:05,7550.0,7560.25,Put GEX 5,GEX,-345216.198,7502.690122845837,9248.471724496269
2026-09-01 09:25:05,7600.0,7610.5,Call CEX 1,CEX,1773236.934,7502.690122845837,9248.471724496269
2026-09-01 09:25:05,7625.0,7635.5,Call CEX 2,CEX,1569627.897,7502.690122845837,9248.471724496269
2026-09-01 09:25:05,7650.0,7660.5,Put DEX 5,DEX,-40.28,7502.690122845837,9248.471724496269
2026-09-01 09:25:05,7650.0,7660.5,Put GEX 3,GEX,-400096.268,7502.690122845837,9248.471724496269
2026-09-01 09:25:05,7660.0,7670.5,Put CEX 5,CEX,-912561.215,7502.690122845837,9248.471724496269
2026-09-01 09:25:05,7675.0,7685.5,Put CEX 2,CEX,-1654337.89,7502.690122845837,9248.471724496269
2026-09-01 09:25:05,7700.0,7710.5,Put CEX 3,CEX,-1292871.908,7502.690122845837,9248.471724496269
2026-09-01 09:25:05,7700.0,7710.5,Put DEX 2,DEX,-143.255,7502.690122845837,9248.471724496269
2026-09-01 09:25:05,7700.0,7710.5,Put VEX 5,VEX,-680713.848,7502.690122845837,9248.471724496269
2026-09-01 09:25:05,7750.0,7760.75,Put CEX 4,CEX,-1162371.708,7502.690122845837,9248.471724496269
2026-09-01 09:25:05,7750.0,7760.75,Put DEX 3,DEX,-64.84,7502.690122845837,9248.471724496269
2026-09-01 09:25:05,7750.0,7760.75,Call GEX 3,GEX,315209.727,7502.690122845837,9248.471724496269
2026-09-01 09:25:05,7750.0,7760.75,Put VEX 4,VEX,-993105.991,7502.690122845837,9248.471724496269
2026-09-01 09:25:05,7800.0,7810.75,Put DEX 4,DEX,-45.819,7502.690122845837,9248.471724496269
2026-09-01 09:25:05,7800.0,7810.75,Call GEX 1,GEX,558332.756,7502.690122845837,9248.471724496269
2026-09-01 09:25:05,7800.0,7810.75,Put VEX 2,VEX,-1638687.722,7502.690122845837,9248.471724496269
2026-09-01 09:25:05,7850.0,7860.75,Call GEX 4,GEX,296198.96,7502.690122845837,9248.471724496269
2026-09-01 09:25:05,7900.0,7910.75,Call GEX 2,GEX,404304.56,7502.690122845837,9248.471724496269
2026-09-01 09:25:05,7900.0,7910.75,Put VEX 3,VEX,-999214.818,7502.690122845837,9248.471724496269
2026-09-01 09:25:05,7950.0,7961.0,Call GEX 5,GEX,177010.86,7502.690122845837,9248.471724496269
2026-09-01 09:25:05,8000.0,8011.0,Put CEX 1,CEX,-3196136.825,7502.690122845837,9248.471724496269
2026-09-01 09:25:05,8000.0,8011.0,Put DEX 1,DEX,-2511.028,7502.690122845837,9248.471724496269
2026-09-01 09:25:05,8000.0,8011.0,Put GEX 4,GEX,-365019.111,7502.690122845837,9248.471724496269
2026-09-01 09:25:05,8000.0,8011.0,Put VEX 1,VEX,-10448289.692,7502.690122845837,9248.471724496269
2026-09-01 09:25:54,7000.0,7009.5,Call CEX 3,CEX,1307834.599,7504.387790269433,9249.988009940294
2026-09-01 09:25:54,7000.0,7009.5,Put DEX 3,DEX,-78.148,7504.387790269433,9249.988009940294
2026-09-01 09:25:54,7000.0,7009.5,Put GEX 1,GEX,-760113.914,7504.387790269433,9249.988009940294
2026-09-01 09:25:54,7000.0,7009.5,Call VEX 1,VEX,5747537.078,7504.387790269433,9249.988009940294
2026-09-01 09:25:54,7300.0,7309.75,Call DEX 1,DEX,275.949,7504.387790269433,9249.988009940294
2026-09-01 09:25:54,7300.0,7309.75,Call VEX 5,VEX,1470501.246,7504.387790269433,9249.988009940294
2026-09-01 09:25:54,7400.0,7410.0,Call DEX 2,DEX,223.691,7504.387790269433,9249.988009940294
2026-09-01 09:25:54,7400.0,7410.0,Call VEX 3,VEX,2105607.204,7504.387790269433,9249.988009940294
2026-09-01 09:25:54,7450.0,7460.0,Call DEX 3,DEX,221.41,7504.387790269433,9249.988009940294
2026-09-01 09:25:54,7450.0,7460.0,Call VEX 4,VEX,1877162.509,7504.387790269433,9249.988009940294
2026-09-01 09:25:54,7500.0,7510.25,Call CEX 4,CEX,1295669.129,7504.387790269433,9249.988009940294
2026-09-01 09:25:54,7500.0,7510.25,Call DEX 4,DEX,183.491,7504.387790269433,9249.988009940294
2026-09-01 09:25:54,7500.0,7510.25,Put GEX 2,GEX,-547881.148,7504.387790269433,9249.988009940294
2026-09-01 09:25:54,7500.0,7510.25,Call VEX 2,VEX,3038980.565,7504.387790269433,9249.988009940294
2026-09-01 09:25:54,7550.0,7560.25,Call CEX 5,CEX,1060914.429,7504.387790269433,9249.988009940294
2026-09-01 09:25:54,7550.0,7560.25,Put GEX 5,GEX,-343405.09,7504.387790269433,9249.988009940294
2026-09-01 09:25:54,7600.0,7610.25,Call CEX 1,CEX,1729126.027,7504.387790269433,9249.988009940294
2026-09-01 09:25:54,7600.0,7610.25,Call DEX 5,DEX,119.769,7504.387790269433,9249.988009940294
2026-09-01 09:25:54,7625.0,7635.25,Call CEX 2,CEX,1559465.23,7504.387790269433,9249.988009940294
2026-09-01 09:25:54,7650.0,7660.25,Put GEX 4,GEX,-353981.351,7504.387790269433,9249.988009940294
2026-09-01 09:25:54,7675.0,7685.5,Put CEX 2,CEX,-2164987.077,7504.387790269433,9249.988009940294
2026-09-01 09:25:54,7680.0,7690.5,Put CEX 5,CEX,-1217534.183,7504.387790269433,9249.988009940294
2026-09-01 09:25:54,7700.0,7710.5,Put CEX 3,CEX,-1764017.064,7504.387790269433,9249.988009940294
2026-09-01 09:25:54,7700.0,7710.5,Put DEX 2,DEX,-156.647,7504.387790269433,9249.988009940294
2026-09-01 09:25:54,7700.0,7710.5,Put VEX 5,VEX,-702024.615,7504.387790269433,9249.988009940294
2026-09-01 09:25:54,7750.0,7760.5,Put CEX 4,CEX,-1309532.747,7504.387790269433,9249.988009940294
2026-09-01 09:25:54,7750.0,7760.5,Put DEX 4,DEX,-71.162,7504.387790269433,9249.988009940294
2026-09-01 09:25:54,7750.0,7760.5,Call GEX 3,GEX,310295.933,7504.387790269433,9249.988009940294
2026-09-01 09:25:54,7750.0,7760.5,Put VEX 3,VEX,-1004918.594,7504.387790269433,9249.988009940294
2026-09-01 09:25:54,7800.0,7810.5,Put DEX 5,DEX,-48.406,7504.387790269433,9249.988009940294
2026-09-01 09:25:54,7800.0,7810.5,Call GEX 1,GEX,559140.191,7504.387790269433,9249.988009940294
2026-09-01 09:25:54,7800.0,7810.5,Put VEX 2,VEX,-1640550.602,7504.387790269433,9249.988009940294
2026-09-01 09:25:54,7850.0,7860.5,Call GEX 4,GEX,295804.102,7504.387790269433,9249.988009940294
2026-09-01 09:25:54,7900.0,7910.75,Call GEX 2,GEX,403883.168,7504.387790269433,9249.988009940294
2026-09-01 09:25:54,7900.0,7910.75,Put VEX 4,VEX,-998860.933,7504.387790269433,9249.988009940294
2026-09-01 09:25:54,7950.0,7960.75,Call GEX 5,GEX,176707.751,7504.387790269433,9249.988009940294
2026-09-01 09:25:54,8000.0,8010.75,Put CEX 1,CEX,-3217807.444,7504.387790269433,9249.988009940294
2026-09-01 09:25:54,8000.0,8010.75,Put DEX 1,DEX,-2496.879,7504.387790269433,9249.988009940294
2026-09-01 09:25:54,8000.0,8010.75,Put GEX 3,GEX,-380991.539,7504.387790269433,9249.988009940294
2026-09-01 09:25:54,8000.0,8010.75,Put VEX 1,VEX,-10500951.63,7504.387790269433,9249.988009940294
2026-09-01 09:26:42,7000.0,7009.0,Call CEX 3,CEX,1308206.052,7524.836877966512,9244.567913680494
2026-09-01 09:26:42,7000.0,7009.0,Put DEX 3,DEX,-78.336,7524.836877966512,9244.567913680494
2026-09-01 09:26:42,7000.0,7009.0,Put GEX 1,GEX,-759853.884,7524.836877966512,9244.567913680494
2026-09-01 09:26:42,7000.0,7009.0,Call VEX 1,VEX,5751109.902,7524.836877966512,9244.567913680494
2026-09-01 09:26:42,7300.0,7309.5,Call DEX 1,DEX,257.83,7524.836877966512,9244.567913680494
2026-09-01 09:26:42,7300.0,7309.5,Call VEX 5,VEX,1673749.555,7524.836877966512,9244.567913680494
2026-09-01 09:26:42,7400.0,7409.5,Call DEX 2,DEX,210.32,7524.836877966512,9244.567913680494
2026-09-01 09:26:42,7400.0,7409.5,Call VEX 3,VEX,2135834.457,7524.836877966512,9244.567913680494
2026-09-01 09:26:42,7450.0,7459.5,Call DEX 3,DEX,208.666,7524.836877966512,9244.567913680494
2026-09-01 09:26:42,7450.0,7459.5,Call VEX 4,VEX,1867139.32,7524.836877966512,9244.567913680494
2026-09-01 09:26:42,7500.0,7509.75,Call CEX 4,CEX,1286841.588,7524.836877966512,9244.567913680494
2026-09-01 09:26:42,7500.0,7509.75,Call DEX 4,DEX,170.328,7524.836877966512,9244.567913680494
2026-09-01 09:26:42,7500.0,7509.75,Put GEX 2,GEX,-573955.962,7524.836877966512,9244.567913680494
2026-09-01 09:26:42,7500.0,7509.75,Call VEX 2,VEX,2995060.936,7524.836877966512,9244.567913680494
2026-09-01 09:26:42,7550.0,7559.75,Call CEX 5,CEX,1055900.179,7524.836877966512,9244.567913680494
2026-09-01 09:26:42,7550.0,7559.75,Put GEX 4,GEX,-370228.97,7524.836877966512,9244.567913680494
2026-09-01 09:26:42,7600.0,7609.75,Call CEX 1,CEX,1652065.548,7524.836877966512,9244.567913680494
2026-09-01 09:26:42,7600.0,7609.75,Call DEX 5,DEX,115.261,7524.836877966512,9244.567913680494
2026-09-01 09:26:42,7625.0,7634.75,Call CEX 2,CEX,1565855.614,7524.836877966512,9244.567913680494
2026-09-01 09:26:42,7650.0,7659.75,Put GEX 3,GEX,-374637.674,7524.836877966512,9244.567913680494
2026-09-01 09:26:42,7675.0,7685.0,Put CEX 2,CEX,-2196261.033,7524.836877966512,9244.567913680494
2026-09-01 09:26:42,7690.0,7700.0,Put CEX 5,CEX,-1304317.982,7524.836877966512,9244.567913680494
2026-09-01 09:26:42,7700.0,7710.0,Put CEX 3,CEX,-1799598.615,7524.836877966512,9244.567913680494
2026-09-01 09:26:42,7700.0,7710.0,Put DEX 2,DEX,-154.82,7524.836877966512,9244.567913680494
2026-09-01 09:26:42,7700.0,7710.0,Put VEX 5,VEX,-692542.963,7524.836877966512,9244.567913680494
2026-09-01 09:26:42,7750.0,7760.0,Put CEX 4,CEX,-1344953.686,7524.836877966512,9244.567913680494
2026-09-01 09:26:42,7750.0,7760.0,Put DEX 4,DEX,-69.068,7524.836877966512,9244.567913680494
2026-09-01 09:26:42,7750.0,7760.0,Call GEX 4,GEX,294646.705,7524.836877966512,9244.567913680494
2026-09-01 09:26:42,7750.0,7760.0,Put VEX 4,VEX,-993766.758,7524.836877966512,9244.567913680494
2026-09-01 09:26:42,7800.0,7810.0,Put DEX 5,DEX,-44.948,7524.836877966512,9244.567913680494
2026-09-01 09:26:42,7800.0,7810.0,Call GEX 1,GEX,548612.682,7524.836877966512,9244.567913680494
2026-09-01 09:26:42,7800.0,7810.0,Put VEX 2,VEX,-1633124.839,7524.836877966512,9244.567913680494
2026-09-01 09:26:42,7850.0,7860.0,Call GEX 3,GEX,296627.499,7524.836877966512,9244.567913680494
2026-09-01 09:26:42,7900.0,7910.25,Call GEX 2,GEX,408544.983,7524.836877966512,9244.567913680494
2026-09-01 09:26:42,7900.0,7910.25,Put VEX 3,VEX,-1010130.351,7524.836877966512,9244.567913680494
2026-09-01 09:26:42,7950.0,7960.25,Call GEX 5,GEX,179373.476,7524.836877966512,9244.567913680494
2026-09-01 09:26:42,8000.0,8010.25,Put CEX 1,CEX,-3257757.732,7524.836877966512,9244.567913680494
2026-09-01 09:26:42,8000.0,8010.25,Put DEX 1,DEX,-2500.715,7524.836877966512,9244.567913680494
2026-09-01 09:26:42,8000.0,8010.25,Put GEX 5,GEX,-333796.532,7524.836877966512,9244.567913680494
2026-09-01 09:26:42,8000.0,8010.25,Put VEX 1,VEX,-10595283.126,7524.836877966512,9244.567913680494
2026-09-01 09:27:30,7000.0,7008.5,Call CEX 3,CEX,1319627.446,7517.071165867539,9259.1124706897
2026-09-01 09:27:30,7000.0,7008.5,Put DEX 3,DEX,-89.771,7517.071165867539,9259.1124706897
2026-09-01 09:27:30,7000.0,7008.5,Put GEX 1,GEX,-768909.661,7517.071165867539,9259.1124706897
2026-09-01 09:27:30,7000.0,7008.5,Call VEX 1,VEX,5788101.79,7517.071165867539,9259.1124706897
2026-09-01 09:27:30,7300.0,7309.0,Call DEX 1,DEX,270.406,7517.071165867539,9259.1124706897
2026-09-01 09:27:30,7300.0,7309.0,Call VEX 5,VEX,1544699.433,7517.071165867539,9259.1124706897
2026-09-01 09:27:30,7400.0,7409.0,Call DEX 2,DEX,219.93,7517.071165867539,9259.1124706897
2026-09-01 09:27:30,7400.0,7409.0,Call VEX 3,VEX,2107940.812,7517.071165867539,9259.1124706897
2026-09-01 09:27:30,7450.0,7459.25,Call DEX 3,DEX,217.464,7517.071165867539,9259.1124706897
2026-09-01 09:27:30,7450.0,7459.25,Call VEX 4,VEX,1873719.813,7517.071165867539,9259.1124706897
2026-09-01 09:27:30,7500.0,7509.25,Call CEX 4,CEX,1299888.836,7517.071165867539,9259.1124706897
2026-09-01 09:27:30,7500.0,7509.25,Call DEX 4,DEX,176.195,7517.071165867539,9259.1124706897
2026-09-01 09:27:30,7500.0,7509.25,Put GEX 2,GEX,-555187.068,7517.071165867539,9259.1124706897
2026-09-01 09:27:30,7500.0,7509.25,Call VEX 2,VEX,3015574.007,7517.071165867539,9259.1124706897
2026-09-01 09:27:30,7515.0,7524.25,Call CEX 5,CEX,1192901.917,7517.071165867539,9259.1124706897
2026-09-01 09:27:30,7550.0,7559.25,Put GEX 4,GEX,-354530.92,7517.071165867539,9259.1124706897
2026-09-01 09:27:30,7600.0,7609.25,Call CEX 1,CEX,1762621.744,7517.071165867539,9259.1124706897
2026-09-01 09:27:30,7600.0,7609.25,Call DEX 5,DEX,112.11,7517.071165867539,9259.1124706897
2026-09-01 09:27:30,7625.0,7634.5,Call CEX 2,CEX,1457377.211,7517.071165867539,9259.1124706897
2026-09-01 09:27:30,7650.0,7659.5,Put GEX 5,GEX,-337377.383,7517.071165867539,9259.1124706897
2026-09-01 09:27:30,7675.0,7684.5,Put CEX 2,CEX,-2156023.492,7517.071165867539,9259.1124706897
2026-09-01 09:27:30,7690.0,7699.5,Put CEX 5,CEX,-1286834.106,7517.071165867539,9259.1124706897
2026-09-01 09:27:30,7700.0,7709.5,Put CEX 3,CEX,-1935119.283,7517.071165867539,9259.1124706897
2026-09-01 09:27:30,7700.0,7709.5,Put DEX 2,DEX,-163.13,7517.071165867539,9259.1124706897
2026-09-01 09:27:30,7700.0,7709.5,Put VEX 5,VEX,-753934.996,7517.071165867539,9259.1124706897
2026-09-01 09:27:30,7750.0,7759.5,Put CEX 4,CEX,-1314261.941,7517.071165867539,9259.1124706897
2026-09-01 09:27:30,7750.0,7759.5,Put DEX 4,DEX,-74.443,7517.071165867539,9259.1124706897
2026-09-01 09:27:30,7750.0,7759.5,Call GEX 3,GEX,303806.459,7517.071165867539,9259.1124706897
2026-09-01 09:27:30,7750.0,7759.5,Put VEX 3,VEX,-1019943.585,7517.071165867539,9259.1124706897
2026-09-01 09:27:30,7800.0,7809.5,Put DEX 5,DEX,-52.201,7517.071165867539,9259.1124706897
2026-09-01 09:27:30,7800.0,7809.5,Call GEX 1,GEX,549904.318,7517.071165867539,9259.1124706897
2026-09-01 09:27:30,7800.0,7809.5,Put VEX 2,VEX,-1651270.682,7517.071165867539,9259.1124706897
2026-09-01 09:27:30,7850.0,7859.75,Call GEX 4,GEX,291349.917,7517.071165867539,9259.1124706897
2026-09-01 09:27:30,7900.0,7909.75,Call GEX 2,GEX,397878.058,7517.071165867539,9259.1124706897
2026-09-01 09:27:30,7900.0,7909.75,Put VEX 4,VEX,-996471.407,7517.071165867539,9259.1124706897
2026-09-01 09:27:30,7950.0,7959.75,Call GEX 5,GEX,174206.375,7517.071165867539,9259.1124706897
2026-09-01 09:27:30,8000.0,8009.75,Put CEX 1,CEX,-3194911.999,7517.071165867539,9259.1124706897
2026-09-01 09:27:30,8000.0,8009.75,Put DEX 1,DEX,-2510.999,7517.071165867539,9259.1124706897
2026-09-01 09:27:30,8000.0,8009.75,Put GEX 3,GEX,-367779.744,7517.071165867539,9259.1124706897
2026-09-01 09:27:30,8000.0,8009.75,Put VEX 1,VEX,-10442512.958,7517.071165867539,9259.1124706897
2026-09-01 09:28:17,7000.0,7009.5,Call CEX 3,CEX,1392524.889,7512.412159834095,9258.764764296797
2026-09-01 09:28:17,7000.0,7009.5,Call DEX 1,DEX,936.027,7512.412159834095,9258.764764296797
2026-09-01 09:28:17,7000.0,7009.5,Put GEX 1,GEX,-715868.292,7512.412159834095,9258.764764296797
2026-09-01 09:28:17,7000.0,7009.5,Call VEX 1,VEX,6222453.626,7512.412159834095,9258.764764296797
2026-09-01 09:28:17,7300.0,7310.0,Call DEX 2,DEX,268.705,7512.412159834095,9258.764764296797
2026-09-01 09:28:17,7300.0,7310.0,Call VEX 5,VEX,1568735.726,7512.412159834095,9258.764764296797
2026-09-01 09:28:17,7400.0,7410.0,Call DEX 4,DEX,216.838,7512.412159834095,9258.764764296797
2026-09-01 09:28:17,7400.0,7410.0,Call VEX 3,VEX,2112789.5,7512.412159834095,9258.764764296797
2026-09-01 09:28:17,7450.0,7460.0,Call DEX 3,DEX,224.309,7512.412159834095,9258.764764296797
2026-09-01 09:28:17,7450.0,7460.0,Call VEX 4,VEX,1878925.079,7512.412159834095,9258.764764296797
2026-09-01 09:28:17,7500.0,7510.25,Call CEX 2,CEX,1392689.107,7512.412159834095,9258.764764296797
2026-09-01 09:28:17,7500.0,7510.25,Call DEX 5,DEX,172.9,7512.412159834095,9258.764764296797
2026-09-01 09:28:17,7500.0,7510.25,Put GEX 2,GEX,-562222.303,7512.412159834095,9258.764764296797
2026-09-01 09:28:17,7500.0,7510.25,Call VEX 2,VEX,2997142.723,7512.412159834095,9258.764764296797
2026-09-01 09:28:17,7550.0,7560.25,Call CEX 5,CEX,1261777.811,7512.412159834095,9258.764764296797
2026-09-01 09:28:17,7550.0,7560.25,Put GEX 4,GEX,-366096.607,7512.412159834095,9258.764764296797
2026-09-01 09:28:17,7600.0,7610.25,Call CEX 1,CEX,1950397.303,7512.412159834095,9258.764764296797
2026-09-01 09:28:17,7625.0,7635.25,Call CEX 4,CEX,1344531.016,7512.412159834095,9258.764764296797
2026-09-01 09:28:17,7650.0,7660.5,Put CEX 2,CEX,-1503703.86,7512.412159834095,9258.764764296797
2026-09-01 09:28:17,7650.0,7660.5,Put DEX 4,DEX,-51.183,7512.412159834095,9258.764764296797
2026-09-01 09:28:17,7650.0,7660.5,Put GEX 3,GEX,-383044.558,7512.412159834095,9258.764764296797
2026-09-01 09:28:17,7675.0,7685.5,Put CEX 5,CEX,-1129500.66,7512.412159834095,9258.764764296797
2026-09-01 09:28:17,7700.0,7710.5,Put CEX 3,CEX,-1303751.555,7512.412159834095,9258.764764296797
2026-09-01 09:28:17,7700.0,7710.5,Put DEX 2,DEX,-157.888,7512.412159834095,9258.764764296797
2026-09-01 09:28:17,7700.0,7710.5,Put VEX 5,VEX,-778878.897,7512.412159834095,9258.764764296797
2026-09-01 09:28:17,7750.0,7760.5,Put CEX 4,CEX,-1131980.628,7512.412159834095,9258.764764296797
2026-09-01 09:28:17,7750.0,7760.5,Put DEX 3,DEX,-72.545,7512.412159834095,9258.764764296797
2026-09-01 09:28:17,7750.0,7760.5,Call GEX 3,GEX,307155.388,7512.412159834095,9258.764764296797
2026-09-01 09:28:17,7750.0,7760.5,Put VEX 3,VEX,-1024544.178,7512.412159834095,9258.764764296797
2026-09-01 09:28:17,7800.0,7810.5,Put DEX 5,DEX,-46.771,7512.412159834095,9258.764764296797
2026-09-01 09:28:17,7800.0,7810.5,Call GEX 1,GEX,544539.411,7512.412159834095,9258.764764296797
2026-09-01 09:28:17,7800.0,7810.5,Put VEX 2,VEX,-1654208.587,7512.412159834095,9258.764764296797
2026-09-01 09:28:17,7850.0,7860.75,Call GEX 4,GEX,287754.809,7512.412159834095,9258.764764296797
2026-09-01 09:28:17,7900.0,7910.75,Call GEX 2,GEX,393480.596,7512.412159834095,9258.764764296797
2026-09-01 09:28:17,7900.0,7910.75,Put VEX 4,VEX,-994965.481,7512.412159834095,9258.764764296797
2026-09-01 09:28:17,7950.0,7960.75,Call GEX 5,GEX,172021.372,7512.412159834095,9258.764764296797
2026-09-01 09:28:17,8000.0,8010.75,Put CEX 1,CEX,-3140464.085,7512.412159834095,9258.764764296797
2026-09-01 09:28:17,8000.0,8010.75,Put DEX 1,DEX,-2502.32,7512.412159834095,9258.764764296797
2026-09-01 09:28:17,8000.0,8010.75,Put GEX 5,GEX,-356195.474,7512.412159834095,9258.764764296797
2026-09-01 09:28:17,8000.0,8010.75,Put VEX 1,VEX,-10382711.151,7512.412159834095,9258.764764296797
2026-09-01 09:29:06,7000.0,7009.0,Call CEX 3,CEX,1324581.381,7518.076025662659,9243.129463202891
2026-09-01 09:29:06,7000.0,7009.0,Put DEX 3,DEX,-79.76,7518.076025662659,9243.129463202891
2026-09-01 09:29:06,7000.0,7009.0,Put GEX 1,GEX,-770812.907,7518.076025662659,9243.129463202891
2026-09-01 09:29:06,7000.0,7009.0,Call VEX 1,VEX,5808874.43,7518.076025662659,9243.129463202891
2026-09-01 09:29:06,7300.0,7309.5,Call DEX 1,DEX,271.015,7518.076025662659,9243.129463202891
2026-09-01 09:29:06,7300.0,7309.5,Call VEX 5,VEX,1534755.729,7518.076025662659,9243.129463202891
2026-09-01 09:29:06,7400.0,7409.5,Call DEX 2,DEX,218.777,7518.076025662659,9243.129463202891
2026-09-01 09:29:06,7400.0,7409.5,Call VEX 3,VEX,2106981.502,7518.076025662659,9243.129463202891
2026-09-01 09:29:06,7450.0,7459.5,Call DEX 3,DEX,216.1,7518.076025662659,9243.129463202891
2026-09-01 09:29:06,7450.0,7459.5,Call VEX 4,VEX,1871934.654,7518.076025662659,9243.129463202891
2026-09-01 09:29:06,7500.0,7509.75,Call CEX 4,CEX,1303840.557,7518.076025662659,9243.129463202891
2026-09-01 09:29:06,7500.0,7509.75,Call DEX 4,DEX,173.05,7518.076025662659,9243.129463202891
2026-09-01 09:29:06,7500.0,7509.75,Put GEX 2,GEX,-554932.671,7518.076025662659,9243.129463202891
2026-09-01 09:29:06,7500.0,7509.75,Call VEX 2,VEX,3004952.289,7518.076025662659,9243.129463202891
2026-09-01 09:29:06,7550.0,7559.75,Call CEX 5,CEX,1153598.27,7518.076025662659,9243.129463202891
2026-09-01 09:29:06,7550.0,7559.75,Put GEX 4,GEX,-354012.792,7518.076025662659,9243.129463202891
2026-09-01 09:29:06,7600.0,7609.75,Call CEX 1,CEX,1841891.869,7518.076025662659,9243.129463202891
2026-09-01 09:29:06,7600.0,7609.75,Call DEX 5,DEX,109.665,7518.076025662659,9243.129463202891
2026-09-01 09:29:06,7625.0,7634.75,Call CEX 2,CEX,1442929.826,7518.076025662659,9243.129463202891
2026-09-01 09:29:06,7650.0,7659.75,Put CEX 5,CEX,-1244798.184,7518.076025662659,9243.129463202891
2026-09-01 09:29:06,7650.0,7659.75,Put GEX 5,GEX,-339395.504,7518.076025662659,9243.129463202891
2026-09-01 09:29:06,7675.0,7684.75,Put CEX 2,CEX,-2105728.1,7518.076025662659,9243.129463202891
2026-09-01 09:29:06,7700.0,7710.0,Put CEX 3,CEX,-1787189.264,7518.076025662659,9243.129463202891
2026-09-01 09:29:06,7700.0,7710.0,Put DEX 2,DEX,-164.901,7518.076025662659,9243.129463202891
2026-09-01 09:29:06,7700.0,7710.0,Put VEX 5,VEX,-759182.777,7518.076025662659,9243.129463202891
2026-09-01 09:29:06,7750.0,7760.0,Put CEX 4,CEX,-1302000.902,7518.076025662659,9243.129463202891
2026-09-01 09:29:06,7750.0,7760.0,Put DEX 4,DEX,-74.963,7518.076025662659,9243.129463202891
2026-09-01 09:29:06,7750.0,7760.0,Call GEX 3,GEX,304443.489,7518.076025662659,9243.129463202891
2026-09-01 09:29:06,7750.0,7760.0,Put VEX 3,VEX,-1023329.419,7518.076025662659,9243.129463202891
2026-09-01 09:29:06,7800.0,7810.0,Put DEX 5,DEX,-52.625,7518.076025662659,9243.129463202891
2026-09-01 09:29:06,7800.0,7810.0,Call GEX 1,GEX,547390.741,7518.076025662659,9243.129463202891
2026-09-01 09:29:06,7800.0,7810.0,Put VEX 2,VEX,-1653940.779,7518.076025662659,9243.129463202891
2026-09-01 09:29:06,7850.0,7860.0,Call GEX 4,GEX,290324.634,7518.076025662659,9243.129463202891
2026-09-01 09:29:06,7900.0,7910.25,Call GEX 2,GEX,397069.106,7518.076025662659,9243.129463202891
2026-09-01 09:29:06,7900.0,7910.25,Put VEX 4,VEX,-997648.48,7518.076025662659,9243.129463202891
2026-09-01 09:29:06,7950.0,7960.25,Call GEX 5,GEX,173698.557,7518.076025662659,9243.129463202891
2026-09-01 09:29:06,8000.0,8010.25,Put CEX 1,CEX,-3218839.558,7518.076025662659,9243.129463202891
2026-09-01 09:29:06,8000.0,8010.25,Put DEX 1,DEX,-2501.326,7518.076025662659,9243.129463202891
2026-09-01 09:29:06,8000.0,8010.25,Put GEX 3,GEX,-383165.724,7518.076025662659,9243.129463202891
2026-09-01 09:29:06,8000.0,8010.25,Put VEX 1,VEX,-10492131.879,7518.076025662659,9243.129463202891
2026-09-01 09:29:53,7000.0,7008.75,Call CEX 3,CEX,1326457.274,7518.112162666333,9246.44946956122
2026-09-01 09:29:53,7000.0,7008.75,Call DEX 1,DEX,906.738,7518.112162666333,9246.44946956122
2026-09-01 09:29:53,7000.0,7008.75,Put GEX 1,GEX,-767550.988,7518.112162666333,9246.44946956122
2026-09-01 09:29:53,7000.0,7008.75,Call VEX 1,VEX,5825604.28,7518.112162666333,9246.44946956122
2026-09-01 09:29:53,7300.0,7309.25,Call DEX 2,DEX,270.033,7518.112162666333,9246.44946956122
2026-09-01 09:29:53,7300.0,7309.25,Call VEX 5,VEX,1541077.697,7518.112162666333,9246.44946956122
2026-09-01 09:29:53,7400.0,7409.25,Call DEX 3,DEX,218.388,7518.112162666333,9246.44946956122
2026-09-01 09:29:53,7400.0,7409.25,Call VEX 3,VEX,2107373.84,7518.112162666333,9246.44946956122
2026-09-01 09:29:53,7450.0,7459.25,Call DEX 4,DEX,215.764,7518.112162666333,9246.44946956122
2026-09-01 09:29:53,7450.0,7459.25,Call VEX 4,VEX,1871740.918,7518.112162666333,9246.44946956122
2026-09-01 09:29:53,7500.0,7509.5,Call CEX 4,CEX,1302469.006,7518.112162666333,9246.44946956122
2026-09-01 09:29:53,7500.0,7509.5,Call DEX 5,DEX,173.22,7518.112162666333,9246.44946956122
2026-09-01 09:29:53,7500.0,7509.5,Put GEX 2,GEX,-553454.375,7518.112162666333,9246.44946956122
2026-09-01 09:29:53,7500.0,7509.5,Call VEX 2,VEX,3004813.535,7518.112162666333,9246.44946956122
2026-09-01 09:29:53,7550.0,7559.5,Call CEX 5,CEX,1152100.844,7518.112162666333,9246.44946956122
2026-09-01 09:29:53,7550.0,7559.5,Put GEX 4,GEX,-352237.81,7518.112162666333,9246.44946956122
2026-09-01 09:29:53,7600.0,7609.5,Call CEX 1,CEX,1751678.932,7518.112162666333,9246.44946956122
2026-09-01 09:29:53,7625.0,7634.5,Call CEX 2,CEX,1491806.573,7518.112162666333,9246.44946956122
2026-09-01 09:29:53,7650.0,7659.5,Put DEX 5,DEX,-45.9,7518.112162666333,9246.44946956122
2026-09-01 09:29:53,7650.0,7659.5,Put GEX 5,GEX,-341770.641,7518.112162666333,9246.44946956122
2026-09-01 09:29:53,7675.0,7684.75,Put CEX 2,CEX,-2138483.993,7518.112162666333,9246.44946956122
2026-09-01 09:29:53,7690.0,7699.75,Put CEX 5,CEX,-1280994.031,7518.112162666333,9246.44946956122
2026-09-01 09:29:53,7700.0,7709.75,Put CEX 3,CEX,-1850234.774,7518.112162666333,9246.44946956122
2026-09-01 09:29:53,7700.0,7709.75,Put DEX 2,DEX,-162.288,7518.112162666333,9246.44946956122
2026-09-01 09:29:53,7700.0,7709.75,Put VEX 5,VEX,-746065.769,7518.112162666333,9246.44946956122
2026-09-01 09:29:53,7750.0,7759.75,Put CEX 4,CEX,-1364255.836,7518.112162666333,9246.44946956122
2026-09-01 09:29:53,7750.0,7759.75,Put DEX 3,DEX,-73.068,7518.112162666333,9246.44946956122
2026-09-01 09:29:53,7750.0,7759.75,Call GEX 3,GEX,304602.73,7518.112162666333,9246.44946956122
2026-09-01 09:29:53,7750.0,7759.75,Put VEX 3,VEX,-1017800.448,7518.112162666333,9246.44946956122
2026-09-01 09:29:53,7800.0,7809.75,Put DEX 4,DEX,-50.759,7518.112162666333,9246.44946956122
2026-09-01 09:29:53,7800.0,7809.75,Call GEX 1,GEX,549024.934,7518.112162666333,9246.44946956122
2026-09-01 09:29:53,7800.0,7809.75,Put VEX 2,VEX,-1649299.603,7518.112162666333,9246.44946956122
2026-09-01 09:29:53,7850.0,7859.75,Call GEX 4,GEX,291129.279,7518.112162666333,9246.44946956122
2026-09-01 09:29:53,7900.0,7910.0,Call GEX 2,GEX,398105.789,7518.112162666333,9246.44946956122
2026-09-01 09:29:53,7900.0,7910.0,Put VEX 4,VEX,-997443.558,7518.112162666333,9246.44946956122
2026-09-01 09:29:53,7950.0,7960.0,Call GEX 5,GEX,174090.158,7518.112162666333,9246.44946956122
2026-09-01 09:29:53,8000.0,8010.0,Put CEX 1,CEX,-3225188.791,7518.112162666333,9246.44946956122
2026-09-01 09:29:53,8000.0,8010.0,Put DEX 1,DEX,-2499.09,7518.112162666333,9246.44946956122
2026-09-01 09:29:53,8000.0,8010.0,Put GEX 3,GEX,-381061.146,7518.112162666333,9246.44946956122
2026-09-01 09:29:53,8000.0,8010.0,Put VEX 1,VEX,-10489018.535,7518.112162666333,9246.44946956122
2026-09-01 09:30:41,7000.0,7008.25,Call CEX 3,CEX,1331176.325,7517.124592117785,9242.855440485308
2026-09-01 09:30:41,7000.0,7008.25,Put DEX 3,DEX,-85.44,7517.124592117785,9242.855440485308
2026-09-01 09:30:41,7000.0,7008.25,Put GEX 1,GEX,-774954.207,7517.124592117785,9242.855440485308
2026-09-01 09:30:41,7000.0,7008.25,Call VEX 1,VEX,5825463.244,7517.124592117785,9242.855440485308
2026-09-01 09:30:41,7300.0,7308.75,Call DEX 1,DEX,271.597,7517.124592117785,9242.855440485308
2026-09-01 09:30:41,7300.0,7308.75,Call VEX 5,VEX,1517682.028,7517.124592117785,9242.855440485308
2026-09-01 09:30:41,7400.0,7408.75,Call DEX 2,DEX,218.288,7517.124592117785,9242.855440485308
2026-09-01 09:30:41,7400.0,7408.75,Call VEX 3,VEX,2104361.628,7517.124592117785,9242.855440485308
2026-09-01 09:30:41,7450.0,7458.75,Call DEX 3,DEX,215.339,7517.124592117785,9242.855440485308
2026-09-01 09:30:41,7450.0,7458.75,Call VEX 4,VEX,1870151.139,7517.124592117785,9242.855440485308
2026-09-01 09:30:41,7500.0,7509.0,Call CEX 4,CEX,1303229.638,7517.124592117785,9242.855440485308
2026-09-01 09:30:41,7500.0,7509.0,Call DEX 4,DEX,171.85,7517.124592117785,9242.855440485308
2026-09-01 09:30:41,7500.0,7509.0,Put GEX 2,GEX,-551671.522,7517.124592117785,9242.855440485308
2026-09-01 09:30:41,7500.0,7509.0,Call VEX 2,VEX,2998731.271,7517.124592117785,9242.855440485308
2026-09-01 09:30:41,7515.0,7524.0,Call CEX 5,CEX,1206170.228,7517.124592117785,9242.855440485308
2026-09-01 09:30:41,7550.0,7559.0,Put GEX 4,GEX,-351951.347,7517.124592117785,9242.855440485308
2026-09-01 09:30:41,7600.0,7609.0,Call CEX 1,CEX,1629704.043,7517.124592117785,9242.855440485308
2026-09-01 09:30:41,7600.0,7609.0,Call DEX 5,DEX,103.612,7517.124592117785,9242.855440485308
2026-09-01 09:30:41,7625.0,7634.0,Call CEX 2,CEX,1465181.603,7517.124592117785,9242.855440485308
2026-09-01 09:30:41,7650.0,7659.0,Put GEX 5,GEX,-314209.105,7517.124592117785,9242.855440485308
2026-09-01 09:30:41,7675.0,7684.0,Put CEX 2,CEX,-2176182.668,7517.124592117785,9242.855440485308
2026-09-01 09:30:41,7690.0,7699.0,Put CEX 5,CEX,-1402449.646,7517.124592117785,9242.855440485308
2026-09-01 09:30:41,7700.0,7709.0,Put CEX 3,CEX,-1970531.8,7517.124592117785,9242.855440485308
2026-09-01 09:30:41,7700.0,7709.0,Put DEX 2,DEX,-162.56,7517.124592117785,9242.855440485308
2026-09-01 09:30:41,7700.0,7709.0,Put VEX 5,VEX,-757322.701,7517.124592117785,9242.855440485308
2026-09-01 09:30:41,7750.0,7759.25,Put CEX 4,CEX,-1436214.057,7517.124592117785,9242.855440485308
2026-09-01 09:30:41,7750.0,7759.25,Put DEX 4,DEX,-73.566,7517.124592117785,9242.855440485308
2026-09-01 09:30:41,7750.0,7759.25,Call GEX 3,GEX,303197.139,7517.124592117785,9242.855440485308
2026-09-01 09:30:41,7750.0,7759.25,Put VEX 3,VEX,-1022607.356,7517.124592117785,9242.855440485308
2026-09-01 09:30:41,7800.0,7809.25,Put DEX 5,DEX,-51.138,7517.124592117785,9242.855440485308
2026-09-01 09:30:41,7800.0,7809.25,Call GEX 1,GEX,548587.081,7517.124592117785,9242.855440485308
2026-09-01 09:30:41,7800.0,7809.25,Put VEX 2,VEX,-1651640.708,7517.124592117785,9242.855440485308
2026-09-01 09:30:41,7850.0,7859.25,Call GEX 4,GEX,290538.612,7517.124592117785,9242.855440485308
2026-09-01 09:30:41,7900.0,7909.25,Call GEX 2,GEX,397924.636,7517.124592117785,9242.855440485308
2026-09-01 09:30:41,7900.0,7909.25,Put VEX 4,VEX,-996554.342,7517.124592117785,9242.855440485308
2026-09-01 09:30:41,7950.0,7959.5,Call GEX 5,GEX,173677.454,7517.124592117785,9242.855440485308
2026-09-01 09:30:41,8000.0,8009.5,Put CEX 1,CEX,-3205684.297,7517.124592117785,9242.855440485308
2026-09-01 09:30:41,8000.0,8009.5,Put DEX 1,DEX,-2496.077,7517.124592117785,9242.855440485308
2026-09-01 09:30:41,8000.0,8009.5,Put GEX 3,GEX,-379426.559,7517.124592117785,9242.855440485308
2026-09-01 09:30:41,8000.0,8009.5,Put VEX 1,VEX,-10481876.819,7517.124592117785,9242.855440485308
2026-09-01 09:31:30,7000.0,7008.75,Call CEX 3,CEX,1410737.449,7524.89667260897,9258.328076158674
2026-09-01 09:31:30,7000.0,7008.75,Call DEX 1,DEX,888.199,7524.89667260897,9258.328076158674
2026-09-01 09:31:30,7000.0,7008.75,Put GEX 1,GEX,-709292.402,7524.89667260897,9258.328076158674
2026-09-01 09:31:30,7000.0,7008.75,Call VEX 1,VEX,6454671.242,7524.89667260897,9258.328076158674
2026-09-01 09:31:30,7300.0,7309.0,Call DEX 2,DEX,265.886,7524.89667260897,9258.328076158674
2026-09-01 09:31:30,7300.0,7309.0,Call VEX 5,VEX,1572759.698,7524.89667260897,9258.328076158674
2026-09-01 09:31:30,7400.0,7409.25,Call DEX 3,DEX,210.839,7524.89667260897,9258.328076158674
2026-09-01 09:31:30,7400.0,7409.25,Call VEX 3,VEX,2106183.077,7524.89667260897,9258.328076158674
2026-09-01 09:31:30,7450.0,7459.25,Call DEX 4,DEX,207.312,7524.89667260897,9258.328076158674
2026-09-01 09:31:30,7450.0,7459.25,Call VEX 4,VEX,1860753.851,7524.89667260897,9258.328076158674
2026-09-01 09:31:30,7500.0,7509.25,Call CEX 2,CEX,1425272.186,7524.89667260897,9258.328076158674
2026-09-01 09:31:30,7500.0,7509.25,Call DEX 5,DEX,159.64,7524.89667260897,9258.328076158674
2026-09-01 09:31:30,7500.0,7509.25,Put GEX 2,GEX,-566502.231,7524.89667260897,9258.328076158674
2026-09-01 09:31:30,7500.0,7509.25,Call VEX 2,VEX,2954310.766,7524.89667260897,9258.328076158674
2026-09-01 09:31:30,7515.0,7524.25,Call CEX 4,CEX,1282040.632,7524.89667260897,9258.328076158674
2026-09-01 09:31:30,7550.0,7559.25,Call CEX 5,CEX,1250468.938,7524.89667260897,9258.328076158674
2026-09-01 09:31:30,7550.0,7559.25,Put GEX 3,GEX,-371259.092,7524.89667260897,9258.328076158674
2026-09-01 09:31:30,7600.0,7609.5,Call CEX 1,CEX,2054078.014,7524.89667260897,9258.328076158674
2026-09-01 09:31:30,7650.0,7659.5,Put CEX 3,CEX,-1705033.149,7524.89667260897,9258.328076158674
2026-09-01 09:31:30,7650.0,7659.5,Put DEX 5,DEX,-57.395,7524.89667260897,9258.328076158674
2026-09-01 09:31:30,7650.0,7659.5,Put GEX 4,GEX,-325134.295,7524.89667260897,9258.328076158674
2026-09-01 09:31:30,7675.0,7684.5,Put CEX 2,CEX,-1831518.568,7524.89667260897,9258.328076158674
2026-09-01 09:31:30,7700.0,7709.5,Put CEX 4,CEX,-1640048.564,7524.89667260897,9258.328076158674
2026-09-01 09:31:30,7700.0,7709.5,Put DEX 2,DEX,-179.125,7524.89667260897,9258.328076158674
2026-09-01 09:31:30,7700.0,7709.5,Put VEX 5,VEX,-847740.614,7524.89667260897,9258.328076158674
2026-09-01 09:31:30,7750.0,7759.5,Put CEX 5,CEX,-1292666.739,7524.89667260897,9258.328076158674
2026-09-01 09:31:30,7750.0,7759.5,Put DEX 3,DEX,-82.245,7524.89667260897,9258.328076158674
2026-09-01 09:31:30,7750.0,7759.5,Call GEX 3,GEX,293885.617,7524.89667260897,9258.328076158674
2026-09-01 09:31:30,7750.0,7759.5,Put VEX 3,VEX,-1053918.42,7524.89667260897,9258.328076158674
2026-09-01 09:31:30,7800.0,7809.75,Put DEX 4,DEX,-59.433,7524.89667260897,9258.328076158674
2026-09-01 09:31:30,7800.0,7809.75,Call GEX 1,GEX,528561.513,7524.89667260897,9258.328076158674
2026-09-01 09:31:30,7800.0,7809.75,Put VEX 2,VEX,-1672978.434,7524.89667260897,9258.328076158674
2026-09-01 09:31:30,7850.0,7859.75,Call GEX 4,GEX,281264.405,7524.89667260897,9258.328076158674
2026-09-01 09:31:30,7900.0,7909.75,Call GEX 2,GEX,384974.735,7524.89667260897,9258.328076158674
2026-09-01 09:31:30,7900.0,7909.75,Put VEX 4,VEX,-988426.287,7524.89667260897,9258.328076158674
2026-09-01 09:31:30,7950.0,7959.75,Call GEX 5,GEX,168541.298,7524.89667260897,9258.328076158674
2026-09-01 09:31:30,8000.0,8010.0,Put CEX 1,CEX,-3055201.904,7524.89667260897,9258.328076158674
2026-09-01 09:31:30,8000.0,8010.0,Put DEX 1,DEX,-2567.024,7524.89667260897,9258.328076158674
2026-09-01 09:31:30,8000.0,8010.0,Put GEX 5,GEX,-311173.667,7524.89667260897,9258.328076158674
2026-09-01 09:31:30,8000.0,8010.0,Put VEX 1,VEX,-10135307.55,7524.89667260897,9258.328076158674
2026-09-01 09:32:18,7000.0,7009.25,Call CEX 2,CEX,1400021.602,7524.019024616015,9258.752229589756
2026-09-01 09:32:18,7000.0,7009.25,Call DEX 1,DEX,891.826,7524.019024616015,9258.752229589756
2026-09-01 09:32:18,7000.0,7009.25,Put GEX 1,GEX,-722756.403,7524.019024616015,9258.752229589756
2026-09-01 09:32:18,7000.0,7009.25,Call VEX 1,VEX,6355277.946,7524.019024616015,9258.752229589756
2026-09-01 09:32:18,7300.0,7309.5,Call DEX 2,DEX,265.598,7524.019024616015,9258.752229589756
2026-09-01 09:32:18,7300.0,7309.5,Call VEX 5,VEX,1579161.726,7524.019024616015,9258.752229589756
2026-09-01 09:32:18,7400.0,7409.75,Call DEX 4,DEX,210.759,7524.019024616015,9258.752229589756
2026-09-01 09:32:18,7400.0,7409.75,Call VEX 3,VEX,2109927.196,7524.019024616015,9258.752229589756
2026-09-01 09:32:18,7450.0,7459.75,Call DEX 3,DEX,212.942,7524.019024616015,9258.752229589756
2026-09-01 09:32:18,7450.0,7459.75,Call VEX 4,VEX,1863040.089,7524.019024616015,9258.752229589756
2026-09-01 09:32:18,7500.0,7509.75,Call CEX 3,CEX,1372474.966,7524.019024616015,9258.752229589756
2026-09-01 09:32:18,7500.0,7509.75,Call DEX 5,DEX,158.158,7524.019024616015,9258.752229589756
2026-09-01 09:32:18,7500.0,7509.75,Put GEX 2,GEX,-568691.539,7524.019024616015,9258.752229589756
2026-09-01 09:32:18,7500.0,7509.75,Call VEX 2,VEX,2950653.82,7524.019024616015,9258.752229589756
2026-09-01 09:32:18,7515.0,7524.75,Call CEX 4,CEX,1248863.094,7524.019024616015,9258.752229589756
2026-09-01 09:32:18,7550.0,7559.75,Call CEX 5,CEX,1190167.395,7524.019024616015,9258.752229589756
2026-09-01 09:32:18,7550.0,7559.75,Put GEX 4,GEX,-369141.403,7524.019024616015,9258.752229589756
2026-09-01 09:32:18,7600.0,7610.0,Call CEX 1,CEX,2051378.123,7524.019024616015,9258.752229589756
2026-09-01 09:32:18,7650.0,7660.0,Put CEX 2,CEX,-1723045.545,7524.019024616015,9258.752229589756
2026-09-01 09:32:18,7650.0,7660.0,Put DEX 4,DEX,-57.181,7524.019024616015,9258.752229589756
2026-09-01 09:32:18,7650.0,7660.0,Put GEX 5,GEX,-337304.482,7524.019024616015,9258.752229589756
2026-09-01 09:32:18,7675.0,7685.0,Put CEX 3,CEX,-1593265.109,7524.019024616015,9258.752229589756
2026-09-01 09:32:18,7700.0,7710.0,Put CEX 4,CEX,-1311603.946,7524.019024616015,9258.752229589756
2026-09-01 09:32:18,7700.0,7710.0,Put DEX 2,DEX,-165.63,7524.019024616015,9258.752229589756
2026-09-01 09:32:18,7700.0,7710.0,Put VEX 5,VEX,-833677.425,7524.019024616015,9258.752229589756
2026-09-01 09:32:18,7750.0,7760.0,Put CEX 5,CEX,-1152730.534,7524.019024616015,9258.752229589756
2026-09-01 09:32:18,7750.0,7760.0,Put DEX 3,DEX,-75.686,7524.019024616015,9258.752229589756
2026-09-01 09:32:18,7750.0,7760.0,Call GEX 3,GEX,296498.792,7524.019024616015,9258.752229589756
2026-09-01 09:32:18,7750.0,7760.0,Put VEX 3,VEX,-1047472.249,7524.019024616015,9258.752229589756
2026-09-01 09:32:18,7800.0,7810.25,Put DEX 5,DEX,-56.542,7524.019024616015,9258.752229589756
2026-09-01 09:32:18,7800.0,7810.25,Call GEX 1,GEX,528937.008,7524.019024616015,9258.752229589756
2026-09-01 09:32:18,7800.0,7810.25,Put VEX 2,VEX,-1672122.933,7524.019024616015,9258.752229589756
2026-09-01 09:32:18,7850.0,7860.25,Call GEX 4,GEX,281685.812,7524.019024616015,9258.752229589756
2026-09-01 09:32:18,7900.0,7910.25,Call GEX 2,GEX,385529.209,7524.019024616015,9258.752229589756
2026-09-01 09:32:18,7900.0,7910.25,Put VEX 4,VEX,-988864.136,7524.019024616015,9258.752229589756
2026-09-01 09:32:18,7950.0,7960.25,Call GEX 5,GEX,168785.883,7524.019024616015,9258.752229589756
2026-09-01 09:32:18,8000.0,8010.5,Put CEX 1,CEX,-3153103.737,7524.019024616015,9258.752229589756
2026-09-01 09:32:18,8000.0,8010.5,Put DEX 1,DEX,-2525.28,7524.019024616015,9258.752229589756
2026-09-01 09:32:18,8000.0,8010.5,Put GEX 3,GEX,-377189.401,7524.019024616015,9258.752229589756
2026-09-01 09:32:18,8000.0,8010.5,Put VEX 1,VEX,-10370177.544,7524.019024616015,9258.752229589756
2026-09-01 09:33:06,7000.0,7009.5,Call CEX 3,CEX,1412785.484,7523.524209533974,9252.769927099193
2026-09-01 09:33:06,7000.0,7009.5,Call DEX 1,DEX,887.597,7523.524209533974,9252.769927099193
2026-09-01 09:33:06,7000.0,7009.5,Put GEX 1,GEX,-710208.91,7523.524209533974,9252.769927099193
2026-09-01 09:33:06,7000.0,7009.5,Call VEX 1,VEX,6457774.453,7523.524209533974,9252.769927099193
2026-09-01 09:33:06,7300.0,7310.0,Call DEX 2,DEX,264.003,7523.524209533974,9252.769927099193
2026-09-01 09:33:06,7300.0,7310.0,Call VEX 5,VEX,1595539.511,7523.524209533974,9252.769927099193
2026-09-01 09:33:06,7400.0,7410.0,Call DEX 4,DEX,209.845,7523.524209533974,9252.769927099193
2026-09-01 09:33:06,7400.0,7410.0,Call VEX 3,VEX,2111122.181,7523.524209533974,9252.769927099193
2026-09-01 09:33:06,7450.0,7460.25,Call DEX 3,DEX,216.573,7523.524209533974,9252.769927099193
2026-09-01 09:33:06,7450.0,7460.25,Call VEX 4,VEX,1865556.998,7523.524209533974,9252.769927099193
2026-09-01 09:33:06,7500.0,7510.25,Call CEX 2,CEX,1443143.315,7523.524209533974,9252.769927099193
2026-09-01 09:33:06,7500.0,7510.25,Call DEX 5,DEX,158.495,7523.524209533974,9252.769927099193
2026-09-01 09:33:06,7500.0,7510.25,Put GEX 2,GEX,-571175.125,7523.524209533974,9252.769927099193
2026-09-01 09:33:06,7500.0,7510.25,Call VEX 2,VEX,2946316.525,7523.524209533974,9252.769927099193
2026-09-01 09:33:06,7515.0,7525.25,Call CEX 4,CEX,1281514.745,7523.524209533974,9252.769927099193
2026-09-01 09:33:06,7550.0,7560.25,Call CEX 5,CEX,1276963.074,7523.524209533974,9252.769927099193
2026-09-01 09:33:06,7550.0,7560.25,Put GEX 4,GEX,-375414.667,7523.524209533974,9252.769927099193
2026-09-01 09:33:06,7600.0,7610.5,Call CEX 1,CEX,2072045.433,7523.524209533974,9252.769927099193
2026-09-01 09:33:06,7650.0,7660.5,Put CEX 2,CEX,-1789585.421,7523.524209533974,9252.769927099193
2026-09-01 09:33:06,7650.0,7660.5,Put DEX 4,DEX,-58.667,7523.524209533974,9252.769927099193
2026-09-01 09:33:06,7650.0,7660.5,Put GEX 5,GEX,-340797.68,7523.524209533974,9252.769927099193
2026-09-01 09:33:06,7675.0,7685.5,Put CEX 5,CEX,-1025697.642,7523.524209533974,9252.769927099193
2026-09-01 09:33:06,7700.0,7710.5,Put CEX 3,CEX,-1313454.388,7523.524209533974,9252.769927099193
2026-09-01 09:33:06,7700.0,7710.5,Put DEX 2,DEX,-167.594,7523.524209533974,9252.769927099193
2026-09-01 09:33:06,7700.0,7710.5,Put VEX 5,VEX,-846591.369,7523.524209533974,9252.769927099193
2026-09-01 09:33:06,7750.0,7760.5,Put CEX 4,CEX,-1144569.86,7523.524209533974,9252.769927099193
2026-09-01 09:33:06,7750.0,7760.5,Put DEX 3,DEX,-76.791,7523.524209533974,9252.769927099193
2026-09-01 09:33:06,7750.0,7760.5,Call GEX 3,GEX,293312.606,7523.524209533974,9252.769927099193
2026-09-01 09:33:06,7750.0,7760.5,Put VEX 3,VEX,-1051572.178,7523.524209533974,9252.769927099193
2026-09-01 09:33:06,7800.0,7810.75,Put DEX 5,DEX,-57.804,7523.524209533974,9252.769927099193
2026-09-01 09:33:06,7800.0,7810.75,Call GEX 1,GEX,525631.041,7523.524209533974,9252.769927099193
2026-09-01 09:33:06,7800.0,7810.75,Put VEX 2,VEX,-1675133.357,7523.524209533974,9252.769927099193
2026-09-01 09:33:06,7850.0,7860.75,Call GEX 4,GEX,280615.907,7523.524209533974,9252.769927099193
2026-09-01 09:33:06,7900.0,7910.75,Call GEX 2,GEX,384027.066,7523.524209533974,9252.769927099193
2026-09-01 09:33:06,7900.0,7910.75,Put VEX 4,VEX,-987398.102,7523.524209533974,9252.769927099193
2026-09-01 09:33:06,7950.0,7960.75,Call GEX 5,GEX,168026.099,7523.524209533974,9252.769927099193
2026-09-01 09:33:06,8000.0,8011.0,Put CEX 1,CEX,-3153254.074,7523.524209533974,9252.769927099193
2026-09-01 09:33:06,8000.0,8011.0,Put DEX 1,DEX,-2527.65,7523.524209533974,9252.769927099193
2026-09-01 09:33:06,8000.0,8011.0,Put GEX 3,GEX,-378200.581,7523.524209533974,9252.769927099193
2026-09-01 09:33:06,8000.0,8011.0,Put VEX 1,VEX,-10367715.46,7523.524209533974,9252.769927099193
2026-09-01 09:33:53,7000.0,7009.5,Call CEX 3,CEX,1409539.471,7519.96155076604,9244.452116794168
2026-09-01 09:33:53,7000.0,7009.5,Call DEX 1,DEX,926.629,7519.96155076604,9244.452116794168
2026-09-01 09:33:53,7000.0,7009.5,Put GEX 1,GEX,-720064.178,7519.96155076604,9244.452116794168
2026-09-01 09:33:53,7000.0,7009.5,Call VEX 1,VEX,6364773.179,7519.96155076604,9244.452116794168
2026-09-01 09:33:53,7300.0,7309.75,Call DEX 2,DEX,265.938,7519.96155076604,9244.452116794168
2026-09-01 09:33:53,7300.0,7309.75,Call VEX 5,VEX,1576043.879,7519.96155076604,9244.452116794168
2026-09-01 09:33:53,7400.0,7410.0,Call DEX 4,DEX,211.489,7519.96155076604,9244.452116794168
2026-09-01 09:33:53,7400.0,7410.0,Call VEX 3,VEX,2109293.312,7519.96155076604,9244.452116794168
2026-09-01 09:33:53,7450.0,7460.0,Call DEX 3,DEX,213.459,7519.96155076604,9244.452116794168
2026-09-01 09:33:53,7450.0,7460.0,Call VEX 4,VEX,1865415.367,7519.96155076604,9244.452116794168
2026-09-01 09:33:53,7500.0,7510.0,Call CEX 2,CEX,1436834.567,7519.96155076604,9244.452116794168
2026-09-01 09:33:53,7500.0,7510.0,Call DEX 5,DEX,162.618,7519.96155076604,9244.452116794168
2026-09-01 09:33:53,7500.0,7510.0,Put GEX 2,GEX,-565990.323,7519.96155076604,9244.452116794168
2026-09-01 09:33:53,7500.0,7510.0,Call VEX 2,VEX,2960691.432,7519.96155076604,9244.452116794168
2026-09-01 09:33:53,7515.0,7525.25,Call CEX 5,CEX,1266473.762,7519.96155076604,9244.452116794168
2026-09-01 09:33:53,7550.0,7560.25,Call CEX 4,CEX,1273044.403,7519.96155076604,9244.452116794168
2026-09-01 09:33:53,7550.0,7560.25,Put GEX 4,GEX,-369000.834,7519.96155076604,9244.452116794168
2026-09-01 09:33:53,7600.0,7610.25,Call CEX 1,CEX,2029730.783,7519.96155076604,9244.452116794168
2026-09-01 09:33:53,7650.0,7660.25,Put CEX 2,CEX,-1685311.944,7519.96155076604,9244.452116794168
2026-09-01 09:33:53,7650.0,7660.25,Put DEX 4,DEX,-55.619,7519.96155076604,9244.452116794168
2026-09-01 09:33:53,7650.0,7660.25,Put GEX 5,GEX,-346727.758,7519.96155076604,9244.452116794168
2026-09-01 09:33:53,7675.0,7685.25,Put CEX 5,CEX,-1031570.206,7519.96155076604,9244.452116794168
2026-09-01 09:33:53,7700.0,7710.25,Put CEX 3,CEX,-1310469.442,7519.96155076604,9244.452116794168
2026-09-01 09:33:53,7700.0,7710.25,Put DEX 2,DEX,-162.963,7519.96155076604,9244.452116794168
2026-09-01 09:33:53,7700.0,7710.25,Put VEX 5,VEX,-815902.324,7519.96155076604,9244.452116794168
2026-09-01 09:33:53,7750.0,7760.5,Put CEX 4,CEX,-1153470.521,7519.96155076604,9244.452116794168
2026-09-01 09:33:53,7750.0,7760.5,Put DEX 3,DEX,-73.977,7519.96155076604,9244.452116794168
2026-09-01 09:33:53,7750.0,7760.5,Call GEX 3,GEX,297075.95,7519.96155076604,9244.452116794168
2026-09-01 09:33:53,7750.0,7760.5,Put VEX 3,VEX,-1040434.563,7519.96155076604,9244.452116794168
2026-09-01 09:33:53,7800.0,7810.5,Put DEX 5,DEX,-55.07,7519.96155076604,9244.452116794168
2026-09-01 09:33:53,7800.0,7810.5,Call GEX 1,GEX,532415.359,7519.96155076604,9244.452116794168
2026-09-01 09:33:53,7800.0,7810.5,Put VEX 2,VEX,-1666873.339,7519.96155076604,9244.452116794168
2026-09-01 09:33:53,7850.0,7860.5,Call GEX 4,GEX,283178.458,7519.96155076604,9244.452116794168
2026-09-01 09:33:53,7900.0,7910.75,Call GEX 2,GEX,386924.045,7519.96155076604,9244.452116794168
2026-09-01 09:33:53,7900.0,7910.75,Put VEX 4,VEX,-989540.432,7519.96155076604,9244.452116794168
2026-09-01 09:33:53,7950.0,7960.75,Call GEX 5,GEX,169493.791,7519.96155076604,9244.452116794168
2026-09-01 09:33:53,8000.0,8010.75,Put CEX 1,CEX,-3135446.902,7519.96155076604,9244.452116794168
2026-09-01 09:33:53,8000.0,8010.75,Put DEX 1,DEX,-2497.39,7519.96155076604,9244.452116794168
2026-09-01 09:33:53,8000.0,8010.75,Put GEX 3,GEX,-377384.473,7519.96155076604,9244.452116794168
2026-09-01 09:33:53,8000.0,8010.75,Put VEX 1,VEX,-10376952.888,7519.96155076604,9244.452116794168
2026-09-01 09:34:41,7000.0,7008.75,Call CEX 3,CEX,1377939.475,7528.561125701566,9241.842236084609
2026-09-01 09:34:41,7000.0,7008.75,Call DEX 1,DEX,892.13,7528.561125701566,9241.842236084609
2026-09-01 09:34:41,7000.0,7008.75,Put GEX 1,GEX,-766624.385,7528.561125701566,9241.842236084609
2026-09-01 09:34:41,7000.0,7008.75,Call VEX 1,VEX,6102131.5,7528.561125701566,9241.842236084609
2026-09-01 09:34:41,7300.0,7309.25,Call DEX 2,DEX,265.874,7528.561125701566,9241.842236084609
2026-09-01 09:34:41,7300.0,7309.25,Call VEX 5,VEX,1563190.439,7528.561125701566,9241.842236084609
2026-09-01 09:34:41,7400.0,7409.25,Call DEX 3,DEX,209.955,7528.561125701566,9241.842236084609
2026-09-01 09:34:41,7400.0,7409.25,Call VEX 3,VEX,2105601.728,7528.561125701566,9241.842236084609
2026-09-01 09:34:41,7450.0,7459.5,Call DEX 4,DEX,206.632,7528.561125701566,9241.842236084609
2026-09-01 09:34:41,7450.0,7459.5,Call VEX 4,VEX,1860447.699,7528.561125701566,9241.842236084609
2026-09-01 09:34:41,7500.0,7509.5,Call CEX 2,CEX,1416167.743,7528.561125701566,9241.842236084609
2026-09-01 09:34:41,7500.0,7509.5,Call DEX 5,DEX,154.064,7528.561125701566,9241.842236084609
2026-09-01 09:34:41,7500.0,7509.5,Put GEX 2,GEX,-566339.916,7528.561125701566,9241.842236084609
2026-09-01 09:34:41,7500.0,7509.5,Call VEX 2,VEX,2942506.407,7528.561125701566,9241.842236084609
2026-09-01 09:34:41,7515.0,7524.5,Call CEX 4,CEX,1265976.503,7528.561125701566,9241.842236084609
2026-09-01 09:34:41,7550.0,7559.5,Call CEX 5,CEX,1249032.21,7528.561125701566,9241.842236084609
2026-09-01 09:34:41,7550.0,7559.5,Put GEX 4,GEX,-368273.881,7528.561125701566,9241.842236084609
2026-09-01 09:34:41,7600.0,7609.5,Call CEX 1,CEX,2040753.805,7528.561125701566,9241.842236084609
2026-09-01 09:34:41,7650.0,7659.75,Put CEX 4,CEX,-1717140.93,7528.561125701566,9241.842236084609
2026-09-01 09:34:41,7650.0,7659.75,Put DEX 5,DEX,-58.019,7528.561125701566,9241.842236084609
2026-09-01 09:34:41,7650.0,7659.75,Put GEX 5,GEX,-302383.747,7528.561125701566,9241.842236084609
2026-09-01 09:34:41,7675.0,7684.75,Put CEX 2,CEX,-1990996.825,7528.561125701566,9241.842236084609
2026-09-01 09:34:41,7700.0,7709.75,Put CEX 3,CEX,-1857639.784,7528.561125701566,9241.842236084609
2026-09-01 09:34:41,7700.0,7709.75,Put DEX 2,DEX,-179.2,7528.561125701566,9241.842236084609
2026-09-01 09:34:41,7700.0,7709.75,Put VEX 5,VEX,-860826.333,7528.561125701566,9241.842236084609
2026-09-01 09:34:41,7750.0,7759.75,Put CEX 5,CEX,-1363337.634,7528.561125701566,9241.842236084609
2026-09-01 09:34:41,7750.0,7759.75,Put DEX 3,DEX,-82.157,7528.561125701566,9241.842236084609
2026-09-01 09:34:41,7750.0,7759.75,Call GEX 3,GEX,292388.46,7528.561125701566,9241.842236084609
2026-09-01 09:34:41,7750.0,7759.75,Put VEX 3,VEX,-1058284.535,7528.561125701566,9241.842236084609
2026-09-01 09:34:41,7800.0,7810.0,Put DEX 4,DEX,-59.334,7528.561125701566,9241.842236084609
2026-09-01 09:34:41,7800.0,7810.0,Call GEX 1,GEX,528427.818,7528.561125701566,9241.842236084609
2026-09-01 09:34:41,7800.0,7810.0,Put VEX 2,VEX,-1675787.079,7528.561125701566,9241.842236084609
2026-09-01 09:34:41,7850.0,7860.0,Call GEX 4,GEX,280261.405,7528.561125701566,9241.842236084609
2026-09-01 09:34:41,7900.0,7910.0,Call GEX 2,GEX,384164.935,7528.561125701566,9241.842236084609
2026-09-01 09:34:41,7900.0,7910.0,Put VEX 4,VEX,-986821.583,7528.561125701566,9241.842236084609
2026-09-01 09:34:41,7950.0,7960.0,Call GEX 5,GEX,167867.365,7528.561125701566,9241.842236084609
2026-09-01 09:34:41,8000.0,8010.25,Put CEX 1,CEX,-3169733.963,7528.561125701566,9241.842236084609
2026-09-01 09:34:41,8000.0,8010.25,Put DEX 1,DEX,-2508.813,7528.561125701566,9241.842236084609
2026-09-01 09:34:41,8000.0,8010.25,Put GEX 3,GEX,-395459.932,7528.561125701566,9241.842236084609
2026-09-01 09:34:41,8000.0,8010.25,Put VEX 1,VEX,-10427190.803,7528.561125701566,9241.842236084609
2026-09-01 09:35:28,7000.0,7009.5,Call CEX 3,CEX,1425072.952,7527.659239742303,9243.404831159824
2026-09-01 09:35:28,7000.0,7009.5,Call DEX 1,DEX,879.801,7527.659239742303,9243.404831159824
2026-09-01 09:35:28,7000.0,7009.5,Put GEX 1,GEX,-719176.941,7527.659239742303,9243.404831159824
2026-09-01 09:35:28,7000.0,7009.5,Call VEX 1,VEX,6491869.139,7527.659239742303,9243.404831159824
2026-09-01 09:35:28,7300.0,7310.0,Call DEX 2,DEX,262.459,7527.659239742303,9243.404831159824
2026-09-01 09:35:28,7300.0,7310.0,Call VEX 5,VEX,1601493.106,7527.659239742303,9243.404831159824
2026-09-01 09:35:28,7400.0,7410.25,Call DEX 4,DEX,207.713,7527.659239742303,9243.404831159824
2026-09-01 09:35:28,7400.0,7410.25,Call VEX 3,VEX,2110114.451,7527.659239742303,9243.404831159824
2026-09-01 09:35:28,7450.0,7460.25,Call DEX 3,DEX,214.318,7527.659239742303,9243.404831159824
2026-09-01 09:35:28,7450.0,7460.25,Call VEX 4,VEX,1862066.672,7527.659239742303,9243.404831159824
2026-09-01 09:35:28,7500.0,7510.25,Call CEX 2,CEX,1447665.384,7527.659239742303,9243.404831159824
2026-09-01 09:35:28,7500.0,7510.25,Call DEX 5,DEX,153.537,7527.659239742303,9243.404831159824
2026-09-01 09:35:28,7500.0,7510.25,Put GEX 2,GEX,-575931.008,7527.659239742303,9243.404831159824
2026-09-01 09:35:28,7500.0,7510.25,Call VEX 2,VEX,2930250.092,7527.659239742303,9243.404831159824
2026-09-01 09:35:28,7515.0,7525.25,Call CEX 4,CEX,1298436.035,7527.659239742303,9243.404831159824
2026-09-01 09:35:28,7550.0,7560.25,Call CEX 5,CEX,1281714.875,7527.659239742303,9243.404831159824
2026-09-01 09:35:28,7550.0,7560.25,Put GEX 4,GEX,-379794.219,7527.659239742303,9243.404831159824
2026-09-01 09:35:28,7600.0,7610.5,Call CEX 1,CEX,2083312.564,7527.659239742303,9243.404831159824
2026-09-01 09:35:28,7650.0,7660.5,Put CEX 2,CEX,-1867366.394,7527.659239742303,9243.404831159824
2026-09-01 09:35:28,7650.0,7660.5,Put DEX 4,DEX,-60.919,7527.659239742303,9243.404831159824
2026-09-01 09:35:28,7650.0,7660.5,Put GEX 5,GEX,-327962.796,7527.659239742303,9243.404831159824
2026-09-01 09:35:28,7675.0,7685.5,Put CEX 3,CEX,-1388966.859,7527.659239742303,9243.404831159824
2026-09-01 09:35:28,7700.0,7710.5,Put CEX 4,CEX,-1317187.118,7527.659239742303,9243.404831159824
2026-09-01 09:35:28,7700.0,7710.5,Put DEX 2,DEX,-170.41,7527.659239742303,9243.404831159824
2026-09-01 09:35:28,7700.0,7710.5,Put VEX 5,VEX,-866709.709,7527.659239742303,9243.404831159824
2026-09-01 09:35:28,7750.0,7760.5,Put CEX 5,CEX,-1144136.002,7527.659239742303,9243.404831159824
2026-09-01 09:35:28,7750.0,7760.5,Put DEX 3,DEX,-78.117,7527.659239742303,9243.404831159824
2026-09-01 09:35:28,7750.0,7760.5,Call GEX 3,GEX,290907.069,7527.659239742303,9243.404831159824
2026-09-01 09:35:28,7750.0,7760.5,Put VEX 3,VEX,-1058106.496,7527.659239742303,9243.404831159824
2026-09-01 09:35:28,7800.0,7810.75,Put DEX 5,DEX,-59.023,7527.659239742303,9243.404831159824
2026-09-01 09:35:28,7800.0,7810.75,Call GEX 1,GEX,521528.71,7527.659239742303,9243.404831159824
2026-09-01 09:35:28,7800.0,7810.75,Put VEX 2,VEX,-1678794.332,7527.659239742303,9243.404831159824
2026-09-01 09:35:28,7850.0,7860.75,Call GEX 4,GEX,278234.795,7527.659239742303,9243.404831159824
2026-09-01 09:35:28,7900.0,7910.75,Call GEX 2,GEX,380419.673,7527.659239742303,9243.404831159824
2026-09-01 09:35:28,7900.0,7910.75,Put VEX 4,VEX,-987298.519,7527.659239742303,9243.404831159824
2026-09-01 09:35:28,7950.0,7961.0,Call GEX 5,GEX,166468.204,7527.659239742303,9243.404831159824
2026-09-01 09:35:28,8000.0,8011.0,Put CEX 1,CEX,-3129330.907,7527.659239742303,9243.404831159824
2026-09-01 09:35:28,8000.0,8011.0,Put DEX 1,DEX,-2533.349,7527.659239742303,9243.404831159824
2026-09-01 09:35:28,8000.0,8011.0,Put GEX 3,GEX,-387385.802,7527.659239742303,9243.404831159824
2026-09-01 09:35:28,8000.0,8011.0,Put VEX 1,VEX,-10315873.656,7527.659239742303,9243.404831159824
2026-09-01 09:36:16,7000.0,7009.25,Call CEX 3,CEX,1413324.256,7526.401126909076,9260.944845240863
2026-09-01 09:36:16,7000.0,7009.25,Call DEX 1,DEX,883.853,7526.401126909076,9260.944845240863
2026-09-01 09:36:16,7000.0,7009.25,Put GEX 1,GEX,-720436.354,7526.401126909076,9260.944845240863
2026-09-01 09:36:16,7000.0,7009.25,Call VEX 1,VEX,6423912.037,7526.401126909076,9260.944845240863
2026-09-01 09:36:16,7300.0,7309.5,Call DEX 2,DEX,263.333,7526.401126909076,9260.944845240863
2026-09-01 09:36:16,7300.0,7309.5,Call VEX 5,VEX,1592728.187,7526.401126909076,9260.944845240863
2026-09-01 09:36:16,7400.0,7409.75,Call DEX 4,DEX,208.926,7526.401126909076,9260.944845240863
2026-09-01 09:36:16,7400.0,7409.75,Call VEX 3,VEX,2110899.846,7526.401126909076,9260.944845240863
2026-09-01 09:36:16,7450.0,7459.75,Call DEX 3,DEX,216.0,7526.401126909076,9260.944845240863
2026-09-01 09:36:16,7450.0,7459.75,Call VEX 4,VEX,1863300.749,7526.401126909076,9260.944845240863
2026-09-01 09:36:16,7500.0,7510.0,Call CEX 2,CEX,1440607.077,7526.401126909076,9260.944845240863
2026-09-01 09:36:16,7500.0,7510.0,Call DEX 5,DEX,158.144,7526.401126909076,9260.944845240863
2026-09-01 09:36:16,7500.0,7510.0,Put GEX 2,GEX,-571042.696,7526.401126909076,9260.944845240863
2026-09-01 09:36:16,7500.0,7510.0,Call VEX 2,VEX,2946658.652,7526.401126909076,9260.944845240863
2026-09-01 09:36:16,7515.0,7525.0,Call CEX 4,CEX,1287766.398,7526.401126909076,9260.944845240863
2026-09-01 09:36:16,7550.0,7560.0,Call CEX 5,CEX,1276512.918,7526.401126909076,9260.944845240863
2026-09-01 09:36:16,7550.0,7560.0,Put GEX 4,GEX,-373364.634,7526.401126909076,9260.944845240863
2026-09-01 09:36:16,7600.0,7610.0,Call CEX 1,CEX,2052479.051,7526.401126909076,9260.944845240863
2026-09-01 09:36:16,7650.0,7660.0,Put CEX 2,CEX,-1776549.704,7526.401126909076,9260.944845240863
2026-09-01 09:36:16,7650.0,7660.0,Put DEX 4,DEX,-57.906,7526.401126909076,9260.944845240863
2026-09-01 09:36:16,7650.0,7660.0,Put GEX 5,GEX,-334135.74,7526.401126909076,9260.944845240863
2026-09-01 09:36:16,7675.0,7685.0,Put CEX 3,CEX,-1582492.945,7526.401126909076,9260.944845240863
2026-09-01 09:36:16,7700.0,7710.25,Put CEX 4,CEX,-1315843.959,7526.401126909076,9260.944845240863
2026-09-01 09:36:16,7700.0,7710.25,Put DEX 2,DEX,-165.94,7526.401126909076,9260.944845240863
2026-09-01 09:36:16,7700.0,7710.25,Put VEX 5,VEX,-837319.922,7526.401126909076,9260.944845240863
2026-09-01 09:36:16,7750.0,7760.25,Put CEX 5,CEX,-1201631.279,7526.401126909076,9260.944845240863
2026-09-01 09:36:16,7750.0,7760.25,Put DEX 3,DEX,-81.919,7526.401126909076,9260.944845240863
2026-09-01 09:36:16,7750.0,7760.25,Call GEX 3,GEX,292578.754,7526.401126909076,9260.944845240863
2026-09-01 09:36:16,7750.0,7760.25,Put VEX 3,VEX,-1050874.484,7526.401126909076,9260.944845240863
2026-09-01 09:36:16,7800.0,7810.25,Put DEX 5,DEX,-56.496,7526.401126909076,9260.944845240863
2026-09-01 09:36:16,7800.0,7810.25,Call GEX 1,GEX,527330.607,7526.401126909076,9260.944845240863
2026-09-01 09:36:16,7800.0,7810.25,Put VEX 2,VEX,-1674220.664,7526.401126909076,9260.944845240863
2026-09-01 09:36:16,7850.0,7860.25,Call GEX 4,GEX,280761.997,7526.401126909076,9260.944845240863
2026-09-01 09:36:16,7900.0,7910.5,Call GEX 2,GEX,383285.474,7526.401126909076,9260.944845240863
2026-09-01 09:36:16,7900.0,7910.5,Put VEX 4,VEX,-987252.992,7526.401126909076,9260.944845240863
2026-09-01 09:36:16,7950.0,7960.5,Call GEX 5,GEX,167741.339,7526.401126909076,9260.944845240863
2026-09-01 09:36:16,8000.0,8010.5,Put CEX 1,CEX,-3158543.324,7526.401126909076,9260.944845240863
2026-09-01 09:36:16,8000.0,8010.5,Put DEX 1,DEX,-2519.497,7526.401126909076,9260.944845240863
2026-09-01 09:36:16,8000.0,8010.5,Put GEX 3,GEX,-398986.778,7526.401126909076,9260.944845240863
2026-09-01 09:36:16,8000.0,8010.5,Put VEX 1,VEX,-10370118.536,7526.401126909076,9260.944845240863
2026-09-01 09:37:03,7000.0,7009.0,Call CEX 3,CEX,1410063.065,7529.822028606599,9243.329336473036
2026-09-01 09:37:03,7000.0,7009.0,Call DEX 1,DEX,921.167,7529.822028606599,9243.329336473036
2026-09-01 09:37:03,7000.0,7009.0,Put GEX 1,GEX,-737938.88,7529.822028606599,9243.329336473036
2026-09-01 09:37:03,7000.0,7009.0,Call VEX 1,VEX,6320959.951,7529.822028606599,9243.329336473036
2026-09-01 09:37:03,7300.0,7309.5,Call DEX 2,DEX,264.216,7529.822028606599,9243.329336473036
2026-09-01 09:37:03,7300.0,7309.5,Call VEX 5,VEX,1585297.905,7529.822028606599,9243.329336473036
2026-09-01 09:37:03,7400.0,7409.5,Call DEX 4,DEX,208.781,7529.822028606599,9243.329336473036
2026-09-01 09:37:03,7400.0,7409.5,Call VEX 3,VEX,2109420.005,7529.822028606599,9243.329336473036
2026-09-01 09:37:03,7450.0,7459.5,Call DEX 3,DEX,210.9,7529.822028606599,9243.329336473036
2026-09-01 09:37:03,7450.0,7459.5,Call VEX 4,VEX,1861032.758,7529.822028606599,9243.329336473036
2026-09-01 09:37:03,7500.0,7509.75,Call CEX 2,CEX,1427222.691,7529.822028606599,9243.329336473036
2026-09-01 09:37:03,7500.0,7509.75,Call DEX 5,DEX,157.016,7529.822028606599,9243.329336473036
2026-09-01 09:37:03,7500.0,7509.75,Put GEX 2,GEX,-569260.07,7529.822028606599,9243.329336473036
2026-09-01 09:37:03,7500.0,7509.75,Call VEX 2,VEX,2945230.515,7529.822028606599,9243.329336473036
2026-09-01 09:37:03,7515.0,7524.75,Call CEX 4,CEX,1287083.318,7529.822028606599,9243.329336473036
2026-09-01 09:37:03,7550.0,7559.75,Call CEX 5,CEX,1260372.599,7529.822028606599,9243.329336473036
2026-09-01 09:37:03,7550.0,7559.75,Put GEX 4,GEX,-372095.856,7529.822028606599,9243.329336473036
2026-09-01 09:37:03,7600.0,7609.75,Call CEX 1,CEX,2047766.809,7529.822028606599,9243.329336473036
2026-09-01 09:37:03,7650.0,7659.75,Put CEX 3,CEX,-1772819.402,7529.822028606599,9243.329336473036
2026-09-01 09:37:03,7650.0,7659.75,Put DEX 5,DEX,-57.865,7529.822028606599,9243.329336473036
2026-09-01 09:37:03,7650.0,7659.75,Put GEX 5,GEX,-326480.429,7529.822028606599,9243.329336473036
2026-09-01 09:37:03,7675.0,7685.0,Put CEX 2,CEX,-1798896.289,7529.822028606599,9243.329336473036
2026-09-01 09:37:03,7700.0,7710.0,Put CEX 4,CEX,-1662530.033,7529.822028606599,9243.329336473036
2026-09-01 09:37:03,7700.0,7710.0,Put DEX 2,DEX,-178.795,7529.822028606599,9243.329336473036
2026-09-01 09:37:03,7700.0,7710.0,Put VEX 5,VEX,-848042.334,7529.822028606599,9243.329336473036
2026-09-01 09:37:03,7750.0,7760.0,Put CEX 5,CEX,-1253054.056,7529.822028606599,9243.329336473036
2026-09-01 09:37:03,7750.0,7760.0,Put DEX 3,DEX,-81.946,7529.822028606599,9243.329336473036
2026-09-01 09:37:03,7750.0,7760.0,Call GEX 3,GEX,293181.552,7529.822028606599,9243.329336473036
2026-09-01 09:37:03,7750.0,7760.0,Put VEX 3,VEX,-1051940.258,7529.822028606599,9243.329336473036
2026-09-01 09:37:03,7800.0,7810.0,Put DEX 4,DEX,-59.214,7529.822028606599,9243.329336473036
2026-09-01 09:37:03,7800.0,7810.0,Call GEX 1,GEX,527844.888,7529.822028606599,9243.329336473036
2026-09-01 09:37:03,7800.0,7810.0,Put VEX 2,VEX,-1674266.119,7529.822028606599,9243.329336473036
2026-09-01 09:37:03,7850.0,7860.0,Call GEX 4,GEX,280999.82,7529.822028606599,9243.329336473036
2026-09-01 09:37:03,7900.0,7910.25,Call GEX 2,GEX,383662.941,7529.822028606599,9243.329336473036
2026-09-01 09:37:03,7900.0,7910.25,Put VEX 4,VEX,-988158.052,7529.822028606599,9243.329336473036
2026-09-01 09:37:03,7950.0,7960.25,Call GEX 5,GEX,167815.915,7529.822028606599,9243.329336473036
2026-09-01 09:37:03,8000.0,8010.25,Put CEX 1,CEX,-3146365.977,7529.822028606599,9243.329336473036
2026-09-01 09:37:03,8000.0,8010.25,Put DEX 1,DEX,-2519.519,7529.822028606599,9243.329336473036
2026-09-01 09:37:03,8000.0,8010.25,Put GEX 3,GEX,-395861.212,7529.822028606599,9243.329336473036
2026-09-01 09:37:03,8000.0,8010.25,Put VEX 1,VEX,-10361295.077,7529.822028606599,9243.329336473036
2026-09-01 09:37:50,7000.0,7009.25,Call CEX 3,CEX,1428199.63,7533.869707289426,9247.58000948425
2026-09-01 09:37:50,7000.0,7009.25,Call DEX 1,DEX,883.037,7533.869707289426,9247.58000948425
2026-09-01 09:37:50,7000.0,7009.25,Put GEX 1,GEX,-716506.689,7533.869707289426,9247.58000948425
2026-09-01 09:37:50,7000.0,7009.25,Call VEX 1,VEX,6514480.925,7533.869707289426,9247.58000948425
2026-09-01 09:37:50,7300.0,7309.5,Call DEX 2,DEX,262.489,7533.869707289426,9247.58000948425
2026-09-01 09:37:50,7300.0,7309.5,Call VEX 5,VEX,1599517.201,7533.869707289426,9247.58000948425
2026-09-01 09:37:50,7400.0,7409.75,Call DEX 4,DEX,206.395,7533.869707289426,9247.58000948425
2026-09-01 09:37:50,7400.0,7409.75,Call VEX 3,VEX,2110343.687,7533.869707289426,9247.58000948425
2026-09-01 09:37:50,7450.0,7459.75,Call DEX 3,DEX,208.235,7533.869707289426,9247.58000948425
2026-09-01 09:37:50,7450.0,7459.75,Call VEX 4,VEX,1858054.533,7533.869707289426,9247.58000948425
2026-09-01 09:37:50,7500.0,7510.0,Call CEX 2,CEX,1438586.856,7533.869707289426,9247.58000948425
2026-09-01 09:37:50,7500.0,7510.0,Call DEX 5,DEX,152.898,7533.869707289426,9247.58000948425
2026-09-01 09:37:50,7500.0,7510.0,Put GEX 2,GEX,-574429.242,7533.869707289426,9247.58000948425
2026-09-01 09:37:50,7500.0,7510.0,Call VEX 2,VEX,2927210.526,7533.869707289426,9247.58000948425
2026-09-01 09:37:50,7515.0,7525.0,Call CEX 4,CEX,1301208.544,7533.869707289426,9247.58000948425
2026-09-01 09:37:50,7550.0,7560.0,Call CEX 5,CEX,1275394.056,7533.869707289426,9247.58000948425
2026-09-01 09:37:50,7550.0,7560.0,Put GEX 4,GEX,-377733.233,7533.869707289426,9247.58000948425
2026-09-01 09:37:50,7600.0,7610.0,Call CEX 1,CEX,2088354.513,7533.869707289426,9247.58000948425
2026-09-01 09:37:50,7650.0,7660.0,Put CEX 2,CEX,-1872308.753,7533.869707289426,9247.58000948425
2026-09-01 09:37:50,7650.0,7660.0,Put DEX 5,DEX,-60.965,7533.869707289426,9247.58000948425
2026-09-01 09:37:50,7650.0,7660.0,Put GEX 5,GEX,-318457.545,7533.869707289426,9247.58000948425
2026-09-01 09:37:50,7675.0,7685.0,Put CEX 3,CEX,-1736174.175,7533.869707289426,9247.58000948425
2026-09-01 09:37:50,7700.0,7710.25,Put CEX 4,CEX,-1608551.029,7533.869707289426,9247.58000948425
2026-09-01 09:37:50,7700.0,7710.25,Put DEX 2,DEX,-183.449,7533.869707289426,9247.58000948425
2026-09-01 09:37:50,7700.0,7710.25,Put VEX 5,VEX,-876637.71,7533.869707289426,9247.58000948425
2026-09-01 09:37:50,7750.0,7760.25,Put CEX 5,CEX,-1237370.095,7533.869707289426,9247.58000948425
2026-09-01 09:37:50,7750.0,7760.25,Put DEX 3,DEX,-84.344,7533.869707289426,9247.58000948425
2026-09-01 09:37:50,7750.0,7760.25,Call GEX 3,GEX,290507.93,7533.869707289426,9247.58000948425
2026-09-01 09:37:50,7750.0,7760.25,Put VEX 3,VEX,-1061144.088,7533.869707289426,9247.58000948425
2026-09-01 09:37:50,7800.0,7810.25,Put DEX 4,DEX,-61.841,7533.869707289426,9247.58000948425
2026-09-01 09:37:50,7800.0,7810.25,Call GEX 1,GEX,522911.338,7533.869707289426,9247.58000948425
2026-09-01 09:37:50,7800.0,7810.25,Put VEX 2,VEX,-1679196.812,7533.869707289426,9247.58000948425
2026-09-01 09:37:50,7850.0,7860.25,Call GEX 4,GEX,278695.042,7533.869707289426,9247.58000948425
2026-09-01 09:37:50,7900.0,7910.5,Call GEX 2,GEX,380778.047,7533.869707289426,9247.58000948425
2026-09-01 09:37:50,7900.0,7910.5,Put VEX 4,VEX,-985718.707,7533.869707289426,9247.58000948425
2026-09-01 09:37:50,7950.0,7960.5,Call GEX 5,GEX,166440.172,7533.869707289426,9247.58000948425
2026-09-01 09:37:50,8000.0,8010.5,Put CEX 1,CEX,-3135603.792,7533.869707289426,9247.58000948425
2026-09-01 09:37:50,8000.0,8010.5,Put DEX 1,DEX,-2527.163,7533.869707289426,9247.58000948425
2026-09-01 09:37:50,8000.0,8010.5,Put GEX 3,GEX,-394208.223,7533.869707289426,9247.58000948425
2026-09-01 09:37:50,8000.0,8010.5,Put VEX 1,VEX,-10340314.088,7533.869707289426,9247.58000948425
2026-09-01 09:38:38,7000.0,7009.5,Call CEX 3,CEX,1409614.871,7521.502510084967,9240.736276276952
2026-09-01 09:38:38,7000.0,7009.5,Call DEX 1,DEX,885.713,7521.502510084967,9240.736276276952
2026-09-01 09:38:38,7000.0,7009.5,Put GEX 1,GEX,-719902.586,7521.502510084967,9240.736276276952
2026-09-01 09:38:38,7000.0,7009.5,Call VEX 1,VEX,6404956.306,7521.502510084967,9240.736276276952
2026-09-01 09:38:38,7300.0,7310.0,Call DEX 2,DEX,264.176,7521.502510084967,9240.736276276952
2026-09-01 09:38:38,7300.0,7310.0,Call VEX 5,VEX,1585776.225,7521.502510084967,9240.736276276952
2026-09-01 09:38:38,7400.0,7410.0,Call DEX 4,DEX,211.153,7521.502510084967,9240.736276276952
2026-09-01 09:38:38,7400.0,7410.0,Call VEX 3,VEX,2110683.017,7521.502510084967,9240.736276276952
2026-09-01 09:38:38,7450.0,7460.25,Call DEX 3,DEX,218.167,7521.502510084967,9240.736276276952
2026-09-01 09:38:38,7450.0,7460.25,Call VEX 4,VEX,1868894.952,7521.502510084967,9240.736276276952
2026-09-01 09:38:38,7500.0,7510.25,Call CEX 2,CEX,1452910.656,7521.502510084967,9240.736276276952
2026-09-01 09:38:38,7500.0,7510.25,Call DEX 5,DEX,161.402,7521.502510084967,9240.736276276952
2026-09-01 09:38:38,7500.0,7510.25,Put GEX 2,GEX,-567913.197,7521.502510084967,9240.736276276952
2026-09-01 09:38:38,7500.0,7510.25,Call VEX 2,VEX,2959507.295,7521.502510084967,9240.736276276952
2026-09-01 09:38:38,7515.0,7525.25,Call CEX 4,CEX,1296387.798,7521.502510084967,9240.736276276952
2026-09-01 09:38:38,7550.0,7560.25,Put GEX 4,GEX,-367921.553,7521.502510084967,9240.736276276952
2026-09-01 09:38:38,7600.0,7610.25,Call CEX 1,CEX,2016514.457,7521.502510084967,9240.736276276952
2026-09-01 09:38:38,7625.0,7635.5,Call CEX 5,CEX,1242237.339,7521.502510084967,9240.736276276952
2026-09-01 09:38:38,7650.0,7660.5,Put CEX 2,CEX,-1760036.382,7521.502510084967,9240.736276276952
2026-09-01 09:38:38,7650.0,7660.5,Put DEX 4,DEX,-56.124,7521.502510084967,9240.736276276952
2026-09-01 09:38:38,7650.0,7660.5,Put GEX 5,GEX,-355292.941,7521.502510084967,9240.736276276952
2026-09-01 09:38:38,7675.0,7685.5,Put CEX 5,CEX,-1081668.117,7521.502510084967,9240.736276276952
2026-09-01 09:38:38,7700.0,7710.5,Put CEX 3,CEX,-1315699.574,7521.502510084967,9240.736276276952
2026-09-01 09:38:38,7700.0,7710.5,Put DEX 2,DEX,-163.253,7521.502510084967,9240.736276276952
2026-09-01 09:38:38,7700.0,7710.5,Put VEX 5,VEX,-817548.583,7521.502510084967,9240.736276276952
2026-09-01 09:38:38,7750.0,7760.5,Put CEX 4,CEX,-1150887.675,7521.502510084967,9240.736276276952
2026-09-01 09:38:38,7750.0,7760.5,Put DEX 3,DEX,-74.307,7521.502510084967,9240.736276276952
2026-09-01 09:38:38,7750.0,7760.5,Call GEX 3,GEX,297150.693,7521.502510084967,9240.736276276952
2026-09-01 09:38:38,7750.0,7760.5,Put VEX 3,VEX,-1038582.682,7521.502510084967,9240.736276276952
2026-09-01 09:38:38,7800.0,7810.75,Put DEX 5,DEX,-55.01,7521.502510084967,9240.736276276952
2026-09-01 09:38:38,7800.0,7810.75,Call GEX 1,GEX,530359.83,7521.502510084967,9240.736276276952
2026-09-01 09:38:38,7800.0,7810.75,Put VEX 2,VEX,-1667339.209,7521.502510084967,9240.736276276952
2026-09-01 09:38:38,7850.0,7860.75,Call GEX 4,GEX,283115.389,7521.502510084967,9240.736276276952
2026-09-01 09:38:38,7900.0,7910.75,Call GEX 2,GEX,385767.024,7521.502510084967,9240.736276276952
2026-09-01 09:38:38,7900.0,7910.75,Put VEX 4,VEX,-988954.739,7521.502510084967,9240.736276276952
2026-09-01 09:38:38,7950.0,7960.75,Call GEX 5,GEX,168942.564,7521.502510084967,9240.736276276952
2026-09-01 09:38:38,8000.0,8011.0,Put CEX 1,CEX,-3148611.954,7521.502510084967,9240.736276276952
2026-09-01 09:38:38,8000.0,8011.0,Put DEX 1,DEX,-2527.4,7521.502510084967,9240.736276276952
2026-09-01 09:38:38,8000.0,8011.0,Put GEX 3,GEX,-381525.733,7521.502510084967,9240.736276276952
2026-09-01 09:38:38,8000.0,8011.0,Put VEX 1,VEX,-10348886.689,7521.502510084967,9240.736276276952
2026-09-01 09:39:25,7000.0,7009.25,Call CEX 3,CEX,1407508.965,7526.817643325816,9238.267192566036
2026-09-01 09:39:25,7000.0,7009.25,Call DEX 1,DEX,886.035,7526.817643325816,9238.267192566036
2026-09-01 09:39:25,7000.0,7009.25,Put GEX 1,GEX,-710878.405,7526.817643325816,9238.267192566036
2026-09-01 09:39:25,7000.0,7009.25,Call VEX 1,VEX,6422942.19,7526.817643325816,9238.267192566036
2026-09-01 09:39:25,7300.0,7309.75,Call DEX 2,DEX,265.671,7526.817643325816,9238.267192566036
2026-09-01 09:39:25,7300.0,7309.75,Call VEX 5,VEX,1568933.837,7526.817643325816,9238.267192566036
2026-09-01 09:39:25,7400.0,7410.0,Call DEX 3,DEX,211.989,7526.817643325816,9238.267192566036
2026-09-01 09:39:25,7400.0,7410.0,Call VEX 3,VEX,2108443.185,7526.817643325816,9238.267192566036
2026-09-01 09:39:25,7450.0,7460.0,Call DEX 4,DEX,209.355,7526.817643325816,9238.267192566036
2026-09-01 09:39:25,7450.0,7460.0,Call VEX 4,VEX,1866020.101,7526.817643325816,9238.267192566036
2026-09-01 09:39:25,7500.0,7510.0,Call CEX 2,CEX,1429037.152,7526.817643325816,9238.267192566036
2026-09-01 09:39:25,7500.0,7510.0,Call DEX 5,DEX,164.588,7526.817643325816,9238.267192566036
2026-09-01 09:39:25,7500.0,7510.0,Put GEX 2,GEX,-566586.727,7526.817643325816,9238.267192566036
2026-09-01 09:39:25,7500.0,7510.0,Call VEX 2,VEX,2969418.008,7526.817643325816,9238.267192566036
2026-09-01 09:39:25,7515.0,7525.0,Call CEX 5,CEX,1285027.921,7526.817643325816,9238.267192566036
2026-09-01 09:39:25,7550.0,7560.0,Put GEX 4,GEX,-365256.364,7526.817643325816,9238.267192566036
2026-09-01 09:39:25,7600.0,7610.25,Call CEX 1,CEX,1979653.576,7526.817643325816,9238.267192566036
2026-09-01 09:39:25,7625.0,7635.25,Call CEX 4,CEX,1295329.311,7526.817643325816,9238.267192566036
2026-09-01 09:39:25,7650.0,7660.25,Put CEX 3,CEX,-1671402.369,7526.817643325816,9238.267192566036
2026-09-01 09:39:25,7650.0,7660.25,Put DEX 5,DEX,-54.489,7526.817643325816,9238.267192566036
2026-09-01 09:39:25,7650.0,7660.25,Put GEX 5,GEX,-339982.987,7526.817643325816,9238.267192566036
2026-09-01 09:39:25,7675.0,7685.25,Put CEX 2,CEX,-1887134.709,7526.817643325816,9238.267192566036
2026-09-01 09:39:25,7700.0,7710.25,Put CEX 4,CEX,-1623717.184,7526.817643325816,9238.267192566036
2026-09-01 09:39:25,7700.0,7710.25,Put DEX 2,DEX,-174.555,7526.817643325816,9238.267192566036
2026-09-01 09:39:25,7700.0,7710.25,Put VEX 5,VEX,-816439.454,7526.817643325816,9238.267192566036
2026-09-01 09:39:25,7750.0,7760.25,Put CEX 5,CEX,-1268849.577,7526.817643325816,9238.267192566036
2026-09-01 09:39:25,7750.0,7760.25,Put DEX 3,DEX,-79.982,7526.817643325816,9238.267192566036
2026-09-01 09:39:25,7750.0,7760.25,Call GEX 3,GEX,296107.909,7526.817643325816,9238.267192566036
2026-09-01 09:39:25,7750.0,7760.25,Put VEX 3,VEX,-1040656.387,7526.817643325816,9238.267192566036
2026-09-01 09:39:25,7800.0,7810.5,Put DEX 4,DEX,-57.197,7526.817643325816,9238.267192566036
2026-09-01 09:39:25,7800.0,7810.5,Call GEX 1,GEX,532867.299,7526.817643325816,9238.267192566036
2026-09-01 09:39:25,7800.0,7810.5,Put VEX 2,VEX,-1666523.352,7526.817643325816,9238.267192566036
2026-09-01 09:39:25,7850.0,7860.5,Call GEX 4,GEX,283467.956,7526.817643325816,9238.267192566036
2026-09-01 09:39:25,7900.0,7910.5,Call GEX 2,GEX,386533.853,7526.817643325816,9238.267192566036
2026-09-01 09:39:25,7900.0,7910.5,Put VEX 4,VEX,-988857.814,7526.817643325816,9238.267192566036
2026-09-01 09:39:25,7950.0,7960.5,Call GEX 5,GEX,169162.788,7526.817643325816,9238.267192566036
2026-09-01 09:39:25,8000.0,8010.75,Put CEX 1,CEX,-3149840.362,7526.817643325816,9238.267192566036
2026-09-01 09:39:25,8000.0,8010.75,Put DEX 1,DEX,-2524.712,7526.817643325816,9238.267192566036
2026-09-01 09:39:25,8000.0,8010.75,Put GEX 3,GEX,-391691.136,7526.817643325816,9238.267192566036
2026-09-01 09:39:25,8000.0,8010.75,Put VEX 1,VEX,-10349950.777,7526.817643325816,9238.267192566036
2026-09-01 09:40:12,7000.0,7009.25,Call CEX 2,CEX,1391551.399,7520.172632541604,9241.738916460808
2026-09-01 09:40:12,7000.0,7009.25,Call DEX 1,DEX,883.423,7520.172632541604,9241.738916460808
2026-09-01 09:40:12,7000.0,7009.25,Put GEX 1,GEX,-729128.312,7520.172632541604,9241.738916460808
2026-09-01 09:40:12,7000.0,7009.25,Call VEX 1,VEX,6281306.118,7520.172632541604,9241.738916460808
2026-09-01 09:40:12,7300.0,7309.75,Call DEX 2,DEX,265.67,7520.172632541604,9241.738916460808
2026-09-01 09:40:12,7300.0,7309.75,Call VEX 5,VEX,1576499.943,7520.172632541604,9241.738916460808
2026-09-01 09:40:12,7400.0,7409.75,Call DEX 4,DEX,211.551,7520.172632541604,9241.738916460808
2026-09-01 09:40:12,7400.0,7409.75,Call VEX 3,VEX,2109169.241,7520.172632541604,9241.738916460808
2026-09-01 09:40:12,7450.0,7460.0,Call DEX 3,DEX,214.731,7520.172632541604,9241.738916460808
2026-09-01 09:40:12,7450.0,7460.0,Call VEX 4,VEX,1868862.524,7520.172632541604,9241.738916460808
2026-09-01 09:40:12,7500.0,7510.0,Call CEX 4,CEX,1349965.478,7520.172632541604,9241.738916460808
2026-09-01 09:40:12,7500.0,7510.0,Call DEX 5,DEX,166.337,7520.172632541604,9241.738916460808
2026-09-01 09:40:12,7500.0,7510.0,Put GEX 2,GEX,-563448.978,7520.172632541604,9241.738916460808
2026-09-01 09:40:12,7500.0,7510.0,Call VEX 2,VEX,2972446.442,7520.172632541604,9241.738916460808
2026-09-01 09:40:12,7515.0,7525.0,Call CEX 5,CEX,1290634.27,7520.172632541604,9241.738916460808
2026-09-01 09:40:12,7550.0,7560.0,Put GEX 4,GEX,-364324.759,7520.172632541604,9241.738916460808
2026-09-01 09:40:12,7600.0,7610.0,Call CEX 1,CEX,1976005.561,7520.172632541604,9241.738916460808
2026-09-01 09:40:12,7625.0,7635.25,Call CEX 3,CEX,1367146.515,7520.172632541604,9241.738916460808
2026-09-01 09:40:12,7650.0,7660.25,Put CEX 2,CEX,-1642581.102,7520.172632541604,9241.738916460808
2026-09-01 09:40:12,7650.0,7660.25,Put DEX 5,DEX,-53.195,7520.172632541604,9241.738916460808
2026-09-01 09:40:12,7650.0,7660.25,Put GEX 5,GEX,-357197.849,7520.172632541604,9241.738916460808
2026-09-01 09:40:12,7675.0,7685.25,Put CEX 3,CEX,-1603187.412,7520.172632541604,9241.738916460808
2026-09-01 09:40:12,7700.0,7710.25,Put CEX 4,CEX,-1319235.496,7520.172632541604,9241.738916460808
2026-09-01 09:40:12,7700.0,7710.25,Put DEX 2,DEX,-159.702,7520.172632541604,9241.738916460808
2026-09-01 09:40:12,7700.0,7710.25,Put VEX 5,VEX,-793848.63,7520.172632541604,9241.738916460808
2026-09-01 09:40:12,7750.0,7760.25,Put CEX 5,CEX,-1161518.515,7520.172632541604,9241.738916460808
2026-09-01 09:40:12,7750.0,7760.25,Put DEX 3,DEX,-72.746,7520.172632541604,9241.738916460808
2026-09-01 09:40:12,7750.0,7760.25,Call GEX 3,GEX,302428.769,7520.172632541604,9241.738916460808
2026-09-01 09:40:12,7750.0,7760.25,Put VEX 3,VEX,-1031876.081,7520.172632541604,9241.738916460808
2026-09-01 09:40:12,7800.0,7810.25,Put DEX 4,DEX,-53.77,7520.172632541604,9241.738916460808
2026-09-01 09:40:12,7800.0,7810.25,Call GEX 1,GEX,536660.207,7520.172632541604,9241.738916460808
2026-09-01 09:40:12,7800.0,7810.25,Put VEX 2,VEX,-1661534.686,7520.172632541604,9241.738916460808
2026-09-01 09:40:12,7850.0,7860.5,Call GEX 4,GEX,284908.055,7520.172632541604,9241.738916460808
2026-09-01 09:40:12,7900.0,7910.5,Call GEX 2,GEX,387971.769,7520.172632541604,9241.738916460808
2026-09-01 09:40:12,7900.0,7910.5,Put VEX 4,VEX,-989284.283,7520.172632541604,9241.738916460808
2026-09-01 09:40:12,7950.0,7960.5,Call GEX 5,GEX,169787.056,7520.172632541604,9241.738916460808
2026-09-01 09:40:12,8000.0,8010.75,Put CEX 1,CEX,-3157097.607,7520.172632541604,9241.738916460808
2026-09-01 09:40:12,8000.0,8010.75,Put DEX 1,DEX,-2522.851,7520.172632541604,9241.738916460808
2026-09-01 09:40:12,8000.0,8010.75,Put GEX 3,GEX,-389701.917,7520.172632541604,9241.738916460808
2026-09-01 09:40:12,8000.0,8010.75,Put VEX 1,VEX,-10349022.066,7520.172632541604,9241.738916460808
2026-09-01 09:40:59,7000.0,7009.5,Call CEX 3,CEX,1391531.999,7520.565682433605,9245.01891893186
2026-09-01 09:40:59,7000.0,7009.5,Call DEX 1,DEX,891.041,7520.565682433605,9245.01891893186
2026-09-01 09:40:59,7000.0,7009.5,Put GEX 1,GEX,-730839.048,7520.565682433605,9245.01891893186
2026-09-01 09:40:59,7000.0,7009.5,Call VEX 1,VEX,6276954.135,7520.565682433605,9245.01891893186
2026-09-01 09:40:59,7300.0,7310.0,Call DEX 2,DEX,265.099,7520.565682433605,9245.01891893186
2026-09-01 09:40:59,7300.0,7310.0,Call VEX 5,VEX,1587699.783,7520.565682433605,9245.01891893186
2026-09-01 09:40:59,7400.0,7410.25,Call DEX 4,DEX,212.296,7520.565682433605,9245.01891893186
2026-09-01 09:40:59,7400.0,7410.25,Call VEX 3,VEX,2112005.88,7520.565682433605,9245.01891893186
2026-09-01 09:40:59,7450.0,7460.25,Call DEX 3,DEX,219.871,7520.565682433605,9245.01891893186
2026-09-01 09:40:59,7450.0,7460.25,Call VEX 4,VEX,1872316.643,7520.565682433605,9245.01891893186
2026-09-01 09:40:59,7500.0,7510.25,Call CEX 2,CEX,1456278.455,7520.565682433605,9245.01891893186
2026-09-01 09:40:59,7500.0,7510.25,Call DEX 5,DEX,164.818,7520.565682433605,9245.01891893186
2026-09-01 09:40:59,7500.0,7510.25,Put GEX 2,GEX,-566848.338,7520.565682433605,9245.01891893186
2026-09-01 09:40:59,7500.0,7510.25,Call VEX 2,VEX,2972273.142,7520.565682433605,9245.01891893186
2026-09-01 09:40:59,7515.0,7525.25,Call CEX 5,CEX,1302461.232,7520.565682433605,9245.01891893186
2026-09-01 09:40:59,7550.0,7560.25,Put GEX 4,GEX,-368182.151,7520.565682433605,9245.01891893186
2026-09-01 09:40:59,7600.0,7610.5,Call CEX 1,CEX,2016502.77,7520.565682433605,9245.01891893186
2026-09-01 09:40:59,7625.0,7635.5,Call CEX 4,CEX,1317995.835,7520.565682433605,9245.01891893186
2026-09-01 09:40:59,7650.0,7660.5,Put CEX 2,CEX,-1742812.109,7520.565682433605,9245.01891893186
2026-09-01 09:40:59,7650.0,7660.5,Put DEX 5,DEX,-54.953,7520.565682433605,9245.01891893186
2026-09-01 09:40:59,7650.0,7660.5,Put GEX 5,GEX,-363533.13,7520.565682433605,9245.01891893186
2026-09-01 09:40:59,7675.0,7685.5,Put CEX 5,CEX,-1126438.695,7520.565682433605,9245.01891893186
2026-09-01 09:40:59,7700.0,7710.5,Put CEX 3,CEX,-1320754.437,7520.565682433605,9245.01891893186
2026-09-01 09:40:59,7700.0,7710.5,Put DEX 2,DEX,-162.139,7520.565682433605,9245.01891893186
2026-09-01 09:40:59,7700.0,7710.5,Put VEX 5,VEX,-809245.75,7520.565682433605,9245.01891893186
2026-09-01 09:40:59,7750.0,7760.75,Put CEX 4,CEX,-1155182.277,7520.565682433605,9245.01891893186
2026-09-01 09:40:59,7750.0,7760.75,Put DEX 3,DEX,-74.297,7520.565682433605,9245.01891893186
2026-09-01 09:40:59,7750.0,7760.75,Call GEX 3,GEX,300882.811,7520.565682433605,9245.01891893186
2026-09-01 09:40:59,7750.0,7760.75,Put VEX 3,VEX,-1037424.358,7520.565682433605,9245.01891893186
2026-09-01 09:40:59,7800.0,7810.75,Put DEX 4,DEX,-55.524,7520.565682433605,9245.01891893186
2026-09-01 09:40:59,7800.0,7810.75,Call GEX 1,GEX,533566.982,7520.565682433605,9245.01891893186
2026-09-01 09:40:59,7800.0,7810.75,Put VEX 2,VEX,-1667741.892,7520.565682433605,9245.01891893186
2026-09-01 09:40:59,7850.0,7860.75,Call GEX 4,GEX,284112.554,7520.565682433605,9245.01891893186
2026-09-01 09:40:59,7900.0,7910.75,Call GEX 2,GEX,385078.577,7520.565682433605,9245.01891893186
2026-09-01 09:40:59,7900.0,7910.75,Put VEX 4,VEX,-984820.153,7520.565682433605,9245.01891893186
2026-09-01 09:40:59,7950.0,7961.0,Call GEX 5,GEX,169087.73,7520.565682433605,9245.01891893186
2026-09-01 09:40:59,8000.0,8011.0,Put CEX 1,CEX,-3133149.319,7520.565682433605,9245.01891893186
2026-09-01 09:40:59,8000.0,8011.0,Put DEX 1,DEX,-2530.757,7520.565682433605,9245.01891893186
2026-09-01 09:40:59,8000.0,8011.0,Put GEX 3,GEX,-383389.107,7520.565682433605,9245.01891893186
2026-09-01 09:40:59,8000.0,8011.0,Put VEX 1,VEX,-10319195.272,7520.565682433605,9245.01891893186
2026-09-01 09:41:46,7000.0,7009.75,Call CEX 3,CEX,1404068.463,7520.151298079008,9241.77515360216
2026-09-01 09:41:46,7000.0,7009.75,Call DEX 1,DEX,887.497,7520.151298079008,9241.77515360216
2026-09-01 09:41:46,7000.0,7009.75,Put GEX 1,GEX,-701811.676,7520.151298079008,9241.77515360216
2026-09-01 09:41:46,7000.0,7009.75,Call VEX 1,VEX,6430341.765,7520.151298079008,9241.77515360216
2026-09-01 09:41:46,7300.0,7310.25,Call DEX 2,DEX,265.683,7520.151298079008,9241.77515360216
2026-09-01 09:41:46,7300.0,7310.25,Call VEX 5,VEX,1580169.814,7520.151298079008,9241.77515360216
2026-09-01 09:41:46,7400.0,7410.25,Call DEX 4,DEX,214.186,7520.151298079008,9241.77515360216
2026-09-01 09:41:46,7400.0,7410.25,Call VEX 3,VEX,2110421.428,7520.151298079008,9241.77515360216
2026-09-01 09:41:46,7450.0,7460.25,Call DEX 3,DEX,220.853,7520.151298079008,9241.77515360216
2026-09-01 09:41:46,7450.0,7460.25,Call VEX 4,VEX,1873104.887,7520.151298079008,9241.77515360216
2026-09-01 09:41:46,7500.0,7510.5,Call CEX 2,CEX,1408544.063,7520.151298079008,9241.77515360216
2026-09-01 09:41:46,7500.0,7510.5,Call DEX 5,DEX,167.608,7520.151298079008,9241.77515360216
2026-09-01 09:41:46,7500.0,7510.5,Put GEX 2,GEX,-564899.878,7520.151298079008,9241.77515360216
2026-09-01 09:41:46,7500.0,7510.5,Call VEX 2,VEX,2979870.706,7520.151298079008,9241.77515360216
2026-09-01 09:41:46,7515.0,7525.5,Call CEX 5,CEX,1296718.033,7520.151298079008,9241.77515360216
2026-09-01 09:41:46,7550.0,7560.5,Put GEX 4,GEX,-365795.117,7520.151298079008,9241.77515360216
2026-09-01 09:41:46,7600.0,7610.5,Call CEX 1,CEX,1983544.521,7520.151298079008,9241.77515360216
2026-09-01 09:41:46,7625.0,7635.5,Call CEX 4,CEX,1386306.229,7520.151298079008,9241.77515360216
2026-09-01 09:41:46,7650.0,7660.75,Put CEX 2,CEX,-1669315.195,7520.151298079008,9241.77515360216
2026-09-01 09:41:46,7650.0,7660.75,Put DEX 5,DEX,-53.211,7520.151298079008,9241.77515360216
2026-09-01 09:41:46,7650.0,7660.75,Put GEX 5,GEX,-363470.249,7520.151298079008,9241.77515360216
2026-09-01 09:41:46,7675.0,7685.75,Put CEX 3,CEX,-1370071.17,7520.151298079008,9241.77515360216
2026-09-01 09:41:46,7700.0,7710.75,Put CEX 4,CEX,-1323895.168,7520.151298079008,9241.77515360216
2026-09-01 09:41:46,7700.0,7710.75,Put DEX 2,DEX,-160.103,7520.151298079008,9241.77515360216
2026-09-01 09:41:46,7700.0,7710.75,Put VEX 5,VEX,-795757.398,7520.151298079008,9241.77515360216
2026-09-01 09:41:46,7750.0,7760.75,Put CEX 5,CEX,-1163171.091,7520.151298079008,9241.77515360216
2026-09-01 09:41:46,7750.0,7760.75,Put DEX 3,DEX,-73.191,7520.151298079008,9241.77515360216
2026-09-01 09:41:46,7750.0,7760.75,Call GEX 3,GEX,301444.484,7520.151298079008,9241.77515360216
2026-09-01 09:41:46,7750.0,7760.75,Put VEX 3,VEX,-1033958.147,7520.151298079008,9241.77515360216
2026-09-01 09:41:46,7800.0,7810.75,Put DEX 4,DEX,-54.477,7520.151298079008,9241.77515360216
2026-09-01 09:41:46,7800.0,7810.75,Call GEX 1,GEX,535960.504,7520.151298079008,9241.77515360216
2026-09-01 09:41:46,7800.0,7810.75,Put VEX 2,VEX,-1665059.359,7520.151298079008,9241.77515360216
2026-09-01 09:41:46,7850.0,7861.0,Call GEX 4,GEX,284723.919,7520.151298079008,9241.77515360216
2026-09-01 09:41:46,7900.0,7911.0,Call GEX 2,GEX,385164.148,7520.151298079008,9241.77515360216
2026-09-01 09:41:46,7900.0,7911.0,Put VEX 4,VEX,-982285.262,7520.151298079008,9241.77515360216
2026-09-01 09:41:46,7950.0,7961.0,Call GEX 5,GEX,169387.586,7520.151298079008,9241.77515360216
2026-09-01 09:41:46,8000.0,8011.0,Put CEX 1,CEX,-3151421.662,7520.151298079008,9241.77515360216
2026-09-01 09:41:46,8000.0,8011.0,Put DEX 1,DEX,-2528.693,7520.151298079008,9241.77515360216
2026-09-01 09:41:46,8000.0,8011.0,Put GEX 3,GEX,-389215.714,7520.151298079008,9241.77515360216
2026-09-01 09:41:46,8000.0,8011.0,Put VEX 1,VEX,-10343110.2,7520.151298079008,9241.77515360216
2026-09-01 09:42:34,7000.0,7009.25,Call CEX 4,CEX,1340343.297,7520.519321015316,9244.08216826529
2026-09-01 09:42:34,7000.0,7009.25,Put DEX 3,DEX,-96.029,7520.519321015316,9244.08216826529
2026-09-01 09:42:34,7000.0,7009.25,Put GEX 1,GEX,-782303.15,7520.519321015316,9244.08216826529
2026-09-01 09:42:34,7000.0,7009.25,Call VEX 1,VEX,5852484.501,7520.519321015316,9244.08216826529
2026-09-01 09:42:34,7300.0,7309.75,Call DEX 1,DEX,266.684,7520.519321015316,9244.08216826529
2026-09-01 09:42:34,7300.0,7309.75,Call VEX 5,VEX,1572333.857,7520.519321015316,9244.08216826529
2026-09-01 09:42:34,7400.0,7409.75,Call DEX 3,DEX,214.885,7520.519321015316,9244.08216826529
2026-09-01 09:42:34,7400.0,7409.75,Call VEX 3,VEX,2109929.584,7520.519321015316,9244.08216826529
2026-09-01 09:42:34,7450.0,7459.75,Call DEX 2,DEX,222.025,7520.519321015316,9244.08216826529
2026-09-01 09:42:34,7450.0,7459.75,Call VEX 4,VEX,1871478.754,7520.519321015316,9244.08216826529
2026-09-01 09:42:34,7500.0,7510.0,Call CEX 3,CEX,1347088.518,7520.519321015316,9244.08216826529
2026-09-01 09:42:34,7500.0,7510.0,Call DEX 4,DEX,168.596,7520.519321015316,9244.08216826529
2026-09-01 09:42:34,7500.0,7510.0,Put GEX 2,GEX,-560682.401,7520.519321015316,9244.08216826529
2026-09-01 09:42:34,7500.0,7510.0,Call VEX 2,VEX,2980408.458,7520.519321015316,9244.08216826529
2026-09-01 09:42:34,7550.0,7560.0,Call CEX 5,CEX,1209767.545,7520.519321015316,9244.08216826529
2026-09-01 09:42:34,7550.0,7560.0,Put GEX 4,GEX,-362718.005,7520.519321015316,9244.08216826529
2026-09-01 09:42:34,7600.0,7610.0,Call CEX 1,CEX,1961332.498,7520.519321015316,9244.08216826529
2026-09-01 09:42:34,7600.0,7610.0,Call DEX 5,DEX,102.247,7520.519321015316,9244.08216826529
2026-09-01 09:42:34,7625.0,7635.0,Call CEX 2,CEX,1415685.022,7520.519321015316,9244.08216826529
2026-09-01 09:42:34,7650.0,7660.25,Put CEX 3,CEX,-1641334.663,7520.519321015316,9244.08216826529
2026-09-01 09:42:34,7650.0,7660.25,Put GEX 5,GEX,-356930.429,7520.519321015316,9244.08216826529
2026-09-01 09:42:34,7675.0,7685.25,Put CEX 2,CEX,-1838613.311,7520.519321015316,9244.08216826529
2026-09-01 09:42:34,7700.0,7710.25,Put CEX 4,CEX,-1324016.092,7520.519321015316,9244.08216826529
2026-09-01 09:42:34,7700.0,7710.25,Put DEX 2,DEX,-159.552,7520.519321015316,9244.08216826529
2026-09-01 09:42:34,7700.0,7710.25,Put VEX 5,VEX,-791689.827,7520.519321015316,9244.08216826529
2026-09-01 09:42:34,7750.0,7760.25,Put CEX 5,CEX,-1193764.659,7520.519321015316,9244.08216826529
2026-09-01 09:42:34,7750.0,7760.25,Put DEX 4,DEX,-79.849,7520.519321015316,9244.08216826529
2026-09-01 09:42:34,7750.0,7760.25,Call GEX 3,GEX,305379.63,7520.519321015316,9244.08216826529
2026-09-01 09:42:34,7750.0,7760.25,Put VEX 3,VEX,-1031836.812,7520.519321015316,9244.08216826529
2026-09-01 09:42:34,7800.0,7810.25,Put DEX 5,DEX,-57.303,7520.519321015316,9244.08216826529
2026-09-01 09:42:34,7800.0,7810.25,Call GEX 1,GEX,539762.409,7520.519321015316,9244.08216826529
2026-09-01 09:42:34,7800.0,7810.25,Put VEX 2,VEX,-1662871.608,7520.519321015316,9244.08216826529
2026-09-01 09:42:34,7850.0,7860.5,Call GEX 4,GEX,285585.057,7520.519321015316,9244.08216826529
2026-09-01 09:42:34,7900.0,7910.5,Call GEX 2,GEX,386309.532,7520.519321015316,9244.08216826529
2026-09-01 09:42:34,7900.0,7910.5,Put VEX 4,VEX,-982464.786,7520.519321015316,9244.08216826529
2026-09-01 09:42:34,7950.0,7960.5,Call GEX 5,GEX,169700.26,7520.519321015316,9244.08216826529
2026-09-01 09:42:34,8000.0,8010.5,Put CEX 1,CEX,-3149339.599,7520.519321015316,9244.08216826529
2026-09-01 09:42:34,8000.0,8010.5,Put DEX 1,DEX,-2520.721,7520.519321015316,9244.08216826529
2026-09-01 09:42:34,8000.0,8010.5,Put GEX 3,GEX,-389727.172,7520.519321015316,9244.08216826529
2026-09-01 09:42:34,8000.0,8010.5,Put VEX 1,VEX,-10345174.611,7520.519321015316,9244.08216826529
2026-09-01 09:43:21,7000.0,7009.25,Call CEX 3,CEX,1426659.159,7527.470811063194,9252.480956697358
2026-09-01 09:43:21,7000.0,7009.25,Call DEX 1,DEX,921.716,7527.470811063194,9252.480956697358
2026-09-01 09:43:21,7000.0,7009.25,Put GEX 1,GEX,-709471.894,7527.470811063194,9252.480956697358
2026-09-01 09:43:21,7000.0,7009.25,Call VEX 1,VEX,6468969.361,7527.470811063194,9252.480956697358
2026-09-01 09:43:21,7300.0,7309.75,Call DEX 2,DEX,263.622,7527.470811063194,9252.480956697358
2026-09-01 09:43:21,7300.0,7309.75,Call VEX 5,VEX,1594518.724,7527.470811063194,9252.480956697358
2026-09-01 09:43:21,7400.0,7409.75,Call DEX 4,DEX,209.557,7527.470811063194,9252.480956697358
2026-09-01 09:43:21,7400.0,7409.75,Call VEX 3,VEX,2110927.153,7527.470811063194,9252.480956697358
2026-09-01 09:43:21,7450.0,7460.0,Call DEX 3,DEX,216.057,7527.470811063194,9252.480956697358
2026-09-01 09:43:21,7450.0,7460.0,Call VEX 4,VEX,1865452.354,7527.470811063194,9252.480956697358
2026-09-01 09:43:21,7500.0,7510.0,Call CEX 2,CEX,1458042.989,7527.470811063194,9252.480956697358
2026-09-01 09:43:21,7500.0,7510.0,Call DEX 5,DEX,157.197,7527.470811063194,9252.480956697358
2026-09-01 09:43:21,7500.0,7510.0,Put GEX 2,GEX,-573847.374,7527.470811063194,9252.480956697358
2026-09-01 09:43:21,7500.0,7510.0,Call VEX 2,VEX,2944001.226,7527.470811063194,9252.480956697358
2026-09-01 09:43:21,7515.0,7525.0,Call CEX 4,CEX,1324905.285,7527.470811063194,9252.480956697358
2026-09-01 09:43:21,7550.0,7560.0,Call CEX 5,CEX,1295564.824,7527.470811063194,9252.480956697358
2026-09-01 09:43:21,7550.0,7560.0,Put GEX 4,GEX,-377876.312,7527.470811063194,9252.480956697358
2026-09-01 09:43:21,7600.0,7610.0,Call CEX 1,CEX,2106481.836,7527.470811063194,9252.480956697358
2026-09-01 09:43:21,7650.0,7660.25,Put CEX 2,CEX,-1899979.224,7527.470811063194,9252.480956697358
2026-09-01 09:43:21,7650.0,7660.25,Put DEX 5,DEX,-60.014,7527.470811063194,9252.480956697358
2026-09-01 09:43:21,7650.0,7660.25,Put GEX 5,GEX,-329311.249,7527.470811063194,9252.480956697358
2026-09-01 09:43:21,7675.0,7685.25,Put CEX 3,CEX,-1560698.407,7527.470811063194,9252.480956697358
2026-09-01 09:43:21,7700.0,7710.25,Put CEX 4,CEX,-1329787.811,7527.470811063194,9252.480956697358
2026-09-01 09:43:21,7700.0,7710.25,Put DEX 2,DEX,-169.778,7527.470811063194,9252.480956697358
2026-09-01 09:43:21,7700.0,7710.25,Put VEX 5,VEX,-861601.661,7527.470811063194,9252.480956697358
2026-09-01 09:43:21,7750.0,7760.25,Put CEX 5,CEX,-1155923.331,7527.470811063194,9252.480956697358
2026-09-01 09:43:21,7750.0,7760.25,Put DEX 3,DEX,-78.558,7527.470811063194,9252.480956697358
2026-09-01 09:43:21,7750.0,7760.25,Call GEX 3,GEX,295565.293,7527.470811063194,9252.480956697358
2026-09-01 09:43:21,7750.0,7760.25,Put VEX 3,VEX,-1058447.83,7527.470811063194,9252.480956697358
2026-09-01 09:43:21,7800.0,7810.25,Put DEX 4,DEX,-60.034,7527.470811063194,9252.480956697358
2026-09-01 09:43:21,7800.0,7810.25,Call GEX 1,GEX,524651.502,7527.470811063194,9252.480956697358
2026-09-01 09:43:21,7800.0,7810.25,Put VEX 2,VEX,-1679587.697,7527.470811063194,9252.480956697358
2026-09-01 09:43:21,7850.0,7860.5,Call GEX 4,GEX,278497.752,7527.470811063194,9252.480956697358
2026-09-01 09:43:21,7900.0,7910.5,Call GEX 2,GEX,378745.144,7527.470811063194,9252.480956697358
2026-09-01 09:43:21,7900.0,7910.5,Put VEX 4,VEX,-977379.932,7527.470811063194,9252.480956697358
2026-09-01 09:43:21,7950.0,7960.5,Call GEX 5,GEX,165935.348,7527.470811063194,9252.480956697358
2026-09-01 09:43:21,8000.0,8010.75,Put CEX 1,CEX,-3114414.947,7527.470811063194,9252.480956697358
2026-09-01 09:43:21,8000.0,8010.75,Put DEX 1,DEX,-2531.875,7527.470811063194,9252.480956697358
2026-09-01 09:43:21,8000.0,8010.75,Put GEX 3,GEX,-396702.414,7527.470811063194,9252.480956697358
2026-09-01 09:43:21,8000.0,8010.75,Put VEX 1,VEX,-10307837.679,7527.470811063194,9252.480956697358
2026-09-01 09:44:09,7000.0,7009.5,Call CEX 3,CEX,1418067.588,7524.066940179378,9246.441086744717
2026-09-01 09:44:09,7000.0,7009.5,Call DEX 1,DEX,919.959,7524.066940179378,9246.441086744717
2026-09-01 09:44:09,7000.0,7009.5,Put GEX 1,GEX,-714292.543,7524.066940179378,9246.441086744717
2026-09-01 09:44:09,7000.0,7009.5,Call VEX 1,VEX,6421065.07,7524.066940179378,9246.441086744717
2026-09-01 09:44:09,7300.0,7310.0,Call DEX 2,DEX,264.687,7524.066940179378,9246.441086744717
2026-09-01 09:44:09,7300.0,7310.0,Call VEX 5,VEX,1587958.622,7524.066940179378,9246.441086744717
2026-09-01 09:44:09,7400.0,7410.0,Call DEX 4,DEX,210.848,7524.066940179378,9246.441086744717
2026-09-01 09:44:09,7400.0,7410.0,Call VEX 3,VEX,2109810.545,7524.066940179378,9246.441086744717
2026-09-01 09:44:09,7450.0,7460.25,Call DEX 3,DEX,217.549,7524.066940179378,9246.441086744717
2026-09-01 09:44:09,7450.0,7460.25,Call VEX 4,VEX,1866316.34,7524.066940179378,9246.441086744717
2026-09-01 09:44:09,7500.0,7510.25,Call CEX 2,CEX,1461559.29,7524.066940179378,9246.441086744717
2026-09-01 09:44:09,7500.0,7510.25,Call DEX 5,DEX,160.079,7524.066940179378,9246.441086744717
2026-09-01 09:44:09,7500.0,7510.25,Put GEX 2,GEX,-570808.56,7524.066940179378,9246.441086744717
2026-09-01 09:44:09,7500.0,7510.25,Call VEX 2,VEX,2954707.856,7524.066940179378,9246.441086744717
2026-09-01 09:44:09,7515.0,7525.25,Call CEX 4,CEX,1323525.282,7524.066940179378,9246.441086744717
2026-09-01 09:44:09,7550.0,7560.25,Call CEX 5,CEX,1225641.08,7524.066940179378,9246.441086744717
2026-09-01 09:44:09,7550.0,7560.25,Put GEX 4,GEX,-371949.364,7524.066940179378,9246.441086744717
2026-09-01 09:44:09,7600.0,7610.25,Call CEX 1,CEX,2076078.315,7524.066940179378,9246.441086744717
2026-09-01 09:44:09,7650.0,7660.5,Put CEX 2,CEX,-1863606.421,7524.066940179378,9246.441086744717
2026-09-01 09:44:09,7650.0,7660.5,Put DEX 5,DEX,-58.334,7524.066940179378,9246.441086744717
2026-09-01 09:44:09,7650.0,7660.5,Put GEX 5,GEX,-340125.666,7524.066940179378,9246.441086744717
2026-09-01 09:44:09,7675.0,7685.5,Put CEX 4,CEX,-1317714.311,7524.066940179378,9246.441086744717
2026-09-01 09:44:09,7700.0,7710.5,Put CEX 3,CEX,-1327202.577,7524.066940179378,9246.441086744717
2026-09-01 09:44:09,7700.0,7710.5,Put DEX 2,DEX,-167.457,7524.066940179378,9246.441086744717
2026-09-01 09:44:09,7700.0,7710.5,Put VEX 5,VEX,-844179.411,7524.066940179378,9246.441086744717
2026-09-01 09:44:09,7750.0,7760.5,Put CEX 5,CEX,-1147138.777,7524.066940179378,9246.441086744717
2026-09-01 09:44:09,7750.0,7760.5,Put DEX 3,DEX,-77.482,7524.066940179378,9246.441086744717
2026-09-01 09:44:09,7750.0,7760.5,Call GEX 3,GEX,299239.763,7524.066940179378,9246.441086744717
2026-09-01 09:44:09,7750.0,7760.5,Put VEX 3,VEX,-1049515.172,7524.066940179378,9246.441086744717
2026-09-01 09:44:09,7800.0,7810.75,Put DEX 4,DEX,-58.805,7524.066940179378,9246.441086744717
2026-09-01 09:44:09,7800.0,7810.75,Call GEX 1,GEX,528269.253,7524.066940179378,9246.441086744717
2026-09-01 09:44:09,7800.0,7810.75,Put VEX 2,VEX,-1674606.045,7524.066940179378,9246.441086744717
2026-09-01 09:44:09,7850.0,7860.75,Call GEX 4,GEX,279963.017,7524.066940179378,9246.441086744717
2026-09-01 09:44:09,7900.0,7910.75,Call GEX 2,GEX,380038.936,7524.066940179378,9246.441086744717
2026-09-01 09:44:09,7900.0,7910.75,Put VEX 4,VEX,-978427.596,7524.066940179378,9246.441086744717
2026-09-01 09:44:09,7950.0,7960.75,Call GEX 5,GEX,166731.765,7524.066940179378,9246.441086744717
2026-09-01 09:44:09,8000.0,8011.0,Put CEX 1,CEX,-3103783.859,7524.066940179378,9246.441086744717
2026-09-01 09:44:09,8000.0,8011.0,Put DEX 1,DEX,-2508.331,7524.066940179378,9246.441086744717
2026-09-01 09:44:09,8000.0,8011.0,Put GEX 3,GEX,-392048.194,7524.066940179378,9246.441086744717
2026-09-01 09:44:09,8000.0,8011.0,Put VEX 1,VEX,-10297053.261,7524.066940179378,9246.441086744717
2026-09-01 09:44:56,7000.0,7009.25,Call CEX 3,CEX,1423201.24,7534.772032780196,9246.652812586688
2026-09-01 09:44:56,7000.0,7009.25,Call DEX 1,DEX,923.457,7534.772032780196,9246.652812586688
2026-09-01 09:44:56,7000.0,7009.25,Put GEX 1,GEX,-717209.383,7534.772032780196,9246.652812586688
2026-09-01 09:44:56,7000.0,7009.25,Call VEX 1,VEX,6417354.82,7534.772032780196,9246.652812586688
2026-09-01 09:44:56,7300.0,7309.5,Call DEX 2,DEX,264.147,7534.772032780196,9246.652812586688
2026-09-01 09:44:56,7300.0,7309.5,Call VEX 5,VEX,1587832.132,7534.772032780196,9246.652812586688
2026-09-01 09:44:56,7400.0,7409.75,Call DEX 4,DEX,208.763,7534.772032780196,9246.652812586688
2026-09-01 09:44:56,7400.0,7409.75,Call VEX 3,VEX,2108058.604,7534.772032780196,9246.652812586688
2026-09-01 09:44:56,7450.0,7459.75,Call DEX 3,DEX,211.151,7534.772032780196,9246.652812586688
2026-09-01 09:44:56,7450.0,7459.75,Call VEX 4,VEX,1859891.61,7534.772032780196,9246.652812586688
2026-09-01 09:44:56,7500.0,7510.0,Call CEX 2,CEX,1443279.13,7534.772032780196,9246.652812586688
2026-09-01 09:44:56,7500.0,7510.0,Call DEX 5,DEX,157.004,7534.772032780196,9246.652812586688
2026-09-01 09:44:56,7500.0,7510.0,Put GEX 2,GEX,-573130.848,7534.772032780196,9246.652812586688
2026-09-01 09:44:56,7500.0,7510.0,Call VEX 2,VEX,2941650.411,7534.772032780196,9246.652812586688
2026-09-01 09:44:56,7515.0,7525.0,Call CEX 4,CEX,1327638.474,7534.772032780196,9246.652812586688
2026-09-01 09:44:56,7550.0,7560.0,Call CEX 5,CEX,1284436.17,7534.772032780196,9246.652812586688
2026-09-01 09:44:56,7550.0,7560.0,Put GEX 4,GEX,-377409.527,7534.772032780196,9246.652812586688
2026-09-01 09:44:56,7600.0,7610.0,Call CEX 1,CEX,2111156.85,7534.772032780196,9246.652812586688
2026-09-01 09:44:56,7650.0,7660.0,Put CEX 3,CEX,-1904060.15,7534.772032780196,9246.652812586688
2026-09-01 09:44:56,7650.0,7660.0,Put DEX 5,DEX,-60.18,7534.772032780196,9246.652812586688
2026-09-01 09:44:56,7650.0,7660.0,Put GEX 5,GEX,-321652.998,7534.772032780196,9246.652812586688
2026-09-01 09:44:56,7675.0,7685.0,Put CEX 2,CEX,-1906574.406,7534.772032780196,9246.652812586688
2026-09-01 09:44:56,7700.0,7710.25,Put CEX 4,CEX,-1661874.584,7534.772032780196,9246.652812586688
2026-09-01 09:44:56,7700.0,7710.25,Put DEX 2,DEX,-183.076,7534.772032780196,9246.652812586688
2026-09-01 09:44:56,7700.0,7710.25,Put VEX 5,VEX,-874094.425,7534.772032780196,9246.652812586688
2026-09-01 09:44:56,7750.0,7760.25,Put CEX 5,CEX,-1260611.723,7534.772032780196,9246.652812586688
2026-09-01 09:44:56,7750.0,7760.25,Put DEX 3,DEX,-85.129,7534.772032780196,9246.652812586688
2026-09-01 09:44:56,7750.0,7760.25,Call GEX 3,GEX,294980.146,7534.772032780196,9246.652812586688
2026-09-01 09:44:56,7750.0,7760.25,Put VEX 3,VEX,-1060892.052,7534.772032780196,9246.652812586688
2026-09-01 09:44:56,7800.0,7810.25,Put DEX 4,DEX,-62.785,7534.772032780196,9246.652812586688
2026-09-01 09:44:56,7800.0,7810.25,Call GEX 1,GEX,524894.775,7534.772032780196,9246.652812586688
2026-09-01 09:44:56,7800.0,7810.25,Put VEX 2,VEX,-1679862.117,7534.772032780196,9246.652812586688
2026-09-01 09:44:56,7850.0,7860.25,Call GEX 4,GEX,278319.134,7534.772032780196,9246.652812586688
2026-09-01 09:44:56,7900.0,7910.5,Call GEX 2,GEX,378608.945,7534.772032780196,9246.652812586688
2026-09-01 09:44:56,7900.0,7910.5,Put VEX 4,VEX,-977262.222,7534.772032780196,9246.652812586688
2026-09-01 09:44:56,7950.0,7960.5,Call GEX 5,GEX,165835.312,7534.772032780196,9246.652812586688
2026-09-01 09:44:56,8000.0,8010.5,Put CEX 1,CEX,-3109761.559,7534.772032780196,9246.652812586688
2026-09-01 09:44:56,8000.0,8010.5,Put DEX 1,DEX,-2504.326,7534.772032780196,9246.652812586688
2026-09-01 09:44:56,8000.0,8010.5,Put GEX 3,GEX,-398548.924,7534.772032780196,9246.652812586688
2026-09-01 09:44:56,8000.0,8010.5,Put VEX 1,VEX,-10315061.512,7534.772032780196,9246.652812586688
2026-09-01 09:45:43,7000.0,7009.75,Call CEX 3,CEX,1460241.581,7528.609038791756,9249.211502562992
2026-09-01 09:45:43,7000.0,7009.75,Call DEX 1,DEX,919.878,7528.609038791756,9249.211502562992
2026-09-01 09:45:43,7000.0,7009.75,Put GEX 1,GEX,-697252.768,7528.609038791756,9249.211502562992
2026-09-01 09:45:43,7000.0,7009.75,Call VEX 1,VEX,6619446.701,7528.609038791756,9249.211502562992
2026-09-01 09:45:43,7300.0,7310.0,Call DEX 2,DEX,261.328,7528.609038791756,9249.211502562992
2026-09-01 09:45:43,7300.0,7310.0,Call VEX 5,VEX,1612672.826,7528.609038791756,9249.211502562992
2026-09-01 09:45:43,7400.0,7410.25,Call DEX 4,DEX,206.376,7528.609038791756,9249.211502562992
2026-09-01 09:45:43,7400.0,7410.25,Call VEX 3,VEX,2110505.594,7528.609038791756,9249.211502562992
2026-09-01 09:45:43,7450.0,7460.25,Call DEX 3,DEX,212.717,7528.609038791756,9249.211502562992
2026-09-01 09:45:43,7450.0,7460.25,Call VEX 4,VEX,1863615.818,7528.609038791756,9249.211502562992
2026-09-01 09:45:43,7500.0,7510.5,Call CEX 2,CEX,1478333.546,7528.609038791756,9249.211502562992
2026-09-01 09:45:43,7500.0,7510.5,Call DEX 5,DEX,151.88,7528.609038791756,9249.211502562992
2026-09-01 09:45:43,7500.0,7510.5,Put GEX 2,GEX,-580121.564,7528.609038791756,9249.211502562992
2026-09-01 09:45:43,7500.0,7510.5,Call VEX 2,VEX,2924341.156,7528.609038791756,9249.211502562992
2026-09-01 09:45:43,7515.0,7525.5,Call CEX 4,CEX,1352385.558,7528.609038791756,9249.211502562992
2026-09-01 09:45:43,7550.0,7560.5,Call CEX 5,CEX,1320480.299,7528.609038791756,9249.211502562992
2026-09-01 09:45:43,7550.0,7560.5,Put GEX 3,GEX,-385298.916,7528.609038791756,9249.211502562992
2026-09-01 09:45:43,7600.0,7610.5,Call CEX 1,CEX,2149366.537,7528.609038791756,9249.211502562992
2026-09-01 09:45:43,7625.0,7635.5,Put GEX 5,GEX,-333833.336,7528.609038791756,9249.211502562992
2026-09-01 09:45:43,7650.0,7660.5,Put CEX 2,CEX,-2038792.972,7528.609038791756,9249.211502562992
2026-09-01 09:45:43,7650.0,7660.5,Put DEX 4,DEX,-64.046,7528.609038791756,9249.211502562992
2026-09-01 09:45:43,7675.0,7685.75,Put CEX 5,CEX,-1092162.993,7528.609038791756,9249.211502562992
2026-09-01 09:45:43,7700.0,7710.75,Put CEX 3,CEX,-1329974.048,7528.609038791756,9249.211502562992
2026-09-01 09:45:43,7700.0,7710.75,Put DEX 2,DEX,-175.212,7528.609038791756,9249.211502562992
2026-09-01 09:45:43,7700.0,7710.75,Put VEX 5,VEX,-894562.092,7528.609038791756,9249.211502562992
2026-09-01 09:45:43,7750.0,7760.75,Put CEX 4,CEX,-1122373.138,7528.609038791756,9249.211502562992
2026-09-01 09:45:43,7750.0,7760.75,Put DEX 3,DEX,-76.7,7528.609038791756,9249.211502562992
2026-09-01 09:45:43,7750.0,7760.75,Call GEX 3,GEX,296593.537,7528.609038791756,9249.211502562992
2026-09-01 09:45:43,7750.0,7760.75,Put VEX 3,VEX,-1062539.544,7528.609038791756,9249.211502562992
2026-09-01 09:45:43,7800.0,7810.75,Put DEX 5,DEX,-62.317,7528.609038791756,9249.211502562992
2026-09-01 09:45:43,7800.0,7810.75,Call GEX 1,GEX,519402.877,7528.609038791756,9249.211502562992
2026-09-01 09:45:43,7800.0,7810.75,Put VEX 2,VEX,-1684351.382,7528.609038791756,9249.211502562992
2026-09-01 09:45:43,7850.0,7860.75,Call GEX 4,GEX,275662.508,7528.609038791756,9249.211502562992
2026-09-01 09:45:43,7900.0,7911.0,Call GEX 2,GEX,374456.374,7528.609038791756,9249.211502562992
2026-09-01 09:45:43,7900.0,7911.0,Put VEX 4,VEX,-975916.785,7528.609038791756,9249.211502562992
2026-09-01 09:45:43,7950.0,7961.0,Call GEX 5,GEX,164311.481,7528.609038791756,9249.211502562992
2026-09-01 09:45:43,8000.0,8011.0,Put CEX 1,CEX,-3079628.952,7528.609038791756,9249.211502562992
2026-09-01 09:45:43,8000.0,8011.0,Put DEX 1,DEX,-2521.716,7528.609038791756,9249.211502562992
2026-09-01 09:45:43,8000.0,8011.0,Put GEX 4,GEX,-383264.476,7528.609038791756,9249.211502562992
2026-09-01 09:45:43,8000.0,8011.0,Put VEX 1,VEX,-10246908.751,7528.609038791756,9249.211502562992
2026-09-01 09:46:33,7000.0,7009.5,Call CEX 3,CEX,1457517.682,7527.851674270326,9246.310397918523
2026-09-01 09:46:33,7000.0,7009.5,Call DEX 1,DEX,914.258,7527.851674270326,9246.310397918523
2026-09-01 09:46:33,7000.0,7009.5,Put GEX 1,GEX,-691222.3,7527.851674270326,9246.310397918523
2026-09-01 09:46:33,7000.0,7009.5,Call VEX 1,VEX,6642246.889,7527.851674270326,9246.310397918523
2026-09-01 09:46:33,7300.0,7310.0,Call DEX 2,DEX,263.131,7527.851674270326,9246.310397918523
2026-09-01 09:46:33,7300.0,7310.0,Call VEX 5,VEX,1597391.001,7527.851674270326,9246.310397918523
2026-09-01 09:46:33,7400.0,7410.0,Call DEX 4,DEX,208.364,7527.851674270326,9246.310397918523
2026-09-01 09:46:33,7400.0,7410.0,Call VEX 3,VEX,2110840.724,7527.851674270326,9246.310397918523
2026-09-01 09:46:33,7450.0,7460.0,Call DEX 3,DEX,215.062,7527.851674270326,9246.310397918523
2026-09-01 09:46:33,7450.0,7460.0,Call VEX 4,VEX,1865255.33,7527.851674270326,9246.310397918523
2026-09-01 09:46:33,7500.0,7510.25,Call CEX 2,CEX,1470095.375,7527.851674270326,9246.310397918523
2026-09-01 09:46:33,7500.0,7510.25,Call DEX 5,DEX,155.8,7527.851674270326,9246.310397918523
2026-09-01 09:46:33,7500.0,7510.25,Put GEX 2,GEX,-576835.569,7527.851674270326,9246.310397918523
2026-09-01 09:46:33,7500.0,7510.25,Call VEX 2,VEX,2938440.679,7527.851674270326,9246.310397918523
2026-09-01 09:46:33,7515.0,7525.25,Call CEX 4,CEX,1344365.789,7527.851674270326,9246.310397918523
2026-09-01 09:46:33,7550.0,7560.25,Call CEX 5,CEX,1278234.794,7527.851674270326,9246.310397918523
2026-09-01 09:46:33,7550.0,7560.25,Put GEX 4,GEX,-379599.499,7527.851674270326,9246.310397918523
2026-09-01 09:46:33,7600.0,7610.25,Call CEX 1,CEX,2127502.256,7527.851674270326,9246.310397918523
2026-09-01 09:46:33,7650.0,7660.25,Put CEX 2,CEX,-1985200.716,7527.851674270326,9246.310397918523
2026-09-01 09:46:33,7650.0,7660.25,Put DEX 4,DEX,-61.589,7527.851674270326,9246.310397918523
2026-09-01 09:46:33,7650.0,7660.25,Put GEX 5,GEX,-336828.421,7527.851674270326,9246.310397918523
2026-09-01 09:46:33,7675.0,7685.5,Put CEX 5,CEX,-1097251.395,7527.851674270326,9246.310397918523
2026-09-01 09:46:33,7700.0,7710.5,Put CEX 3,CEX,-1334488.481,7527.851674270326,9246.310397918523
2026-09-01 09:46:33,7700.0,7710.5,Put DEX 2,DEX,-171.929,7527.851674270326,9246.310397918523
2026-09-01 09:46:33,7700.0,7710.5,Put VEX 5,VEX,-874412.761,7527.851674270326,9246.310397918523
2026-09-01 09:46:33,7750.0,7760.5,Put CEX 4,CEX,-1149906.06,7527.851674270326,9246.310397918523
2026-09-01 09:46:33,7750.0,7760.5,Put DEX 3,DEX,-79.668,7527.851674270326,9246.310397918523
2026-09-01 09:46:33,7750.0,7760.5,Call GEX 3,GEX,292812.945,7527.851674270326,9246.310397918523
2026-09-01 09:46:33,7750.0,7760.5,Put VEX 3,VEX,-1060693.601,7527.851674270326,9246.310397918523
2026-09-01 09:46:33,7800.0,7810.5,Put DEX 5,DEX,-60.979,7527.851674270326,9246.310397918523
2026-09-01 09:46:33,7800.0,7810.5,Call GEX 1,GEX,522031.942,7527.851674270326,9246.310397918523
2026-09-01 09:46:33,7800.0,7810.5,Put VEX 2,VEX,-1680300.64,7527.851674270326,9246.310397918523
2026-09-01 09:46:33,7850.0,7860.75,Call GEX 4,GEX,277213.048,7527.851674270326,9246.310397918523
2026-09-01 09:46:33,7900.0,7910.75,Call GEX 2,GEX,375985.846,7527.851674270326,9246.310397918523
2026-09-01 09:46:33,7900.0,7910.75,Put VEX 4,VEX,-976451.459,7527.851674270326,9246.310397918523
2026-09-01 09:46:33,7950.0,7960.75,Call GEX 5,GEX,165197.161,7527.851674270326,9246.310397918523
2026-09-01 09:46:33,8000.0,8010.75,Put CEX 1,CEX,-3084720.952,7527.851674270326,9246.310397918523
2026-09-01 09:46:33,8000.0,8010.75,Put DEX 1,DEX,-2520.169,7527.851674270326,9246.310397918523
2026-09-01 09:46:33,8000.0,8010.75,Put GEX 3,GEX,-383659.619,7527.851674270326,9246.310397918523
2026-09-01 09:46:33,8000.0,8010.75,Put VEX 1,VEX,-10256720.224,7527.851674270326,9246.310397918523
2026-09-01 09:47:20,7000.0,7009.25,Call CEX 3,CEX,1439042.095,7530.27055851899,9246.697877332786
2026-09-01 09:47:20,7000.0,7009.25,Call DEX 1,DEX,917.53,7530.27055851899,9246.697877332786
2026-09-01 09:47:20,7000.0,7009.25,Put GEX 1,GEX,-695074.636,7530.27055851899,9246.697877332786
2026-09-01 09:47:20,7000.0,7009.25,Call VEX 1,VEX,6575627.625,7530.27055851899,9246.697877332786
2026-09-01 09:47:20,7300.0,7309.75,Call DEX 2,DEX,263.484,7530.27055851899,9246.697877332786
2026-09-01 09:47:20,7300.0,7309.75,Call VEX 5,VEX,1595661.162,7530.27055851899,9246.697877332786
2026-09-01 09:47:20,7400.0,7409.75,Call DEX 4,DEX,208.637,7530.27055851899,9246.697877332786
2026-09-01 09:47:20,7400.0,7409.75,Call VEX 3,VEX,2109079.482,7530.27055851899,9246.697877332786
2026-09-01 09:47:20,7450.0,7459.75,Call DEX 3,DEX,215.958,7530.27055851899,9246.697877332786
2026-09-01 09:47:20,7450.0,7459.75,Call VEX 4,VEX,1863413.716,7530.27055851899,9246.697877332786
2026-09-01 09:47:20,7500.0,7510.0,Call CEX 2,CEX,1459915.851,7530.27055851899,9246.697877332786
2026-09-01 09:47:20,7500.0,7510.0,Call DEX 5,DEX,156.56,7530.27055851899,9246.697877332786
2026-09-01 09:47:20,7500.0,7510.0,Put GEX 2,GEX,-575669.645,7530.27055851899,9246.697877332786
2026-09-01 09:47:20,7500.0,7510.0,Call VEX 2,VEX,2939971.224,7530.27055851899,9246.697877332786
2026-09-01 09:47:20,7515.0,7525.0,Call CEX 4,CEX,1341190.058,7530.27055851899,9246.697877332786
2026-09-01 09:47:20,7550.0,7560.0,Call CEX 5,CEX,1308341.088,7530.27055851899,9246.697877332786
2026-09-01 09:47:20,7550.0,7560.0,Put GEX 4,GEX,-380471.556,7530.27055851899,9246.697877332786
2026-09-01 09:47:20,7600.0,7610.0,Call CEX 1,CEX,2122297.34,7530.27055851899,9246.697877332786
2026-09-01 09:47:20,7650.0,7660.0,Put CEX 2,CEX,-1961565.575,7530.27055851899,9246.697877332786
2026-09-01 09:47:20,7650.0,7660.0,Put DEX 4,DEX,-60.961,7530.27055851899,9246.697877332786
2026-09-01 09:47:20,7650.0,7660.0,Put GEX 5,GEX,-330392.436,7530.27055851899,9246.697877332786
2026-09-01 09:47:20,7675.0,7685.25,Put CEX 3,CEX,-1569230.84,7530.27055851899,9246.697877332786
2026-09-01 09:47:20,7700.0,7710.25,Put CEX 4,CEX,-1337909.997,7530.27055851899,9246.697877332786
2026-09-01 09:47:20,7700.0,7710.25,Put DEX 2,DEX,-171.238,7530.27055851899,9246.697877332786
2026-09-01 09:47:20,7700.0,7710.25,Put VEX 5,VEX,-871026.492,7530.27055851899,9246.697877332786
2026-09-01 09:47:20,7750.0,7760.25,Put CEX 5,CEX,-1158883.563,7530.27055851899,9246.697877332786
2026-09-01 09:47:20,7750.0,7760.25,Put DEX 3,DEX,-79.244,7530.27055851899,9246.697877332786
2026-09-01 09:47:20,7750.0,7760.25,Call GEX 3,GEX,293309.595,7530.27055851899,9246.697877332786
2026-09-01 09:47:20,7750.0,7760.25,Put VEX 3,VEX,-1061097.356,7530.27055851899,9246.697877332786
2026-09-01 09:47:20,7800.0,7810.25,Put DEX 5,DEX,-60.633,7530.27055851899,9246.697877332786
2026-09-01 09:47:20,7800.0,7810.25,Call GEX 1,GEX,521981.271,7530.27055851899,9246.697877332786
2026-09-01 09:47:20,7800.0,7810.25,Put VEX 2,VEX,-1681876.333,7530.27055851899,9246.697877332786
2026-09-01 09:47:20,7850.0,7860.5,Call GEX 4,GEX,277554.107,7530.27055851899,9246.697877332786
2026-09-01 09:47:20,7900.0,7910.5,Call GEX 2,GEX,376713.937,7530.27055851899,9246.697877332786
2026-09-01 09:47:20,7900.0,7910.5,Put VEX 4,VEX,-976104.746,7530.27055851899,9246.697877332786
2026-09-01 09:47:20,7950.0,7960.5,Call GEX 5,GEX,165349.22,7530.27055851899,9246.697877332786
2026-09-01 09:47:20,8000.0,8010.5,Put CEX 1,CEX,-3102312.75,7530.27055851899,9246.697877332786
2026-09-01 09:47:20,8000.0,8010.5,Put DEX 1,DEX,-2537.618,7530.27055851899,9246.697877332786
2026-09-01 09:47:20,8000.0,8010.5,Put GEX 3,GEX,-390782.027,7530.27055851899,9246.697877332786
2026-09-01 09:47:20,8000.0,8010.5,Put VEX 1,VEX,-10284607.889,7530.27055851899,9246.697877332786
2026-09-01 09:48:07,7000.0,7009.5,Call CEX 3,CEX,1406425.078,7529.076651666143,9242.663015563205
2026-09-01 09:48:07,7000.0,7009.5,Call DEX 1,DEX,926.683,7529.076651666143,9242.663015563205
2026-09-01 09:48:07,7000.0,7009.5,Put GEX 1,GEX,-728385.058,7529.076651666143,9242.663015563205
2026-09-01 09:48:07,7000.0,7009.5,Call VEX 1,VEX,6328109.685,7529.076651666143,9242.663015563205
2026-09-01 09:48:07,7300.0,7310.0,Call DEX 2,DEX,264.483,7529.076651666143,9242.663015563205
2026-09-01 09:48:07,7300.0,7310.0,Call VEX 5,VEX,1588803.436,7529.076651666143,9242.663015563205
2026-09-01 09:48:07,7400.0,7410.0,Call DEX 4,DEX,209.699,7529.076651666143,9242.663015563205
2026-09-01 09:48:07,7400.0,7410.0,Call VEX 3,VEX,2109635.435,7529.076651666143,9242.663015563205
2026-09-01 09:48:07,7450.0,7460.0,Call DEX 3,DEX,217.276,7529.076651666143,9242.663015563205
2026-09-01 09:48:07,7450.0,7460.0,Call VEX 4,VEX,1865068.066,7529.076651666143,9242.663015563205
2026-09-01 09:48:07,7500.0,7510.25,Call CEX 2,CEX,1458659.254,7529.076651666143,9242.663015563205
2026-09-01 09:48:07,7500.0,7510.25,Call DEX 5,DEX,159.331,7529.076651666143,9242.663015563205
2026-09-01 09:48:07,7500.0,7510.25,Put GEX 2,GEX,-571585.785,7529.076651666143,9242.663015563205
2026-09-01 09:48:07,7500.0,7510.25,Call VEX 2,VEX,2949450.029,7529.076651666143,9242.663015563205
2026-09-01 09:48:07,7515.0,7525.25,Call CEX 4,CEX,1337957.347,7529.076651666143,9242.663015563205
2026-09-01 09:48:07,7550.0,7560.25,Call CEX 5,CEX,1227142.291,7529.076651666143,9242.663015563205
2026-09-01 09:48:07,7550.0,7560.25,Put GEX 4,GEX,-372764.684,7529.076651666143,9242.663015563205
2026-09-01 09:48:07,7600.0,7610.25,Call CEX 1,CEX,2090788.928,7529.076651666143,9242.663015563205
2026-09-01 09:48:07,7650.0,7660.5,Put CEX 2,CEX,-1916315.433,7529.076651666143,9242.663015563205
2026-09-01 09:48:07,7650.0,7660.5,Put DEX 5,DEX,-59.181,7529.076651666143,9242.663015563205
2026-09-01 09:48:07,7650.0,7660.5,Put GEX 5,GEX,-334199.738,7529.076651666143,9242.663015563205
2026-09-01 09:48:07,7675.0,7685.5,Put CEX 3,CEX,-1755403.31,7529.076651666143,9242.663015563205
2026-09-01 09:48:07,7700.0,7710.5,Put CEX 4,CEX,-1445925.993,7529.076651666143,9242.663015563205
2026-09-01 09:48:07,7700.0,7710.5,Put DEX 2,DEX,-181.88,7529.076651666143,9242.663015563205
2026-09-01 09:48:07,7700.0,7710.5,Put VEX 5,VEX,-856457.482,7529.076651666143,9242.663015563205
2026-09-01 09:48:07,7750.0,7760.5,Put CEX 5,CEX,-1160893.191,7529.076651666143,9242.663015563205
2026-09-01 09:48:07,7750.0,7760.5,Put DEX 3,DEX,-77.915,7529.076651666143,9242.663015563205
2026-09-01 09:48:07,7750.0,7760.5,Call GEX 3,GEX,297997.675,7529.076651666143,9242.663015563205
2026-09-01 09:48:07,7750.0,7760.5,Put VEX 3,VEX,-1054259.952,7529.076651666143,9242.663015563205
2026-09-01 09:48:07,7800.0,7810.5,Put DEX 4,DEX,-59.42,7529.076651666143,9242.663015563205
2026-09-01 09:48:07,7800.0,7810.5,Call GEX 1,GEX,528078.944,7529.076651666143,9242.663015563205
2026-09-01 09:48:07,7800.0,7810.5,Put VEX 2,VEX,-1675779.484,7529.076651666143,9242.663015563205
2026-09-01 09:48:07,7850.0,7860.75,Call GEX 4,GEX,279132.099,7529.076651666143,9242.663015563205
2026-09-01 09:48:07,7900.0,7910.75,Call GEX 2,GEX,378626.284,7529.076651666143,9242.663015563205
2026-09-01 09:48:07,7900.0,7910.75,Put VEX 4,VEX,-977445.293,7529.076651666143,9242.663015563205
2026-09-01 09:48:07,7950.0,7960.75,Call GEX 5,GEX,166196.541,7529.076651666143,9242.663015563205
2026-09-01 09:48:07,8000.0,8010.75,Put CEX 1,CEX,-3123659.143,7529.076651666143,9242.663015563205
2026-09-01 09:48:07,8000.0,8010.75,Put DEX 1,DEX,-2529.7,7529.076651666143,9242.663015563205
2026-09-01 09:48:07,8000.0,8010.75,Put GEX 3,GEX,-395612.651,7529.076651666143,9242.663015563205
2026-09-01 09:48:07,8000.0,8010.75,Put VEX 1,VEX,-10308348.345,7529.076651666143,9242.663015563205
2026-09-01 09:48:55,7000.0,7009.25,Call CEX 3,CEX,1416212.204,7530.046043372412,9245.154284302733
2026-09-01 09:48:55,7000.0,7009.25,Call DEX 1,DEX,886.15,7530.046043372412,9245.154284302733
2026-09-01 09:48:55,7000.0,7009.25,Put GEX 1,GEX,-706937.702,7530.046043372412,9245.154284302733
2026-09-01 09:48:55,7000.0,7009.25,Call VEX 1,VEX,6486493.221,7530.046043372412,9245.154284302733
2026-09-01 09:48:55,7300.0,7309.75,Call DEX 2,DEX,263.67,7530.046043372412,9245.154284302733
2026-09-01 09:48:55,7300.0,7309.75,Call VEX 5,VEX,1595502.114,7530.046043372412,9245.154284302733
2026-09-01 09:48:55,7400.0,7409.75,Call DEX 4,DEX,208.622,7530.046043372412,9245.154284302733
2026-09-01 09:48:55,7400.0,7409.75,Call VEX 3,VEX,2109824.035,7530.046043372412,9245.154284302733
2026-09-01 09:48:55,7450.0,7459.75,Call DEX 3,DEX,216.235,7530.046043372412,9245.154284302733
2026-09-01 09:48:55,7450.0,7459.75,Call VEX 4,VEX,1863250.645,7530.046043372412,9245.154284302733
2026-09-01 09:48:55,7500.0,7510.0,Call CEX 2,CEX,1461168.591,7530.046043372412,9245.154284302733
2026-09-01 09:48:55,7500.0,7510.0,Call DEX 5,DEX,157.654,7530.046043372412,9245.154284302733
2026-09-01 09:48:55,7500.0,7510.0,Put GEX 2,GEX,-575324.064,7530.046043372412,9245.154284302733
2026-09-01 09:48:55,7500.0,7510.0,Call VEX 2,VEX,2943682.549,7530.046043372412,9245.154284302733
2026-09-01 09:48:55,7515.0,7525.0,Call CEX 4,CEX,1343063.162,7530.046043372412,9245.154284302733
2026-09-01 09:48:55,7550.0,7560.0,Call CEX 5,CEX,1309115.497,7530.046043372412,9245.154284302733
2026-09-01 09:48:55,7550.0,7560.0,Put GEX 4,GEX,-378069.224,7530.046043372412,9245.154284302733
2026-09-01 09:48:55,7600.0,7610.0,Call CEX 1,CEX,2130211.23,7530.046043372412,9245.154284302733
2026-09-01 09:48:55,7650.0,7660.0,Put CEX 2,CEX,-1956285.47,7530.046043372412,9245.154284302733
2026-09-01 09:48:55,7650.0,7660.0,Put DEX 5,DEX,-60.121,7530.046043372412,9245.154284302733
2026-09-01 09:48:55,7650.0,7660.0,Put GEX 5,GEX,-337267.057,7530.046043372412,9245.154284302733
2026-09-01 09:48:55,7675.0,7685.0,Put CEX 3,CEX,-1625326.638,7530.046043372412,9245.154284302733
2026-09-01 09:48:55,7700.0,7710.25,Put CEX 4,CEX,-1337801.06,7530.046043372412,9245.154284302733
2026-09-01 09:48:55,7700.0,7710.25,Put DEX 2,DEX,-169.926,7530.046043372412,9245.154284302733
2026-09-01 09:48:55,7700.0,7710.25,Put VEX 5,VEX,-861615.922,7530.046043372412,9245.154284302733
2026-09-01 09:48:55,7750.0,7760.25,Put CEX 5,CEX,-1164649.7,7530.046043372412,9245.154284302733
2026-09-01 09:48:55,7750.0,7760.25,Put DEX 3,DEX,-78.679,7530.046043372412,9245.154284302733
2026-09-01 09:48:55,7750.0,7760.25,Call GEX 3,GEX,293629.532,7530.046043372412,9245.154284302733
2026-09-01 09:48:55,7750.0,7760.25,Put VEX 3,VEX,-1058750.125,7530.046043372412,9245.154284302733
2026-09-01 09:48:55,7800.0,7810.25,Put DEX 4,DEX,-60.156,7530.046043372412,9245.154284302733
2026-09-01 09:48:55,7800.0,7810.25,Call GEX 1,GEX,523251.084,7530.046043372412,9245.154284302733
2026-09-01 09:48:55,7800.0,7810.25,Put VEX 2,VEX,-1680257.085,7530.046043372412,9245.154284302733
2026-09-01 09:48:55,7850.0,7860.25,Call GEX 4,GEX,278404.972,7530.046043372412,9245.154284302733
2026-09-01 09:48:55,7900.0,7910.5,Call GEX 2,GEX,377763.082,7530.046043372412,9245.154284302733
2026-09-01 09:48:55,7900.0,7910.5,Put VEX 4,VEX,-977130.585,7530.046043372412,9245.154284302733
2026-09-01 09:48:55,7950.0,7960.5,Call GEX 5,GEX,165685.282,7530.046043372412,9245.154284302733
2026-09-01 09:48:55,8000.0,8010.5,Put CEX 1,CEX,-3120528.177,7530.046043372412,9245.154284302733
2026-09-01 09:48:55,8000.0,8010.5,Put DEX 1,DEX,-2537.064,7530.046043372412,9245.154284302733
2026-09-01 09:48:55,8000.0,8010.5,Put GEX 3,GEX,-392131.608,7530.046043372412,9245.154284302733
2026-09-01 09:48:55,8000.0,8010.5,Put VEX 1,VEX,-10290625.416,7530.046043372412,9245.154284302733
2026-09-01 09:49:41,7000.0,7009.0,Call CEX 3,CEX,1400415.924,7540.277430869984,9241.880262615086
2026-09-01 09:49:41,7000.0,7009.0,Call DEX 1,DEX,887.666,7540.277430869984,9241.880262615086
2026-09-01 09:49:41,7000.0,7009.0,Put GEX 1,GEX,-723956.738,7540.277430869984,9241.880262615086
2026-09-01 09:49:41,7000.0,7009.0,Call VEX 1,VEX,6347209.232,7540.277430869984,9241.880262615086
2026-09-01 09:49:41,7300.0,7309.25,Call DEX 2,DEX,264.246,7540.277430869984,9241.880262615086
2026-09-01 09:49:41,7300.0,7309.25,Call VEX 5,VEX,1582642.509,7540.277430869984,9241.880262615086
2026-09-01 09:49:41,7400.0,7409.5,Call DEX 3,DEX,210.643,7540.277430869984,9241.880262615086
2026-09-01 09:49:41,7400.0,7409.5,Call VEX 3,VEX,2108343.169,7540.277430869984,9241.880262615086
2026-09-01 09:49:41,7450.0,7459.5,Call DEX 4,DEX,207.728,7540.277430869984,9241.880262615086
2026-09-01 09:49:41,7450.0,7459.5,Call VEX 4,VEX,1862268.255,7540.277430869984,9241.880262615086
2026-09-01 09:49:41,7500.0,7509.5,Call CEX 2,CEX,1434062.349,7540.277430869984,9241.880262615086
2026-09-01 09:49:41,7500.0,7509.5,Call DEX 5,DEX,160.639,7540.277430869984,9241.880262615086
2026-09-01 09:49:41,7500.0,7509.5,Put GEX 2,GEX,-571634.475,7540.277430869984,9241.880262615086
2026-09-01 09:49:41,7500.0,7509.5,Call VEX 2,VEX,2954968.835,7540.277430869984,9241.880262615086
2026-09-01 09:49:41,7515.0,7524.5,Call CEX 4,CEX,1324688.784,7540.277430869984,9241.880262615086
2026-09-01 09:49:41,7550.0,7559.5,Call CEX 5,CEX,1244858.563,7540.277430869984,9241.880262615086
2026-09-01 09:49:41,7550.0,7559.5,Put GEX 4,GEX,-371702.614,7540.277430869984,9241.880262615086
2026-09-01 09:49:41,7600.0,7609.75,Call CEX 1,CEX,2090726.399,7540.277430869984,9241.880262615086
2026-09-01 09:49:41,7650.0,7659.75,Put CEX 4,CEX,-1835739.272,7540.277430869984,9241.880262615086
2026-09-01 09:49:41,7650.0,7659.75,Put DEX 5,DEX,-57.275,7540.277430869984,9241.880262615086
2026-09-01 09:49:41,7650.0,7659.75,Put GEX 5,GEX,-329734.269,7540.277430869984,9241.880262615086
2026-09-01 09:49:41,7675.0,7684.75,Put CEX 2,CEX,-2120227.74,7540.277430869984,9241.880262615086
2026-09-01 09:49:41,7700.0,7709.75,Put CEX 3,CEX,-1859354.401,7540.277430869984,9241.880262615086
2026-09-01 09:49:41,7700.0,7709.75,Put DEX 2,DEX,-178.708,7540.277430869984,9241.880262615086
2026-09-01 09:49:41,7700.0,7709.75,Put VEX 5,VEX,-853151.627,7540.277430869984,9241.880262615086
2026-09-01 09:49:41,7750.0,7759.75,Put CEX 5,CEX,-1340061.402,7540.277430869984,9241.880262615086
2026-09-01 09:49:41,7750.0,7759.75,Put DEX 3,DEX,-82.772,7540.277430869984,9241.880262615086
2026-09-01 09:49:41,7750.0,7759.75,Call GEX 3,GEX,292052.164,7540.277430869984,9241.880262615086
2026-09-01 09:49:41,7750.0,7759.75,Put VEX 3,VEX,-1056030.956,7540.277430869984,9241.880262615086
2026-09-01 09:49:41,7800.0,7810.0,Put DEX 4,DEX,-60.782,7540.277430869984,9241.880262615086
2026-09-01 09:49:41,7800.0,7810.0,Call GEX 1,GEX,527593.003,7540.277430869984,9241.880262615086
2026-09-01 09:49:41,7800.0,7810.0,Put VEX 2,VEX,-1675933.292,7540.277430869984,9241.880262615086
2026-09-01 09:49:41,7850.0,7860.0,Call GEX 4,GEX,280173.464,7540.277430869984,9241.880262615086
2026-09-01 09:49:41,7900.0,7910.0,Call GEX 2,GEX,379932.966,7540.277430869984,9241.880262615086
2026-09-01 09:49:41,7900.0,7910.0,Put VEX 4,VEX,-978195.968,7540.277430869984,9241.880262615086
2026-09-01 09:49:41,7950.0,7960.0,Call GEX 5,GEX,166879.807,7540.277430869984,9241.880262615086
2026-09-01 09:49:41,8000.0,8010.25,Put CEX 1,CEX,-3133141.63,7540.277430869984,9241.880262615086
2026-09-01 09:49:41,8000.0,8010.25,Put DEX 1,DEX,-2529.023,7540.277430869984,9241.880262615086
2026-09-01 09:49:41,8000.0,8010.25,Put GEX 3,GEX,-397049.507,7540.277430869984,9241.880262615086
2026-09-01 09:49:41,8000.0,8010.25,Put VEX 1,VEX,-10316144.711,7540.277430869984,9241.880262615086
2026-09-01 09:50:29,7000.0,7009.25,Call CEX 3,CEX,1405993.849,7535.97299565905,9244.206043560938
2026-09-01 09:50:29,7000.0,7009.25,Call DEX 1,DEX,927.067,7535.97299565905,9244.206043560938
2026-09-01 09:50:29,7000.0,7009.25,Put GEX 1,GEX,-728920.993,7535.97299565905,9244.206043560938
2026-09-01 09:50:29,7000.0,7009.25,Call VEX 1,VEX,6319439.119,7535.97299565905,9244.206043560938
2026-09-01 09:50:29,7300.0,7309.5,Call DEX 2,DEX,266.098,7535.97299565905,9244.206043560938
2026-09-01 09:50:29,7300.0,7309.5,Call VEX 5,VEX,1567493.233,7535.97299565905,9244.206043560938
2026-09-01 09:50:29,7400.0,7409.75,Call DEX 3,DEX,210.364,7535.97299565905,9244.206043560938
2026-09-01 09:50:29,7400.0,7409.75,Call VEX 3,VEX,2107101.157,7535.97299565905,9244.206043560938
2026-09-01 09:50:29,7450.0,7459.75,Call DEX 4,DEX,206.971,7535.97299565905,9244.206043560938
2026-09-01 09:50:29,7450.0,7459.75,Call VEX 4,VEX,1861811.563,7535.97299565905,9244.206043560938
2026-09-01 09:50:29,7500.0,7509.75,Call CEX 2,CEX,1437629.122,7535.97299565905,9244.206043560938
2026-09-01 09:50:29,7500.0,7509.75,Call DEX 5,DEX,156.129,7535.97299565905,9244.206043560938
2026-09-01 09:50:29,7500.0,7509.75,Put GEX 2,GEX,-571738.364,7535.97299565905,9244.206043560938
2026-09-01 09:50:29,7500.0,7509.75,Call VEX 2,VEX,2950203.306,7535.97299565905,9244.206043560938
2026-09-01 09:50:29,7515.0,7524.75,Call CEX 4,CEX,1329209.644,7535.97299565905,9244.206043560938
2026-09-01 09:50:29,7550.0,7560.0,Call CEX 5,CEX,1248768.381,7535.97299565905,9244.206043560938
2026-09-01 09:50:29,7550.0,7560.0,Put GEX 4,GEX,-372019.68,7535.97299565905,9244.206043560938
2026-09-01 09:50:29,7600.0,7610.0,Call CEX 1,CEX,2064282.71,7535.97299565905,9244.206043560938
2026-09-01 09:50:29,7650.0,7660.0,Put CEX 4,CEX,-1850757.023,7535.97299565905,9244.206043560938
2026-09-01 09:50:29,7650.0,7660.0,Put DEX 5,DEX,-58.115,7535.97299565905,9244.206043560938
2026-09-01 09:50:29,7650.0,7660.0,Put GEX 5,GEX,-315108.792,7535.97299565905,9244.206043560938
2026-09-01 09:50:29,7675.0,7685.0,Put CEX 2,CEX,-2168026.577,7535.97299565905,9244.206043560938
2026-09-01 09:50:29,7700.0,7710.0,Put CEX 3,CEX,-1872293.931,7535.97299565905,9244.206043560938
2026-09-01 09:50:29,7700.0,7710.0,Put DEX 2,DEX,-180.165,7535.97299565905,9244.206043560938
2026-09-01 09:50:29,7700.0,7710.0,Put VEX 5,VEX,-863084.36,7535.97299565905,9244.206043560938
2026-09-01 09:50:29,7750.0,7760.25,Put CEX 5,CEX,-1389465.914,7535.97299565905,9244.206043560938
2026-09-01 09:50:29,7750.0,7760.25,Put DEX 3,DEX,-83.434,7535.97299565905,9244.206043560938
2026-09-01 09:50:29,7750.0,7760.25,Call GEX 3,GEX,292232.909,7535.97299565905,9244.206043560938
2026-09-01 09:50:29,7750.0,7760.25,Put VEX 3,VEX,-1060507.203,7535.97299565905,9244.206043560938
2026-09-01 09:50:29,7800.0,7810.25,Put DEX 4,DEX,-61.254,7535.97299565905,9244.206043560938
2026-09-01 09:50:29,7800.0,7810.25,Call GEX 1,GEX,527218.999,7535.97299565905,9244.206043560938
2026-09-01 09:50:29,7800.0,7810.25,Put VEX 2,VEX,-1677601.036,7535.97299565905,9244.206043560938
2026-09-01 09:50:29,7850.0,7860.25,Call GEX 4,GEX,279142.736,7535.97299565905,9244.206043560938
2026-09-01 09:50:29,7900.0,7910.25,Call GEX 2,GEX,379081.747,7535.97299565905,9244.206043560938
2026-09-01 09:50:29,7900.0,7910.25,Put VEX 4,VEX,-977387.548,7535.97299565905,9244.206043560938
2026-09-01 09:50:29,7950.0,7960.5,Call GEX 5,GEX,166292.724,7535.97299565905,9244.206043560938
2026-09-01 09:50:29,8000.0,8010.5,Put CEX 1,CEX,-3137561.357,7535.97299565905,9244.206043560938
2026-09-01 09:50:29,8000.0,8010.5,Put DEX 1,DEX,-2523.377,7535.97299565905,9244.206043560938
2026-09-01 09:50:29,8000.0,8010.5,Put GEX 3,GEX,-405304.531,7535.97299565905,9244.206043560938
2026-09-01 09:50:29,8000.0,8010.5,Put VEX 1,VEX,-10340128.356,7535.97299565905,9244.206043560938
2026-09-01 09:51:17,7000.0,7009.5,Call CEX 3,CEX,1392313.904,7523.252965057738,9242.81928038452
2026-09-01 09:51:17,7000.0,7009.5,Call DEX 1,DEX,889.749,7523.252965057738,9242.81928038452
2026-09-01 09:51:17,7000.0,7009.5,Put GEX 1,GEX,-728382.724,7523.252965057738,9242.81928038452
2026-09-01 09:51:17,7000.0,7009.5,Call VEX 1,VEX,6292612.525,7523.252965057738,9242.81928038452
2026-09-01 09:51:17,7300.0,7310.0,Call DEX 2,DEX,264.794,7523.252965057738,9242.81928038452
2026-09-01 09:51:17,7300.0,7310.0,Call VEX 5,VEX,1581291.575,7523.252965057738,9242.81928038452
2026-09-01 09:51:17,7400.0,7410.0,Call DEX 4,DEX,211.851,7523.252965057738,9242.81928038452
2026-09-01 09:51:17,7400.0,7410.0,Call VEX 3,VEX,2109567.709,7523.252965057738,9242.81928038452
2026-09-01 09:51:17,7450.0,7460.25,Call DEX 3,DEX,218.66,7523.252965057738,9242.81928038452
2026-09-01 09:51:17,7450.0,7460.25,Call VEX 4,VEX,1869791.453,7523.252965057738,9242.81928038452
2026-09-01 09:51:17,7500.0,7510.25,Call CEX 2,CEX,1472842.602,7523.252965057738,9242.81928038452
2026-09-01 09:51:17,7500.0,7510.25,Call DEX 5,DEX,162.671,7523.252965057738,9242.81928038452
2026-09-01 09:51:17,7500.0,7510.25,Put GEX 2,GEX,-568358.024,7523.252965057738,9242.81928038452
2026-09-01 09:51:17,7500.0,7510.25,Call VEX 2,VEX,2961553.692,7523.252965057738,9242.81928038452
2026-09-01 09:51:17,7515.0,7525.25,Call CEX 4,CEX,1346579.845,7523.252965057738,9242.81928038452
2026-09-01 09:51:17,7550.0,7560.25,Put GEX 4,GEX,-369554.158,7523.252965057738,9242.81928038452
2026-09-01 09:51:17,7600.0,7610.5,Call CEX 1,CEX,2105543.309,7523.252965057738,9242.81928038452
2026-09-01 09:51:17,7625.0,7635.5,Call CEX 5,CEX,1298914.631,7523.252965057738,9242.81928038452
2026-09-01 09:51:17,7650.0,7660.5,Put CEX 2,CEX,-1914119.706,7523.252965057738,9242.81928038452
2026-09-01 09:51:17,7650.0,7660.5,Put DEX 5,DEX,-57.426,7523.252965057738,9242.81928038452
2026-09-01 09:51:17,7650.0,7660.5,Put GEX 5,GEX,-358802.606,7523.252965057738,9242.81928038452
2026-09-01 09:51:17,7675.0,7685.5,Put CEX 4,CEX,-1156171.726,7523.252965057738,9242.81928038452
2026-09-01 09:51:17,7700.0,7710.5,Put CEX 3,CEX,-1402456.928,7523.252965057738,9242.81928038452
2026-09-01 09:51:17,7700.0,7710.5,Put DEX 2,DEX,-165.888,7523.252965057738,9242.81928038452
2026-09-01 09:51:17,7700.0,7710.5,Put VEX 5,VEX,-834816.944,7523.252965057738,9242.81928038452
2026-09-01 09:51:17,7750.0,7760.5,Put CEX 5,CEX,-1151870.605,7523.252965057738,9242.81928038452
2026-09-01 09:51:17,7750.0,7760.5,Put DEX 3,DEX,-76.677,7523.252965057738,9242.81928038452
2026-09-01 09:51:17,7750.0,7760.5,Call GEX 3,GEX,300742.799,7523.252965057738,9242.81928038452
2026-09-01 09:51:17,7750.0,7760.5,Put VEX 3,VEX,-1044654.686,7523.252965057738,9242.81928038452
2026-09-01 09:51:17,7800.0,7810.75,Put DEX 4,DEX,-58.151,7523.252965057738,9242.81928038452
2026-09-01 09:51:17,7800.0,7810.75,Call GEX 1,GEX,530163.031,7523.252965057738,9242.81928038452
2026-09-01 09:51:17,7800.0,7810.75,Put VEX 2,VEX,-1671665.544,7523.252965057738,9242.81928038452
2026-09-01 09:51:17,7850.0,7860.75,Call GEX 4,GEX,280553.787,7523.252965057738,9242.81928038452
2026-09-01 09:51:17,7900.0,7910.75,Call GEX 2,GEX,380771.482,7523.252965057738,9242.81928038452
2026-09-01 09:51:17,7900.0,7910.75,Put VEX 4,VEX,-978866.83,7523.252965057738,9242.81928038452
2026-09-01 09:51:17,7950.0,7960.75,Call GEX 5,GEX,167120.186,7523.252965057738,9242.81928038452
2026-09-01 09:51:17,8000.0,8011.0,Put CEX 1,CEX,-3132122.645,7523.252965057738,9242.81928038452
2026-09-01 09:51:17,8000.0,8011.0,Put DEX 1,DEX,-2531.006,7523.252965057738,9242.81928038452
2026-09-01 09:51:17,8000.0,8011.0,Put GEX 3,GEX,-395876.403,7523.252965057738,9242.81928038452
2026-09-01 09:51:17,8000.0,8011.0,Put VEX 1,VEX,-10311809.14,7523.252965057738,9242.81928038452
2026-09-01 09:52:06,7000.0,7009.25,Call CEX 3,CEX,1374555.767,7528.017435154459,9243.822509230991
2026-09-01 09:52:06,7000.0,7009.25,Call DEX 1,DEX,894.0,7528.017435154459,9243.822509230991
2026-09-01 09:52:06,7000.0,7009.25,Put GEX 1,GEX,-758376.586,7528.017435154459,9243.822509230991
2026-09-01 09:52:06,7000.0,7009.25,Call VEX 1,VEX,6104106.402,7528.017435154459,9243.822509230991
2026-09-01 09:52:06,7300.0,7309.75,Call DEX 2,DEX,265.81,7528.017435154459,9243.822509230991
2026-09-01 09:52:06,7300.0,7309.75,Call VEX 5,VEX,1570273.621,7528.017435154459,9243.822509230991
2026-09-01 09:52:06,7400.0,7409.75,Call DEX 4,DEX,211.357,7528.017435154459,9243.822509230991
2026-09-01 09:52:06,7400.0,7409.75,Call VEX 3,VEX,2106940.157,7528.017435154459,9243.822509230991
2026-09-01 09:52:06,7450.0,7459.75,Call DEX 3,DEX,213.313,7528.017435154459,9243.822509230991
2026-09-01 09:52:06,7450.0,7459.75,Call VEX 4,VEX,1864044.529,7528.017435154459,9243.822509230991
2026-09-01 09:52:06,7500.0,7510.0,Call CEX 2,CEX,1455795.707,7528.017435154459,9243.822509230991
2026-09-01 09:52:06,7500.0,7510.0,Call DEX 5,DEX,161.913,7528.017435154459,9243.822509230991
2026-09-01 09:52:06,7500.0,7510.0,Put GEX 2,GEX,-568762.973,7528.017435154459,9243.822509230991
2026-09-01 09:52:06,7500.0,7510.0,Call VEX 2,VEX,2957017.41,7528.017435154459,9243.822509230991
2026-09-01 09:52:06,7515.0,7525.0,Call CEX 4,CEX,1341653.736,7528.017435154459,9243.822509230991
2026-09-01 09:52:06,7550.0,7560.0,Call CEX 5,CEX,1274909.843,7528.017435154459,9243.822509230991
2026-09-01 09:52:06,7550.0,7560.0,Put GEX 4,GEX,-370109.122,7528.017435154459,9243.822509230991
2026-09-01 09:52:06,7600.0,7610.0,Call CEX 1,CEX,2097781.566,7528.017435154459,9243.822509230991
2026-09-01 09:52:06,7650.0,7660.25,Put CEX 2,CEX,-1899962.555,7528.017435154459,9243.822509230991
2026-09-01 09:52:06,7650.0,7660.25,Put DEX 5,DEX,-57.841,7528.017435154459,9243.822509230991
2026-09-01 09:52:06,7650.0,7660.25,Put GEX 5,GEX,-337301.376,7528.017435154459,9243.822509230991
2026-09-01 09:52:06,7675.0,7685.25,Put CEX 3,CEX,-1862876.263,7528.017435154459,9243.822509230991
2026-09-01 09:52:06,7700.0,7710.25,Put CEX 4,CEX,-1599254.661,7528.017435154459,9243.822509230991
2026-09-01 09:52:06,7700.0,7710.25,Put DEX 2,DEX,-179.876,7528.017435154459,9243.822509230991
2026-09-01 09:52:06,7700.0,7710.25,Put VEX 5,VEX,-848565.489,7528.017435154459,9243.822509230991
2026-09-01 09:52:06,7750.0,7760.25,Put CEX 5,CEX,-1205716.78,7528.017435154459,9243.822509230991
2026-09-01 09:52:06,7750.0,7760.25,Put DEX 3,DEX,-83.221,7528.017435154459,9243.822509230991
2026-09-01 09:52:06,7750.0,7760.25,Call GEX 3,GEX,298035.491,7528.017435154459,9243.822509230991
2026-09-01 09:52:06,7750.0,7760.25,Put VEX 3,VEX,-1051708.366,7528.017435154459,9243.822509230991
2026-09-01 09:52:06,7800.0,7810.25,Put DEX 4,DEX,-58.385,7528.017435154459,9243.822509230991
2026-09-01 09:52:06,7800.0,7810.25,Call GEX 1,GEX,529573.972,7528.017435154459,9243.822509230991
2026-09-01 09:52:06,7800.0,7810.25,Put VEX 2,VEX,-1674523.546,7528.017435154459,9243.822509230991
2026-09-01 09:52:06,7850.0,7860.5,Call GEX 4,GEX,279622.902,7528.017435154459,9243.822509230991
2026-09-01 09:52:06,7900.0,7910.5,Call GEX 2,GEX,380005.022,7528.017435154459,9243.822509230991
2026-09-01 09:52:06,7900.0,7910.5,Put VEX 4,VEX,-977748.356,7528.017435154459,9243.822509230991
2026-09-01 09:52:06,7950.0,7960.5,Call GEX 5,GEX,166662.139,7528.017435154459,9243.822509230991
2026-09-01 09:52:06,8000.0,8010.5,Put CEX 1,CEX,-3135515.388,7528.017435154459,9243.822509230991
2026-09-01 09:52:06,8000.0,8010.5,Put DEX 1,DEX,-2524.795,7528.017435154459,9243.822509230991
2026-09-01 09:52:06,8000.0,8010.5,Put GEX 3,GEX,-399926.508,7528.017435154459,9243.822509230991
2026-09-01 09:52:06,8000.0,8010.5,Put VEX 1,VEX,-10325515.809,7528.017435154459,9243.822509230991
2026-09-01 09:52:54,7000.0,7009.25,Call CEX 3,CEX,1406402.472,7537.562006964692,9245.202160699197
2026-09-01 09:52:54,7000.0,7009.25,Call DEX 1,DEX,885.298,7537.562006964692,9245.202160699197
2026-09-01 09:52:54,7000.0,7009.25,Put GEX 1,GEX,-721801.17,7537.562006964692,9245.202160699197
2026-09-01 09:52:54,7000.0,7009.25,Call VEX 1,VEX,6385631.291,7537.562006964692,9245.202160699197
2026-09-01 09:52:54,7300.0,7309.75,Call DEX 2,DEX,263.942,7537.562006964692,9245.202160699197
2026-09-01 09:52:54,7300.0,7309.75,Call VEX 5,VEX,1591681.722,7537.562006964692,9245.202160699197
2026-09-01 09:52:54,7400.0,7409.75,Call DEX 4,DEX,208.777,7537.562006964692,9245.202160699197
2026-09-01 09:52:54,7400.0,7409.75,Call VEX 3,VEX,2109686.948,7537.562006964692,9245.202160699197
2026-09-01 09:52:54,7450.0,7459.75,Call DEX 3,DEX,211.06,7537.562006964692,9245.202160699197
2026-09-01 09:52:54,7450.0,7459.75,Call VEX 4,VEX,1861297.039,7537.562006964692,9245.202160699197
2026-09-01 09:52:54,7500.0,7510.0,Call CEX 2,CEX,1460830.686,7537.562006964692,9245.202160699197
2026-09-01 09:52:54,7500.0,7510.0,Call DEX 5,DEX,157.669,7537.562006964692,9245.202160699197
2026-09-01 09:52:54,7500.0,7510.0,Put GEX 2,GEX,-575013.283,7537.562006964692,9245.202160699197
2026-09-01 09:52:54,7500.0,7510.0,Call VEX 2,VEX,2942272.688,7537.562006964692,9245.202160699197
2026-09-01 09:52:54,7515.0,7525.0,Call CEX 4,CEX,1355250.1,7537.562006964692,9245.202160699197
2026-09-01 09:52:54,7550.0,7560.0,Call CEX 5,CEX,1316482.228,7537.562006964692,9245.202160699197
2026-09-01 09:52:54,7550.0,7560.0,Put GEX 4,GEX,-377635.55,7537.562006964692,9245.202160699197
2026-09-01 09:52:54,7600.0,7610.0,Call CEX 1,CEX,2137747.699,7537.562006964692,9245.202160699197
2026-09-01 09:52:54,7650.0,7660.0,Put CEX 2,CEX,-2000784.643,7537.562006964692,9245.202160699197
2026-09-01 09:52:54,7650.0,7660.0,Put DEX 5,DEX,-60.653,7537.562006964692,9245.202160699197
2026-09-01 09:52:54,7650.0,7660.0,Put GEX 5,GEX,-332261.492,7537.562006964692,9245.202160699197
2026-09-01 09:52:54,7675.0,7685.25,Put CEX 3,CEX,-1788217.375,7537.562006964692,9245.202160699197
2026-09-01 09:52:54,7700.0,7710.25,Put CEX 4,CEX,-1721509.958,7537.562006964692,9245.202160699197
2026-09-01 09:52:54,7700.0,7710.25,Put DEX 2,DEX,-183.682,7537.562006964692,9245.202160699197
2026-09-01 09:52:54,7700.0,7710.25,Put VEX 5,VEX,-878121.34,7537.562006964692,9245.202160699197
2026-09-01 09:52:54,7750.0,7760.25,Put CEX 5,CEX,-1213056.948,7537.562006964692,9245.202160699197
2026-09-01 09:52:54,7750.0,7760.25,Put DEX 3,DEX,-85.647,7537.562006964692,9245.202160699197
2026-09-01 09:52:54,7750.0,7760.25,Call GEX 3,GEX,294130.059,7537.562006964692,9245.202160699197
2026-09-01 09:52:54,7750.0,7760.25,Put VEX 3,VEX,-1059676.944,7537.562006964692,9245.202160699197
2026-09-01 09:52:54,7800.0,7810.25,Put DEX 4,DEX,-63.414,7537.562006964692,9245.202160699197
2026-09-01 09:52:54,7800.0,7810.25,Call GEX 1,GEX,523917.037,7537.562006964692,9245.202160699197
2026-09-01 09:52:54,7800.0,7810.25,Put VEX 2,VEX,-1679887.536,7537.562006964692,9245.202160699197
2026-09-01 09:52:54,7850.0,7860.25,Call GEX 4,GEX,277286.418,7537.562006964692,9245.202160699197
2026-09-01 09:52:54,7900.0,7910.5,Call GEX 2,GEX,377263.076,7537.562006964692,9245.202160699197
2026-09-01 09:52:54,7900.0,7910.5,Put VEX 4,VEX,-976185.558,7537.562006964692,9245.202160699197
2026-09-01 09:52:54,7950.0,7960.5,Call GEX 5,GEX,165377.401,7537.562006964692,9245.202160699197
2026-09-01 09:52:54,8000.0,8010.5,Put CEX 1,CEX,-3153791.9,7537.562006964692,9245.202160699197
2026-09-01 09:52:54,8000.0,8010.5,Put DEX 1,DEX,-2536.099,7537.562006964692,9245.202160699197
2026-09-01 09:52:54,8000.0,8010.5,Put GEX 3,GEX,-397370.258,7537.562006964692,9245.202160699197
2026-09-01 09:52:54,8000.0,8010.5,Put VEX 1,VEX,-10306815.087,7537.562006964692,9245.202160699197
2026-09-01 09:53:41,7000.0,7008.75,Call CEX 3,CEX,1391785.962,7539.441764566594,9242.843983050168
2026-09-01 09:53:41,7000.0,7008.75,Call DEX 1,DEX,890.128,7539.441764566594,9242.843983050168
2026-09-01 09:53:41,7000.0,7008.75,Put GEX 1,GEX,-737931.476,7539.441764566594,9242.843983050168
2026-09-01 09:53:41,7000.0,7008.75,Call VEX 1,VEX,6255788.243,7539.441764566594,9242.843983050168
2026-09-01 09:53:41,7300.0,7309.0,Call DEX 2,DEX,265.823,7539.441764566594,9242.843983050168
2026-09-01 09:53:41,7300.0,7309.0,Call VEX 5,VEX,1572159.695,7539.441764566594,9242.843983050168
2026-09-01 09:53:41,7400.0,7409.25,Call DEX 3,DEX,210.944,7539.441764566594,9242.843983050168
2026-09-01 09:53:41,7400.0,7409.25,Call VEX 3,VEX,2105747.782,7539.441764566594,9242.843983050168
2026-09-01 09:53:41,7450.0,7459.25,Call DEX 4,DEX,207.386,7539.441764566594,9242.843983050168
2026-09-01 09:53:41,7450.0,7459.25,Call VEX 4,VEX,1861340.429,7539.441764566594,9242.843983050168
2026-09-01 09:53:41,7500.0,7509.25,Call CEX 2,CEX,1439958.626,7539.441764566594,9242.843983050168
2026-09-01 09:53:41,7500.0,7509.25,Call DEX 5,DEX,156.896,7539.441764566594,9242.843983050168
2026-09-01 09:53:41,7500.0,7509.25,Put GEX 2,GEX,-570385.221,7539.441764566594,9242.843983050168
2026-09-01 09:53:41,7500.0,7509.25,Call VEX 2,VEX,2951420.863,7539.441764566594,9242.843983050168
2026-09-01 09:53:41,7515.0,7524.25,Call CEX 4,CEX,1341891.135,7539.441764566594,9242.843983050168
2026-09-01 09:53:41,7550.0,7559.5,Put GEX 4,GEX,-369981.27,7539.441764566594,9242.843983050168
2026-09-01 09:53:41,7600.0,7609.5,Call CEX 1,CEX,2071945.406,7539.441764566594,9242.843983050168
2026-09-01 09:53:41,7625.0,7634.5,Call CEX 5,CEX,1236407.254,7539.441764566594,9242.843983050168
2026-09-01 09:53:41,7650.0,7659.5,Put CEX 4,CEX,-1911161.36,7539.441764566594,9242.843983050168
2026-09-01 09:53:41,7650.0,7659.5,Put DEX 5,DEX,-58.405,7539.441764566594,9242.843983050168
2026-09-01 09:53:41,7650.0,7659.5,Put GEX 5,GEX,-322681.892,7539.441764566594,9242.843983050168
2026-09-01 09:53:41,7675.0,7684.5,Put CEX 2,CEX,-2086495.259,7539.441764566594,9242.843983050168
2026-09-01 09:53:41,7700.0,7709.5,Put CEX 3,CEX,-1917570.652,7539.441764566594,9242.843983050168
2026-09-01 09:53:41,7700.0,7709.5,Put DEX 2,DEX,-180.395,7539.441764566594,9242.843983050168
2026-09-01 09:53:41,7700.0,7709.5,Put VEX 5,VEX,-865265.394,7539.441764566594,9242.843983050168
2026-09-01 09:53:41,7750.0,7759.75,Put CEX 5,CEX,-1366796.903,7539.441764566594,9242.843983050168
2026-09-01 09:53:41,7750.0,7759.75,Put DEX 3,DEX,-83.632,7539.441764566594,9242.843983050168
2026-09-01 09:53:41,7750.0,7759.75,Call GEX 3,GEX,291874.236,7539.441764566594,9242.843983050168
2026-09-01 09:53:41,7750.0,7759.75,Put VEX 3,VEX,-1060225.062,7539.441764566594,9242.843983050168
2026-09-01 09:53:41,7800.0,7809.75,Put DEX 4,DEX,-61.625,7539.441764566594,9242.843983050168
2026-09-01 09:53:41,7800.0,7809.75,Call GEX 1,GEX,526891.863,7539.441764566594,9242.843983050168
2026-09-01 09:53:41,7800.0,7809.75,Put VEX 2,VEX,-1678465.709,7539.441764566594,9242.843983050168
2026-09-01 09:53:41,7850.0,7859.75,Call GEX 4,GEX,278644.59,7539.441764566594,9242.843983050168
2026-09-01 09:53:41,7900.0,7909.75,Call GEX 2,GEX,379401.918,7539.441764566594,9242.843983050168
2026-09-01 09:53:41,7900.0,7909.75,Put VEX 4,VEX,-977827.83,7539.441764566594,9242.843983050168
2026-09-01 09:53:41,7950.0,7960.0,Call GEX 5,GEX,166141.81,7539.441764566594,9242.843983050168
2026-09-01 09:53:41,8000.0,8010.0,Put CEX 1,CEX,-3146568.185,7539.441764566594,9242.843983050168
2026-09-01 09:53:41,8000.0,8010.0,Put DEX 1,DEX,-2523.495,7539.441764566594,9242.843983050168
2026-09-01 09:53:41,8000.0,8010.0,Put GEX 3,GEX,-405172.933,7539.441764566594,9242.843983050168
2026-09-01 09:53:41,8000.0,8010.0,Put VEX 1,VEX,-10341267.32,7539.441764566594,9242.843983050168
2026-09-01 09:54:28,7000.0,7009.0,Call CEX 3,CEX,1407205.227,7546.191088018524,9244.245377002684
2026-09-01 09:54:28,7000.0,7009.0,Call DEX 1,DEX,925.993,7546.191088018524,9244.245377002684
2026-09-01 09:54:28,7000.0,7009.0,Put GEX 1,GEX,-728296.64,7546.191088018524,9244.245377002684
2026-09-01 09:54:28,7000.0,7009.0,Call VEX 1,VEX,6335493.478,7546.191088018524,9244.245377002684
2026-09-01 09:54:28,7300.0,7309.5,Call DEX 2,DEX,265.33,7546.191088018524,9244.245377002684
2026-09-01 09:54:28,7300.0,7309.5,Call VEX 5,VEX,1573396.91,7546.191088018524,9244.245377002684
2026-09-01 09:54:28,7400.0,7409.5,Call DEX 3,DEX,210.027,7546.191088018524,9244.245377002684
2026-09-01 09:54:28,7400.0,7409.5,Call VEX 3,VEX,2105270.281,7546.191088018524,9244.245377002684
2026-09-01 09:54:28,7450.0,7459.5,Call DEX 4,DEX,206.516,7546.191088018524,9244.245377002684
2026-09-01 09:54:28,7450.0,7459.5,Call VEX 4,VEX,1859494.363,7546.191088018524,9244.245377002684
2026-09-01 09:54:28,7500.0,7509.75,Call CEX 2,CEX,1443553.76,7546.191088018524,9244.245377002684
2026-09-01 09:54:28,7500.0,7509.75,Call DEX 5,DEX,154.904,7546.191088018524,9244.245377002684
2026-09-01 09:54:28,7500.0,7509.75,Put GEX 2,GEX,-572596.559,7546.191088018524,9244.245377002684
2026-09-01 09:54:28,7500.0,7509.75,Call VEX 2,VEX,2944475.483,7546.191088018524,9244.245377002684
2026-09-01 09:54:28,7515.0,7524.75,Call CEX 4,CEX,1349467.727,7546.191088018524,9244.245377002684
2026-09-01 09:54:28,7550.0,7559.75,Call CEX 5,CEX,1296075.482,7546.191088018524,9244.245377002684
2026-09-01 09:54:28,7550.0,7559.75,Put GEX 4,GEX,-374921.09,7546.191088018524,9244.245377002684
2026-09-01 09:54:28,7600.0,7609.75,Call CEX 1,CEX,2096540.265,7546.191088018524,9244.245377002684
2026-09-01 09:54:28,7650.0,7659.75,Put CEX 4,CEX,-1956586.723,7546.191088018524,9244.245377002684
2026-09-01 09:54:28,7650.0,7659.75,Put DEX 5,DEX,-59.818,7546.191088018524,9244.245377002684
2026-09-01 09:54:28,7650.0,7659.75,Put GEX 5,GEX,-318549.516,7546.191088018524,9244.245377002684
2026-09-01 09:54:28,7675.0,7684.75,Put CEX 2,CEX,-2098697.358,7546.191088018524,9244.245377002684
2026-09-01 09:54:28,7700.0,7710.0,Put CEX 3,CEX,-1964488.824,7546.191088018524,9244.245377002684
2026-09-01 09:54:28,7700.0,7710.0,Put DEX 2,DEX,-182.47,7546.191088018524,9244.245377002684
2026-09-01 09:54:28,7700.0,7710.0,Put VEX 5,VEX,-880557.261,7546.191088018524,9244.245377002684
2026-09-01 09:54:28,7750.0,7760.0,Put CEX 5,CEX,-1374949.225,7546.191088018524,9244.245377002684
2026-09-01 09:54:28,7750.0,7760.0,Put DEX 3,DEX,-84.744,7546.191088018524,9244.245377002684
2026-09-01 09:54:28,7750.0,7760.0,Call GEX 3,GEX,290959.071,7546.191088018524,9244.245377002684
2026-09-01 09:54:28,7750.0,7760.0,Put VEX 3,VEX,-1065060.339,7546.191088018524,9244.245377002684
2026-09-01 09:54:28,7800.0,7810.0,Put DEX 4,DEX,-62.768,7546.191088018524,9244.245377002684
2026-09-01 09:54:28,7800.0,7810.0,Call GEX 1,GEX,524574.514,7546.191088018524,9244.245377002684
2026-09-01 09:54:28,7800.0,7810.0,Put VEX 2,VEX,-1679867.565,7546.191088018524,9244.245377002684
2026-09-01 09:54:28,7850.0,7860.0,Call GEX 4,GEX,277348.59,7546.191088018524,9244.245377002684
2026-09-01 09:54:28,7900.0,7910.25,Call GEX 2,GEX,377830.271,7546.191088018524,9244.245377002684
2026-09-01 09:54:28,7900.0,7910.25,Put VEX 4,VEX,-976412.31,7546.191088018524,9244.245377002684
2026-09-01 09:54:28,7950.0,7960.25,Call GEX 5,GEX,165590.559,7546.191088018524,9244.245377002684
2026-09-01 09:54:28,8000.0,8010.25,Put CEX 1,CEX,-3133562.782,7546.191088018524,9244.245377002684
2026-09-01 09:54:28,8000.0,8010.25,Put DEX 1,DEX,-2526.752,7546.191088018524,9244.245377002684
2026-09-01 09:54:28,8000.0,8010.25,Put GEX 3,GEX,-402865.876,7546.191088018524,9244.245377002684
2026-09-01 09:54:28,8000.0,8010.25,Put VEX 1,VEX,-10328872.234,7546.191088018524,9244.245377002684
2026-09-01 09:55:17,7000.0,7009.25,Call CEX 3,CEX,1392946.178,7547.21979324722,9242.440447876175
2026-09-01 09:55:17,7000.0,7009.25,Call DEX 1,DEX,889.647,7547.21979324722,9242.440447876175
2026-09-01 09:55:17,7000.0,7009.25,Put GEX 1,GEX,-737043.928,7547.21979324722,9242.440447876175
2026-09-01 09:55:17,7000.0,7009.25,Call VEX 1,VEX,6265076.477,7547.21979324722,9242.440447876175
2026-09-01 09:55:17,7300.0,7309.5,Call DEX 2,DEX,264.275,7547.21979324722,9242.440447876175
2026-09-01 09:55:17,7300.0,7309.5,Call VEX 5,VEX,1591545.211,7547.21979324722,9242.440447876175
2026-09-01 09:55:17,7400.0,7409.75,Call DEX 3,DEX,209.592,7547.21979324722,9242.440447876175
2026-09-01 09:55:17,7400.0,7409.75,Call VEX 3,VEX,2109613.168,7547.21979324722,9242.440447876175
2026-09-01 09:55:17,7450.0,7459.75,Call DEX 4,DEX,206.158,7547.21979324722,9242.440447876175
2026-09-01 09:55:17,7450.0,7459.75,Call VEX 4,VEX,1860206.838,7547.21979324722,9242.440447876175
2026-09-01 09:55:17,7500.0,7509.75,Call CEX 2,CEX,1447861.276,7547.21979324722,9242.440447876175
2026-09-01 09:55:17,7500.0,7509.75,Call DEX 5,DEX,158.607,7547.21979324722,9242.440447876175
2026-09-01 09:55:17,7500.0,7509.75,Put GEX 2,GEX,-575507.494,7547.21979324722,9242.440447876175
2026-09-01 09:55:17,7500.0,7509.75,Call VEX 2,VEX,2948333.377,7547.21979324722,9242.440447876175
2026-09-01 09:55:17,7515.0,7525.0,Call CEX 4,CEX,1355947.359,7547.21979324722,9242.440447876175
2026-09-01 09:55:17,7550.0,7560.0,Put GEX 4,GEX,-375140.116,7547.21979324722,9242.440447876175
2026-09-01 09:55:17,7600.0,7610.0,Call CEX 1,CEX,2106615.764,7547.21979324722,9242.440447876175
2026-09-01 09:55:17,7625.0,7635.0,Call CEX 5,CEX,1230633.941,7547.21979324722,9242.440447876175
2026-09-01 09:55:17,7650.0,7660.0,Put CEX 3,CEX,-1967941.718,7547.21979324722,9242.440447876175
2026-09-01 09:55:17,7650.0,7660.0,Put DEX 5,DEX,-59.146,7547.21979324722,9242.440447876175
2026-09-01 09:55:17,7650.0,7660.0,Put GEX 5,GEX,-333894.946,7547.21979324722,9242.440447876175
2026-09-01 09:55:17,7675.0,7685.0,Put CEX 2,CEX,-2007257.45,7547.21979324722,9242.440447876175
2026-09-01 09:55:17,7700.0,7710.0,Put CEX 4,CEX,-1852608.69,7547.21979324722,9242.440447876175
2026-09-01 09:55:17,7700.0,7710.0,Put DEX 2,DEX,-181.249,7547.21979324722,9242.440447876175
2026-09-01 09:55:17,7700.0,7710.0,Put VEX 5,VEX,-867936.744,7547.21979324722,9242.440447876175
2026-09-01 09:55:17,7750.0,7760.25,Put CEX 5,CEX,-1319840.567,7547.21979324722,9242.440447876175
2026-09-01 09:55:17,7750.0,7760.25,Put DEX 3,DEX,-84.249,7547.21979324722,9242.440447876175
2026-09-01 09:55:17,7750.0,7760.25,Call GEX 3,GEX,290043.69,7547.21979324722,9242.440447876175
2026-09-01 09:55:17,7750.0,7760.25,Put VEX 3,VEX,-1061106.128,7547.21979324722,9242.440447876175
2026-09-01 09:55:17,7800.0,7810.25,Put DEX 4,DEX,-62.423,7547.21979324722,9242.440447876175
2026-09-01 09:55:17,7800.0,7810.25,Call GEX 1,GEX,524786.351,7547.21979324722,9242.440447876175
2026-09-01 09:55:17,7800.0,7810.25,Put VEX 2,VEX,-1679930.676,7547.21979324722,9242.440447876175
2026-09-01 09:55:17,7850.0,7860.25,Call GEX 4,GEX,278151.56,7547.21979324722,9242.440447876175
2026-09-01 09:55:17,7900.0,7910.5,Call GEX 2,GEX,378562.376,7547.21979324722,9242.440447876175
2026-09-01 09:55:17,7900.0,7910.5,Put VEX 4,VEX,-976879.221,7547.21979324722,9242.440447876175
2026-09-01 09:55:17,7950.0,7960.5,Call GEX 5,GEX,165984.709,7547.21979324722,9242.440447876175
2026-09-01 09:55:17,8000.0,8010.5,Put CEX 1,CEX,-3121345.13,7547.21979324722,9242.440447876175
2026-09-01 09:55:17,8000.0,8010.5,Put DEX 1,DEX,-2534.61,7547.21979324722,9242.440447876175
2026-09-01 09:55:17,8000.0,8010.5,Put GEX 3,GEX,-391348.591,7547.21979324722,9242.440447876175
2026-09-01 09:55:17,8000.0,8010.5,Put VEX 1,VEX,-10288805.759,7547.21979324722,9242.440447876175
2026-09-01 09:56:04,7000.0,7009.25,Call CEX 4,CEX,1383472.348,7528.9861505474,9243.0269105947
2026-09-01 09:56:04,7000.0,7009.25,Call DEX 1,DEX,893.322,7528.9861505474,9243.0269105947
2026-09-01 09:56:04,7000.0,7009.25,Put GEX 1,GEX,-732519.667,7528.9861505474,9243.0269105947
2026-09-01 09:56:04,7000.0,7009.25,Call VEX 1,VEX,6223276.119,7528.9861505474,9243.0269105947
2026-09-01 09:56:04,7300.0,7309.75,Call DEX 2,DEX,266.207,7528.9861505474,9243.0269105947
2026-09-01 09:56:04,7300.0,7309.75,Call VEX 5,VEX,1568699.192,7528.9861505474,9243.0269105947
2026-09-01 09:56:04,7400.0,7409.75,Call DEX 3,DEX,213.295,7528.9861505474,9243.0269105947
2026-09-01 09:56:04,7400.0,7409.75,Call VEX 3,VEX,2107403.918,7528.9861505474,9243.0269105947
2026-09-01 09:56:04,7450.0,7459.75,Call DEX 4,DEX,210.321,7528.9861505474,9243.0269105947
2026-09-01 09:56:04,7450.0,7459.75,Call VEX 4,VEX,1865610.513,7528.9861505474,9243.0269105947
2026-09-01 09:56:04,7500.0,7510.0,Call CEX 3,CEX,1402524.566,7528.9861505474,9243.0269105947
2026-09-01 09:56:04,7500.0,7510.0,Call DEX 5,DEX,166.829,7528.9861505474,9243.0269105947
2026-09-01 09:56:04,7500.0,7510.0,Put GEX 2,GEX,-565212.104,7528.9861505474,9243.0269105947
2026-09-01 09:56:04,7500.0,7510.0,Call VEX 2,VEX,2972349.657,7528.9861505474,9243.0269105947
2026-09-01 09:56:04,7515.0,7525.0,Call CEX 5,CEX,1346582.41,7528.9861505474,9243.0269105947
2026-09-01 09:56:04,7550.0,7560.0,Put GEX 4,GEX,-364862.354,7528.9861505474,9243.0269105947
2026-09-01 09:56:04,7600.0,7610.0,Call CEX 1,CEX,2020344.953,7528.9861505474,9243.0269105947
2026-09-01 09:56:04,7625.0,7635.0,Call CEX 2,CEX,1459826.578,7528.9861505474,9243.0269105947
2026-09-01 09:56:04,7650.0,7660.25,Put CEX 4,CEX,-1819554.427,7528.9861505474,9243.0269105947
2026-09-01 09:56:04,7650.0,7660.25,Put DEX 5,DEX,-54.678,7528.9861505474,9243.0269105947
2026-09-01 09:56:04,7650.0,7660.25,Put GEX 5,GEX,-346955.149,7528.9861505474,9243.0269105947
2026-09-01 09:56:04,7675.0,7685.25,Put CEX 2,CEX,-2066956.97,7528.9861505474,9243.0269105947
2026-09-01 09:56:04,7700.0,7710.25,Put CEX 3,CEX,-1824266.098,7528.9861505474,9243.0269105947
2026-09-01 09:56:04,7700.0,7710.25,Put DEX 2,DEX,-175.168,7528.9861505474,9243.0269105947
2026-09-01 09:56:04,7700.0,7710.25,Put VEX 5,VEX,-825110.332,7528.9861505474,9243.0269105947
2026-09-01 09:56:04,7750.0,7760.25,Put CEX 5,CEX,-1309831.822,7528.9861505474,9243.0269105947
2026-09-01 09:56:04,7750.0,7760.25,Put DEX 3,DEX,-80.813,7528.9861505474,9243.0269105947
2026-09-01 09:56:04,7750.0,7760.25,Call GEX 3,GEX,297441.088,7528.9861505474,9243.0269105947
2026-09-01 09:56:04,7750.0,7760.25,Put VEX 3,VEX,-1046059.359,7528.9861505474,9243.0269105947
2026-09-01 09:56:04,7800.0,7810.25,Put DEX 4,DEX,-59.007,7528.9861505474,9243.0269105947
2026-09-01 09:56:04,7800.0,7810.25,Call GEX 1,GEX,534062.343,7528.9861505474,9243.0269105947
2026-09-01 09:56:04,7800.0,7810.25,Put VEX 2,VEX,-1668998.82,7528.9861505474,9243.0269105947
2026-09-01 09:56:04,7850.0,7860.5,Call GEX 4,GEX,282239.916,7528.9861505474,9243.0269105947
2026-09-01 09:56:04,7900.0,7910.5,Call GEX 2,GEX,383117.34,7528.9861505474,9243.0269105947
2026-09-01 09:56:04,7900.0,7910.5,Put VEX 4,VEX,-979543.321,7528.9861505474,9243.0269105947
2026-09-01 09:56:04,7950.0,7960.5,Call GEX 5,GEX,168233.278,7528.9861505474,9243.0269105947
2026-09-01 09:56:04,8000.0,8010.5,Put CEX 1,CEX,-3147231.664,7528.9861505474,9243.0269105947
2026-09-01 09:56:04,8000.0,8010.5,Put DEX 1,DEX,-2524.977,7528.9861505474,9243.0269105947
2026-09-01 09:56:04,8000.0,8010.5,Put GEX 3,GEX,-400104.365,7528.9861505474,9243.0269105947
2026-09-01 09:56:04,8000.0,8010.5,Put VEX 1,VEX,-10335126.36,7528.9861505474,9243.0269105947
2026-09-01 09:56:52,7000.0,7009.25,Call CEX 4,CEX,1392972.593,7527.328788132581,9243.583950609394
2026-09-01 09:56:52,7000.0,7009.25,Call DEX 1,DEX,891.02,7527.328788132581,9243.583950609394
2026-09-01 09:56:52,7000.0,7009.25,Put GEX 1,GEX,-720474.5,7527.328788132581,9243.583950609394
2026-09-01 09:56:52,7000.0,7009.25,Call VEX 1,VEX,6308149.588,7527.328788132581,9243.583950609394
2026-09-01 09:56:52,7300.0,7309.75,Call DEX 2,DEX,266.101,7527.328788132581,9243.583950609394
2026-09-01 09:56:52,7300.0,7309.75,Call VEX 5,VEX,1571642.571,7527.328788132581,9243.583950609394
2026-09-01 09:56:52,7400.0,7409.75,Call DEX 4,DEX,213.357,7527.328788132581,9243.583950609394
2026-09-01 09:56:52,7400.0,7409.75,Call VEX 3,VEX,2108574.58,7527.328788132581,9243.583950609394
2026-09-01 09:56:52,7450.0,7460.0,Call DEX 3,DEX,215.523,7527.328788132581,9243.583950609394
2026-09-01 09:56:52,7450.0,7460.0,Call VEX 4,VEX,1866982.745,7527.328788132581,9243.583950609394
2026-09-01 09:56:52,7500.0,7510.0,Call CEX 3,CEX,1409364.594,7527.328788132581,9243.583950609394
2026-09-01 09:56:52,7500.0,7510.0,Call DEX 5,DEX,167.065,7527.328788132581,9243.583950609394
2026-09-01 09:56:52,7500.0,7510.0,Put GEX 2,GEX,-565298.876,7527.328788132581,9243.583950609394
2026-09-01 09:56:52,7500.0,7510.0,Call VEX 2,VEX,2972754.377,7527.328788132581,9243.583950609394
2026-09-01 09:56:52,7515.0,7525.0,Call CEX 5,CEX,1348828.082,7527.328788132581,9243.583950609394
2026-09-01 09:56:52,7550.0,7560.0,Put GEX 4,GEX,-366268.378,7527.328788132581,9243.583950609394
2026-09-01 09:56:52,7600.0,7610.0,Call CEX 1,CEX,2028405.152,7527.328788132581,9243.583950609394
2026-09-01 09:56:52,7625.0,7635.25,Call CEX 2,CEX,1467563.217,7527.328788132581,9243.583950609394
2026-09-01 09:56:52,7650.0,7660.25,Put CEX 3,CEX,-1848692.133,7527.328788132581,9243.583950609394
2026-09-01 09:56:52,7650.0,7660.25,Put DEX 5,DEX,-54.92,7527.328788132581,9243.583950609394
2026-09-01 09:56:52,7650.0,7660.25,Put GEX 5,GEX,-355238.738,7527.328788132581,9243.583950609394
2026-09-01 09:56:52,7675.0,7685.25,Put CEX 2,CEX,-1897810.852,7527.328788132581,9243.583950609394
2026-09-01 09:56:52,7700.0,7710.25,Put CEX 4,CEX,-1711397.764,7527.328788132581,9243.583950609394
2026-09-01 09:56:52,7700.0,7710.25,Put DEX 2,DEX,-175.586,7527.328788132581,9243.583950609394
2026-09-01 09:56:52,7700.0,7710.25,Put VEX 5,VEX,-822963.533,7527.328788132581,9243.583950609394
2026-09-01 09:56:52,7750.0,7760.25,Put CEX 5,CEX,-1247338.89,7527.328788132581,9243.583950609394
2026-09-01 09:56:52,7750.0,7760.25,Put DEX 3,DEX,-81.065,7527.328788132581,9243.583950609394
2026-09-01 09:56:52,7750.0,7760.25,Call GEX 3,GEX,298074.389,7527.328788132581,9243.583950609394
2026-09-01 09:56:52,7750.0,7760.25,Put VEX 3,VEX,-1043999.59,7527.328788132581,9243.583950609394
2026-09-01 09:56:52,7800.0,7810.5,Put DEX 4,DEX,-59.272,7527.328788132581,9243.583950609394
2026-09-01 09:56:52,7800.0,7810.5,Call GEX 1,GEX,532794.184,7527.328788132581,9243.583950609394
2026-09-01 09:56:52,7800.0,7810.5,Put VEX 2,VEX,-1670095.169,7527.328788132581,9243.583950609394
2026-09-01 09:56:52,7850.0,7860.5,Call GEX 4,GEX,282301.983,7527.328788132581,9243.583950609394
2026-09-01 09:56:52,7900.0,7910.5,Call GEX 2,GEX,382960.46,7527.328788132581,9243.583950609394
2026-09-01 09:56:52,7900.0,7910.5,Put VEX 4,VEX,-979518.376,7527.328788132581,9243.583950609394
2026-09-01 09:56:52,7950.0,7960.5,Call GEX 5,GEX,168163.435,7527.328788132581,9243.583950609394
2026-09-01 09:56:52,8000.0,8010.75,Put CEX 1,CEX,-3152236.946,7527.328788132581,9243.583950609394
2026-09-01 09:56:52,8000.0,8010.75,Put DEX 1,DEX,-2526.826,7527.328788132581,9243.583950609394
2026-09-01 09:56:52,8000.0,8010.75,Put GEX 3,GEX,-399789.278,7527.328788132581,9243.583950609394
2026-09-01 09:56:52,8000.0,8010.75,Put VEX 1,VEX,-10332252.696,7527.328788132581,9243.583950609394
2026-09-01 09:57:40,7000.0,7009.25,Call CEX 3,CEX,1341547.097,7525.744235115225,9237.926297165091
2026-09-01 09:57:40,7000.0,7009.25,Put DEX 3,DEX,-95.292,7525.744235115225,9237.926297165091
2026-09-01 09:57:40,7000.0,7009.25,Put GEX 1,GEX,-780993.03,7525.744235115225,9237.926297165091
2026-09-01 09:57:40,7000.0,7009.25,Call VEX 1,VEX,5848764.678,7525.744235115225,9237.926297165091
2026-09-01 09:57:40,7300.0,7309.5,Call DEX 1,DEX,268.576,7525.744235115225,9237.926297165091
2026-09-01 09:57:40,7300.0,7309.5,Call VEX 5,VEX,1548065.737,7525.744235115225,9237.926297165091
2026-09-01 09:57:40,7400.0,7409.75,Call DEX 2,DEX,214.171,7525.744235115225,9237.926297165091
2026-09-01 09:57:40,7400.0,7409.75,Call VEX 3,VEX,2105166.809,7525.744235115225,9237.926297165091
2026-09-01 09:57:40,7450.0,7459.75,Call DEX 3,DEX,212.945,7525.744235115225,9237.926297165091
2026-09-01 09:57:40,7450.0,7459.75,Call VEX 4,VEX,1867994.003,7525.744235115225,9237.926297165091
2026-09-01 09:57:40,7500.0,7509.75,Call CEX 4,CEX,1334813.06,7525.744235115225,9237.926297165091
2026-09-01 09:57:40,7500.0,7509.75,Call DEX 4,DEX,167.238,7525.744235115225,9237.926297165091
2026-09-01 09:57:40,7500.0,7509.75,Put GEX 2,GEX,-559388.073,7525.744235115225,9237.926297165091
2026-09-01 09:57:40,7500.0,7509.75,Call VEX 2,VEX,2985374.93,7525.744235115225,9237.926297165091
2026-09-01 09:57:40,7550.0,7560.0,Call CEX 5,CEX,1123594.081,7525.744235115225,9237.926297165091
2026-09-01 09:57:40,7550.0,7560.0,Put GEX 4,GEX,-356527.176,7525.744235115225,9237.926297165091
2026-09-01 09:57:40,7600.0,7610.0,Call CEX 1,CEX,1933709.455,7525.744235115225,9237.926297165091
2026-09-01 09:57:40,7600.0,7610.0,Call DEX 5,DEX,104.834,7525.744235115225,9237.926297165091
2026-09-01 09:57:40,7625.0,7635.0,Call CEX 2,CEX,1593727.57,7525.744235115225,9237.926297165091
2026-09-01 09:57:40,7650.0,7660.0,Put CEX 4,CEX,-1698154.316,7525.744235115225,9237.926297165091
2026-09-01 09:57:40,7650.0,7660.0,Put GEX 5,GEX,-355518.006,7525.744235115225,9237.926297165091
2026-09-01 09:57:40,7675.0,7685.0,Put CEX 2,CEX,-2165621.868,7525.744235115225,9237.926297165091
2026-09-01 09:57:40,7700.0,7710.0,Put CEX 3,CEX,-1869944.314,7525.744235115225,9237.926297165091
2026-09-01 09:57:40,7700.0,7710.0,Put DEX 2,DEX,-171.079,7525.744235115225,9237.926297165091
2026-09-01 09:57:40,7700.0,7710.0,Put VEX 5,VEX,-798850.833,7525.744235115225,9237.926297165091
2026-09-01 09:57:40,7750.0,7760.25,Put CEX 5,CEX,-1339774.423,7525.744235115225,9237.926297165091
2026-09-01 09:57:40,7750.0,7760.25,Put DEX 4,DEX,-78.667,7525.744235115225,9237.926297165091
2026-09-01 09:57:40,7750.0,7760.25,Call GEX 3,GEX,300917.747,7525.744235115225,9237.926297165091
2026-09-01 09:57:40,7750.0,7760.25,Put VEX 3,VEX,-1037406.144,7525.744235115225,9237.926297165091
2026-09-01 09:57:40,7800.0,7810.25,Put DEX 5,DEX,-56.97,7525.744235115225,9237.926297165091
2026-09-01 09:57:40,7800.0,7810.25,Call GEX 1,GEX,540162.585,7525.744235115225,9237.926297165091
2026-09-01 09:57:40,7800.0,7810.25,Put VEX 2,VEX,-1664817.649,7525.744235115225,9237.926297165091
2026-09-01 09:57:40,7850.0,7860.25,Call GEX 4,GEX,284624.814,7525.744235115225,9237.926297165091
2026-09-01 09:57:40,7900.0,7910.5,Call GEX 2,GEX,385822.965,7525.744235115225,9237.926297165091
2026-09-01 09:57:40,7900.0,7910.5,Put VEX 4,VEX,-979906.212,7525.744235115225,9237.926297165091
2026-09-01 09:57:40,7950.0,7960.5,Call GEX 5,GEX,169394.771,7525.744235115225,9237.926297165091
2026-09-01 09:57:40,8000.0,8010.5,Put CEX 1,CEX,-3177762.796,7525.744235115225,9237.926297165091
2026-09-01 09:57:40,8000.0,8010.5,Put DEX 1,DEX,-2516.063,7525.744235115225,9237.926297165091
2026-09-01 09:57:40,8000.0,8010.5,Put GEX 3,GEX,-406680.86,7525.744235115225,9237.926297165091
2026-09-01 09:57:40,8000.0,8010.5,Put VEX 1,VEX,-10367734.184,7525.744235115225,9237.926297165091
2026-09-01 09:58:28,7000.0,7009.25,Call CEX 3,CEX,1408262.939,7529.937880154295,9242.051193480396
2026-09-01 09:58:28,7000.0,7009.25,Call DEX 1,DEX,921.665,7529.937880154295,9242.051193480396
2026-09-01 09:58:28,7000.0,7009.25,Put GEX 1,GEX,-689463.412,7529.937880154295,9242.051193480396
2026-09-01 09:58:28,7000.0,7009.25,Call VEX 1,VEX,6473241.418,7529.937880154295,9242.051193480396
2026-09-01 09:58:28,7300.0,7309.75,Call DEX 2,DEX,265.322,7529.937880154295,9242.051193480396
2026-09-01 09:58:28,7300.0,7309.75,Call VEX 5,VEX,1585542.034,7529.937880154295,9242.051193480396
2026-09-01 09:58:28,7400.0,7409.75,Call DEX 4,DEX,213.604,7529.937880154295,9242.051193480396
2026-09-01 09:58:28,7400.0,7409.75,Call VEX 3,VEX,2111380.012,7529.937880154295,9242.051193480396
2026-09-01 09:58:28,7450.0,7460.0,Call DEX 3,DEX,221.282,7529.937880154295,9242.051193480396
2026-09-01 09:58:28,7450.0,7460.0,Call VEX 4,VEX,1868258.704,7529.937880154295,9242.051193480396
2026-09-01 09:58:28,7500.0,7510.0,Call CEX 5,CEX,1356860.078,7529.937880154295,9242.051193480396
2026-09-01 09:58:28,7500.0,7510.0,Call DEX 5,DEX,168.474,7529.937880154295,9242.051193480396
2026-09-01 09:58:28,7500.0,7510.0,Put GEX 2,GEX,-565826.591,7529.937880154295,9242.051193480396
2026-09-01 09:58:28,7500.0,7510.0,Call VEX 2,VEX,2977479.529,7529.937880154295,9242.051193480396
2026-09-01 09:58:28,7515.0,7525.0,Call CEX 4,CEX,1357232.265,7529.937880154295,9242.051193480396
2026-09-01 09:58:28,7550.0,7560.0,Put GEX 4,GEX,-367349.38,7529.937880154295,9242.051193480396
2026-09-01 09:58:28,7600.0,7610.25,Call CEX 1,CEX,1970931.983,7529.937880154295,9242.051193480396
2026-09-01 09:58:28,7625.0,7635.25,Call CEX 2,CEX,1547642.41,7529.937880154295,9242.051193480396
2026-09-01 09:58:28,7650.0,7660.25,Put CEX 3,CEX,-1807305.224,7529.937880154295,9242.051193480396
2026-09-01 09:58:28,7650.0,7660.25,Put DEX 5,DEX,-53.575,7529.937880154295,9242.051193480396
2026-09-01 09:58:28,7650.0,7660.25,Put GEX 5,GEX,-362350.038,7529.937880154295,9242.051193480396
2026-09-01 09:58:28,7675.0,7685.25,Put CEX 2,CEX,-2075379.983,7529.937880154295,9242.051193480396
2026-09-01 09:58:28,7700.0,7710.25,Put CEX 4,CEX,-1742923.242,7529.937880154295,9242.051193480396
2026-09-01 09:58:28,7700.0,7710.25,Put DEX 2,DEX,-173.751,7529.937880154295,9242.051193480396
2026-09-01 09:58:28,7700.0,7710.25,Put VEX 5,VEX,-811346.312,7529.937880154295,9242.051193480396
2026-09-01 09:58:28,7750.0,7760.25,Put CEX 5,CEX,-1281294.698,7529.937880154295,9242.051193480396
2026-09-01 09:58:28,7750.0,7760.25,Put DEX 3,DEX,-80.585,7529.937880154295,9242.051193480396
2026-09-01 09:58:28,7750.0,7760.25,Call GEX 3,GEX,297683.385,7529.937880154295,9242.051193480396
2026-09-01 09:58:28,7750.0,7760.25,Put VEX 3,VEX,-1039065.079,7529.937880154295,9242.051193480396
2026-09-01 09:58:28,7800.0,7810.5,Put DEX 4,DEX,-58.625,7529.937880154295,9242.051193480396
2026-09-01 09:58:28,7800.0,7810.5,Call GEX 1,GEX,533799.788,7529.937880154295,9242.051193480396
2026-09-01 09:58:28,7800.0,7810.5,Put VEX 2,VEX,-1667714.88,7529.937880154295,9242.051193480396
2026-09-01 09:58:28,7850.0,7860.5,Call GEX 4,GEX,283062.55,7529.937880154295,9242.051193480396
2026-09-01 09:58:28,7900.0,7910.5,Call GEX 2,GEX,383972.202,7529.937880154295,9242.051193480396
2026-09-01 09:58:28,7900.0,7910.5,Put VEX 4,VEX,-979515.217,7529.937880154295,9242.051193480396
2026-09-01 09:58:28,7950.0,7960.5,Call GEX 5,GEX,168779.701,7529.937880154295,9242.051193480396
2026-09-01 09:58:28,8000.0,8010.75,Put CEX 1,CEX,-3131173.244,7529.937880154295,9242.051193480396
2026-09-01 09:58:28,8000.0,8010.75,Put DEX 1,DEX,-2533.468,7529.937880154295,9242.051193480396
2026-09-01 09:58:28,8000.0,8010.75,Put GEX 3,GEX,-392209.706,7529.937880154295,9242.051193480396
2026-09-01 09:58:28,8000.0,8010.75,Put VEX 1,VEX,-10309517.458,7529.937880154295,9242.051193480396
2026-09-01 09:59:15,7000.0,7009.25,Call CEX 3,CEX,1367445.378,7526.30759620564,9240.216377630864
2026-09-01 09:59:15,7000.0,7009.25,Call DEX 1,DEX,891.001,7526.30759620564,9240.216377630864
2026-09-01 09:59:15,7000.0,7009.25,Put GEX 1,GEX,-735743.186,7526.30759620564,9240.216377630864
2026-09-01 09:59:15,7000.0,7009.25,Call VEX 1,VEX,6126848.876,7526.30759620564,9240.216377630864
2026-09-01 09:59:15,7300.0,7309.75,Call DEX 2,DEX,267.829,7526.30759620564,9240.216377630864
2026-09-01 09:59:15,7300.0,7309.75,Call VEX 5,VEX,1561652.608,7526.30759620564,9240.216377630864
2026-09-01 09:59:15,7400.0,7409.75,Call DEX 3,DEX,214.746,7526.30759620564,9240.216377630864
2026-09-01 09:59:15,7400.0,7409.75,Call VEX 3,VEX,2107415.324,7526.30759620564,9240.216377630864
2026-09-01 09:59:15,7450.0,7459.75,Call DEX 4,DEX,213.144,7526.30759620564,9240.216377630864
2026-09-01 09:59:15,7450.0,7459.75,Call VEX 4,VEX,1869081.243,7526.30759620564,9240.216377630864
2026-09-01 09:59:15,7500.0,7510.0,Call CEX 4,CEX,1339366.771,7526.30759620564,9240.216377630864
2026-09-01 09:59:15,7500.0,7510.0,Call DEX 5,DEX,171.938,7526.30759620564,9240.216377630864
2026-09-01 09:59:15,7500.0,7510.0,Put GEX 2,GEX,-559380.121,7526.30759620564,9240.216377630864
2026-09-01 09:59:15,7500.0,7510.0,Call VEX 2,VEX,2989647.405,7526.30759620564,9240.216377630864
2026-09-01 09:59:15,7515.0,7525.0,Call CEX 5,CEX,1212203.604,7526.30759620564,9240.216377630864
2026-09-01 09:59:15,7550.0,7560.0,Put GEX 4,GEX,-356927.672,7526.30759620564,9240.216377630864
2026-09-01 09:59:15,7600.0,7610.0,Call CEX 1,CEX,1844115.273,7526.30759620564,9240.216377630864
2026-09-01 09:59:15,7625.0,7635.0,Call CEX 2,CEX,1641460.621,7526.30759620564,9240.216377630864
2026-09-01 09:59:15,7650.0,7660.0,Put CEX 4,CEX,-1667223.033,7526.30759620564,9240.216377630864
2026-09-01 09:59:15,7650.0,7660.0,Put DEX 5,DEX,-50.873,7526.30759620564,9240.216377630864
2026-09-01 09:59:15,7650.0,7660.0,Put GEX 5,GEX,-356498.932,7526.30759620564,9240.216377630864
2026-09-01 09:59:15,7675.0,7685.25,Put CEX 2,CEX,-2194906.519,7526.30759620564,9240.216377630864
2026-09-01 09:59:15,7700.0,7710.25,Put CEX 3,CEX,-1890456.219,7526.30759620564,9240.216377630864
2026-09-01 09:59:15,7700.0,7710.25,Put DEX 2,DEX,-170.132,7526.30759620564,9240.216377630864
2026-09-01 09:59:15,7700.0,7710.25,Put VEX 5,VEX,-792304.715,7526.30759620564,9240.216377630864
2026-09-01 09:59:15,7750.0,7760.25,Put CEX 5,CEX,-1368472.134,7526.30759620564,9240.216377630864
2026-09-01 09:59:15,7750.0,7760.25,Put DEX 3,DEX,-78.513,7526.30759620564,9240.216377630864
2026-09-01 09:59:15,7750.0,7760.25,Call GEX 3,GEX,300071.782,7526.30759620564,9240.216377630864
2026-09-01 09:59:15,7750.0,7760.25,Put VEX 3,VEX,-1035637.444,7526.30759620564,9240.216377630864
2026-09-01 09:59:15,7800.0,7810.25,Put DEX 4,DEX,-56.623,7526.30759620564,9240.216377630864
2026-09-01 09:59:15,7800.0,7810.25,Call GEX 1,GEX,540151.41,7526.30759620564,9240.216377630864
2026-09-01 09:59:15,7800.0,7810.25,Put VEX 2,VEX,-1663868.761,7526.30759620564,9240.216377630864
2026-09-01 09:59:15,7850.0,7860.5,Call GEX 4,GEX,285175.461,7526.30759620564,9240.216377630864
2026-09-01 09:59:15,7900.0,7910.5,Call GEX 2,GEX,386748.231,7526.30759620564,9240.216377630864
2026-09-01 09:59:15,7900.0,7910.5,Put VEX 4,VEX,-980572.207,7526.30759620564,9240.216377630864
2026-09-01 09:59:15,7950.0,7960.5,Call GEX 5,GEX,169939.081,7526.30759620564,9240.216377630864
2026-09-01 09:59:15,8000.0,8010.5,Put CEX 1,CEX,-3169842.56,7526.30759620564,9240.216377630864
2026-09-01 09:59:15,8000.0,8010.5,Put DEX 1,DEX,-2518.479,7526.30759620564,9240.216377630864
2026-09-01 09:59:15,8000.0,8010.5,Put GEX 3,GEX,-404856.372,7526.30759620564,9240.216377630864
2026-09-01 09:59:15,8000.0,8010.5,Put VEX 1,VEX,-10362845.05,7526.30759620564,9240.216377630864
2026-09-01 10:00:02,7000.0,7009.0,Call CEX 3,CEX,1345522.15,7526.690696851704,9239.656945895264
2026-09-01 10:00:02,7000.0,7009.0,Call DEX 1,DEX,895.337,7526.690696851704,9239.656945895264
2026-09-01 10:00:02,7000.0,7009.0,Put GEX 1,GEX,-762729.207,7526.690696851704,9239.656945895264
2026-09-01 10:00:02,7000.0,7009.0,Call VEX 1,VEX,5929514.968,7526.690696851704,9239.656945895264
2026-09-01 10:00:02,7300.0,7309.25,Call DEX 2,DEX,268.594,7526.690696851704,9239.656945895264
2026-09-01 10:00:02,7300.0,7309.25,Call VEX 5,VEX,1552285.877,7526.690696851704,9239.656945895264
2026-09-01 10:00:02,7400.0,7409.5,Call DEX 3,DEX,215.173,7526.690696851704,9239.656945895264
2026-09-01 10:00:02,7400.0,7409.5,Call VEX 3,VEX,2106792.966,7526.690696851704,9239.656945895264
2026-09-01 10:00:02,7450.0,7459.5,Call DEX 4,DEX,213.646,7526.690696851704,9239.656945895264
2026-09-01 10:00:02,7450.0,7459.5,Call VEX 4,VEX,1869513.178,7526.690696851704,9239.656945895264
2026-09-01 10:00:02,7500.0,7509.5,Call CEX 4,CEX,1336612.255,7526.690696851704,9239.656945895264
2026-09-01 10:00:02,7500.0,7509.5,Call DEX 5,DEX,169.482,7526.690696851704,9239.656945895264
2026-09-01 10:00:02,7500.0,7509.5,Put GEX 2,GEX,-559223.726,7526.690696851704,9239.656945895264
2026-09-01 10:00:02,7500.0,7509.5,Call VEX 2,VEX,2990907.132,7526.690696851704,9239.656945895264
2026-09-01 10:00:02,7515.0,7524.5,Call CEX 5,CEX,1334580.349,7526.690696851704,9239.656945895264
2026-09-01 10:00:02,7550.0,7559.5,Put GEX 4,GEX,-356377.822,7526.690696851704,9239.656945895264
2026-09-01 10:00:02,7600.0,7609.75,Call CEX 1,CEX,1698293.42,7526.690696851704,9239.656945895264
2026-09-01 10:00:02,7625.0,7634.75,Call CEX 2,CEX,1651559.789,7526.690696851704,9239.656945895264
2026-09-01 10:00:02,7650.0,7659.75,Put CEX 4,CEX,-1637913.048,7526.690696851704,9239.656945895264
2026-09-01 10:00:02,7650.0,7659.75,Put DEX 5,DEX,-50.481,7526.690696851704,9239.656945895264
2026-09-01 10:00:02,7650.0,7659.75,Put GEX 5,GEX,-350804.684,7526.690696851704,9239.656945895264
2026-09-01 10:00:02,7675.0,7684.75,Put CEX 2,CEX,-2278810.117,7526.690696851704,9239.656945895264
2026-09-01 10:00:02,7690.0,7699.75,Put CEX 5,CEX,-1416618.384,7526.690696851704,9239.656945895264
2026-09-01 10:00:02,7700.0,7709.75,Put CEX 3,CEX,-2006164.632,7526.690696851704,9239.656945895264
2026-09-01 10:00:02,7700.0,7709.75,Put DEX 2,DEX,-169.328,7526.690696851704,9239.656945895264
2026-09-01 10:00:02,7700.0,7709.75,Put VEX 5,VEX,-792514.591,7526.690696851704,9239.656945895264
2026-09-01 10:00:02,7750.0,7759.75,Put DEX 3,DEX,-77.977,7526.690696851704,9239.656945895264
2026-09-01 10:00:02,7750.0,7759.75,Call GEX 3,GEX,300286.022,7526.690696851704,9239.656945895264
2026-09-01 10:00:02,7750.0,7759.75,Put VEX 3,VEX,-1034605.469,7526.690696851704,9239.656945895264
2026-09-01 10:00:02,7800.0,7810.0,Put DEX 4,DEX,-56.242,7526.690696851704,9239.656945895264
2026-09-01 10:00:02,7800.0,7810.0,Call GEX 1,GEX,540973.847,7526.690696851704,9239.656945895264
2026-09-01 10:00:02,7800.0,7810.0,Put VEX 2,VEX,-1661731.256,7526.690696851704,9239.656945895264
2026-09-01 10:00:02,7850.0,7860.0,Call GEX 4,GEX,284928.353,7526.690696851704,9239.656945895264
2026-09-01 10:00:02,7900.0,7910.0,Call GEX 2,GEX,386951.627,7526.690696851704,9239.656945895264
2026-09-01 10:00:02,7900.0,7910.0,Put VEX 4,VEX,-980414.465,7526.690696851704,9239.656945895264
2026-09-01 10:00:02,7950.0,7960.0,Call GEX 5,GEX,170046.564,7526.690696851704,9239.656945895264
2026-09-01 10:00:02,8000.0,8010.25,Put CEX 1,CEX,-3170845.343,7526.690696851704,9239.656945895264
2026-09-01 10:00:02,8000.0,8010.25,Put DEX 1,DEX,-2517.5,7526.690696851704,9239.656945895264
2026-09-01 10:00:02,8000.0,8010.25,Put GEX 3,GEX,-403786.57,7526.690696851704,9239.656945895264
2026-09-01 10:00:02,8000.0,8010.25,Put VEX 1,VEX,-10361419.454,7526.690696851704,9239.656945895264
2026-09-01 10:00:50,7000.0,7008.5,Call CEX 4,CEX,1341881.852,7527.567832737559,9241.685708898342
2026-09-01 10:00:50,7000.0,7008.5,Put DEX 3,DEX,-96.013,7527.567832737559,9241.685708898342
2026-09-01 10:00:50,7000.0,7008.5,Put GEX 1,GEX,-782982.923,7527.567832737559,9241.685708898342
2026-09-01 10:00:50,7000.0,7008.5,Call VEX 1,VEX,5851983.568,7527.567832737559,9241.685708898342
2026-09-01 10:00:50,7300.0,7309.0,Call DEX 1,DEX,268.217,7527.567832737559,9241.685708898342
2026-09-01 10:00:50,7300.0,7309.0,Call VEX 5,VEX,1544583.392,7527.567832737559,9241.685708898342
2026-09-01 10:00:50,7400.0,7409.0,Call DEX 2,DEX,214.759,7527.567832737559,9241.685708898342
2026-09-01 10:00:50,7400.0,7409.0,Call VEX 3,VEX,2104369.825,7527.567832737559,9241.685708898342
2026-09-01 10:00:50,7450.0,7459.25,Call DEX 3,DEX,211.409,7527.567832737559,9241.685708898342
2026-09-01 10:00:50,7450.0,7459.25,Call VEX 4,VEX,1866691.288,7527.567832737559,9241.685708898342
2026-09-01 10:00:50,7500.0,7509.25,Call CEX 3,CEX,1451070.95,7527.567832737559,9241.685708898342
2026-09-01 10:00:50,7500.0,7509.25,Call DEX 4,DEX,164.394,7527.567832737559,9241.685708898342
2026-09-01 10:00:50,7500.0,7509.25,Put GEX 2,GEX,-562503.676,7527.567832737559,9241.685708898342
2026-09-01 10:00:50,7500.0,7509.25,Call VEX 2,VEX,2978937.526,7527.567832737559,9241.685708898342
2026-09-01 10:00:50,7515.0,7524.25,Call CEX 5,CEX,1336277.459,7527.567832737559,9241.685708898342
2026-09-01 10:00:50,7550.0,7559.25,Put GEX 4,GEX,-360565.05,7527.567832737559,9241.685708898342
2026-09-01 10:00:50,7600.0,7609.25,Call CEX 1,CEX,1741656.565,7527.567832737559,9241.685708898342
2026-09-01 10:00:50,7600.0,7609.25,Call DEX 5,DEX,95.188,7527.567832737559,9241.685708898342
2026-09-01 10:00:50,7625.0,7634.25,Call CEX 2,CEX,1517354.224,7527.567832737559,9241.685708898342
2026-09-01 10:00:50,7650.0,7659.5,Put CEX 4,CEX,-1712513.285,7527.567832737559,9241.685708898342
2026-09-01 10:00:50,7650.0,7659.5,Put GEX 5,GEX,-310380.38,7527.567832737559,9241.685708898342
2026-09-01 10:00:50,7675.0,7684.5,Put CEX 2,CEX,-2370877.914,7527.567832737559,9241.685708898342
2026-09-01 10:00:50,7690.0,7699.5,Put CEX 5,CEX,-1589751.75,7527.567832737559,9241.685708898342
2026-09-01 10:00:50,7700.0,7709.5,Put CEX 3,CEX,-2148678.253,7527.567832737559,9241.685708898342
2026-09-01 10:00:50,7700.0,7709.5,Put DEX 2,DEX,-172.592,7527.567832737559,9241.685708898342
2026-09-01 10:00:50,7700.0,7709.5,Put VEX 5,VEX,-823849.39,7527.567832737559,9241.685708898342
2026-09-01 10:00:50,7750.0,7759.5,Put DEX 4,DEX,-79.592,7527.567832737559,9241.685708898342
2026-09-01 10:00:50,7750.0,7759.5,Call GEX 3,GEX,294712.083,7527.567832737559,9241.685708898342
2026-09-01 10:00:50,7750.0,7759.5,Put VEX 3,VEX,-1049277.089,7527.567832737559,9241.685708898342
2026-09-01 10:00:50,7800.0,7809.5,Put DEX 5,DEX,-58.089,7527.567832737559,9241.685708898342
2026-09-01 10:00:50,7800.0,7809.5,Call GEX 1,GEX,535985.306,7527.567832737559,9241.685708898342
2026-09-01 10:00:50,7800.0,7809.5,Put VEX 2,VEX,-1671038.846,7527.567832737559,9241.685708898342
2026-09-01 10:00:50,7850.0,7859.75,Call GEX 4,GEX,282389.199,7527.567832737559,9241.685708898342
2026-09-01 10:00:50,7900.0,7909.75,Call GEX 2,GEX,384136.292,7527.567832737559,9241.685708898342
2026-09-01 10:00:50,7900.0,7909.75,Put VEX 4,VEX,-979516.628,7527.567832737559,9241.685708898342
2026-09-01 10:00:50,7950.0,7959.75,Call GEX 5,GEX,168630.064,7527.567832737559,9241.685708898342
2026-09-01 10:00:50,8000.0,8009.75,Put CEX 1,CEX,-3182719.332,7527.567832737559,9241.685708898342
2026-09-01 10:00:50,8000.0,8009.75,Put DEX 1,DEX,-2513.147,7527.567832737559,9241.685708898342
2026-09-01 10:00:50,8000.0,8009.75,Put GEX 3,GEX,-411022.116,7527.567832737559,9241.685708898342
2026-09-01 10:00:50,8000.0,8009.75,Put VEX 1,VEX,-10377542.715,7527.567832737559,9241.685708898342
2026-09-01 10:01:41,7000.0,7009.5,Call CEX 4,CEX,1376446.699,7532.911270488235,9246.263793892193
2026-09-01 10:01:41,7000.0,7009.5,Call DEX 1,DEX,894.674,7532.911270488235,9246.263793892193
2026-09-01 10:01:41,7000.0,7009.5,Put GEX 1,GEX,-743249.127,7532.911270488235,9246.263793892193
2026-09-01 10:01:41,7000.0,7009.5,Call VEX 1,VEX,6158488.082,7532.911270488235,9246.263793892193
2026-09-01 10:01:41,7300.0,7310.0,Call DEX 2,DEX,265.42,7532.911270488235,9246.263793892193
2026-09-01 10:01:41,7300.0,7310.0,Call VEX 5,VEX,1580379.897,7532.911270488235,9246.263793892193
2026-09-01 10:01:41,7400.0,7410.25,Call DEX 4,DEX,211.363,7532.911270488235,9246.263793892193
2026-09-01 10:01:41,7400.0,7410.25,Call VEX 3,VEX,2110053.021,7532.911270488235,9246.263793892193
2026-09-01 10:01:41,7450.0,7460.25,Call DEX 3,DEX,214.35,7532.911270488235,9246.263793892193
2026-09-01 10:01:41,7450.0,7460.25,Call VEX 4,VEX,1864836.95,7532.911270488235,9246.263793892193
2026-09-01 10:01:41,7500.0,7510.25,Call CEX 5,CEX,1362517.605,7532.911270488235,9246.263793892193
2026-09-01 10:01:41,7500.0,7510.25,Call DEX 5,DEX,163.446,7532.911270488235,9246.263793892193
2026-09-01 10:01:41,7500.0,7510.25,Put GEX 2,GEX,-567139.087,7532.911270488235,9246.263793892193
2026-09-01 10:01:41,7500.0,7510.25,Call VEX 2,VEX,2959214.69,7532.911270488235,9246.263793892193
2026-09-01 10:01:41,7515.0,7525.25,Call CEX 3,CEX,1380253.703,7532.911270488235,9246.263793892193
2026-09-01 10:01:41,7550.0,7560.25,Put GEX 4,GEX,-369100.151,7532.911270488235,9246.263793892193
2026-09-01 10:01:41,7600.0,7610.5,Call CEX 1,CEX,2064493.173,7532.911270488235,9246.263793892193
2026-09-01 10:01:41,7625.0,7635.5,Call CEX 2,CEX,1402047.735,7532.911270488235,9246.263793892193
2026-09-01 10:01:41,7650.0,7660.5,Put CEX 3,CEX,-1943391.261,7532.911270488235,9246.263793892193
2026-09-01 10:01:41,7650.0,7660.5,Put DEX 5,DEX,-56.786,7532.911270488235,9246.263793892193
2026-09-01 10:01:41,7650.0,7660.5,Put GEX 5,GEX,-343565.255,7532.911270488235,9246.263793892193
2026-09-01 10:01:41,7675.0,7685.5,Put CEX 2,CEX,-2094211.343,7532.911270488235,9246.263793892193
2026-09-01 10:01:41,7700.0,7710.5,Put CEX 4,CEX,-1842849.14,7532.911270488235,9246.263793892193
2026-09-01 10:01:41,7700.0,7710.5,Put DEX 2,DEX,-177.966,7532.911270488235,9246.263793892193
2026-09-01 10:01:41,7700.0,7710.5,Put VEX 5,VEX,-843882.994,7532.911270488235,9246.263793892193
2026-09-01 10:01:41,7750.0,7760.5,Put CEX 5,CEX,-1276631.471,7532.911270488235,9246.263793892193
2026-09-01 10:01:41,7750.0,7760.5,Put DEX 3,DEX,-82.752,7532.911270488235,9246.263793892193
2026-09-01 10:01:41,7750.0,7760.5,Call GEX 3,GEX,296374.92,7532.911270488235,9246.263793892193
2026-09-01 10:01:41,7750.0,7760.5,Put VEX 3,VEX,-1049434.855,7532.911270488235,9246.263793892193
2026-09-01 10:01:41,7800.0,7810.75,Put DEX 4,DEX,-60.625,7532.911270488235,9246.263793892193
2026-09-01 10:01:41,7800.0,7810.75,Call GEX 1,GEX,530413.931,7532.911270488235,9246.263793892193
2026-09-01 10:01:41,7800.0,7810.75,Put VEX 2,VEX,-1674574.4,7532.911270488235,9246.263793892193
2026-09-01 10:01:41,7850.0,7860.75,Call GEX 4,GEX,280255.662,7532.911270488235,9246.263793892193
2026-09-01 10:01:41,7900.0,7910.75,Call GEX 2,GEX,381206.117,7532.911270488235,9246.263793892193
2026-09-01 10:01:41,7900.0,7910.75,Put VEX 4,VEX,-978063.855,7532.911270488235,9246.263793892193
2026-09-01 10:01:41,7950.0,7961.0,Call GEX 5,GEX,167417.211,7532.911270488235,9246.263793892193
2026-09-01 10:01:41,8000.0,8011.0,Put CEX 1,CEX,-3127289.131,7532.911270488235,9246.263793892193
2026-09-01 10:01:41,8000.0,8011.0,Put DEX 1,DEX,-2531.438,7532.911270488235,9246.263793892193
2026-09-01 10:01:41,8000.0,8011.0,Put GEX 3,GEX,-392583.651,7532.911270488235,9246.263793892193
2026-09-01 10:01:41,8000.0,8011.0,Put VEX 1,VEX,-10302940.93,7532.911270488235,9246.263793892193
2026-09-01 10:02:29,7000.0,7009.0,Call CEX 3,CEX,1426584.565,7546.914676046356,9245.251052879736
2026-09-01 10:02:29,7000.0,7009.0,Call DEX 1,DEX,880.161,7546.914676046356,9245.251052879736
2026-09-01 10:02:29,7000.0,7009.0,Put GEX 1,GEX,-713154.953,7546.914676046356,9245.251052879736
2026-09-01 10:02:29,7000.0,7009.0,Call VEX 1,VEX,6504368.083,7546.914676046356,9245.251052879736
2026-09-01 10:02:29,7300.0,7309.5,Call DEX 2,DEX,262.657,7546.914676046356,9245.251052879736
2026-09-01 10:02:29,7300.0,7309.5,Call VEX 5,VEX,1598799.542,7546.914676046356,9245.251052879736
2026-09-01 10:02:29,7400.0,7409.5,Call DEX 3,DEX,207.318,7546.914676046356,9245.251052879736
2026-09-01 10:02:29,7400.0,7409.5,Call VEX 3,VEX,2107998.208,7546.914676046356,9245.251052879736
2026-09-01 10:02:29,7450.0,7459.5,Call DEX 4,DEX,203.825,7546.914676046356,9245.251052879736
2026-09-01 10:02:29,7450.0,7459.5,Call VEX 4,VEX,1856625.395,7546.914676046356,9245.251052879736
2026-09-01 10:02:29,7500.0,7509.75,Call CEX 2,CEX,1458823.072,7546.914676046356,9245.251052879736
2026-09-01 10:02:29,7500.0,7509.75,Call DEX 5,DEX,154.633,7546.914676046356,9245.251052879736
2026-09-01 10:02:29,7500.0,7509.75,Put GEX 2,GEX,-573094.454,7546.914676046356,9245.251052879736
2026-09-01 10:02:29,7500.0,7509.75,Call VEX 2,VEX,2932405.216,7546.914676046356,9245.251052879736
2026-09-01 10:02:29,7515.0,7524.75,Call CEX 4,CEX,1387537.809,7546.914676046356,9245.251052879736
2026-09-01 10:02:29,7550.0,7559.75,Call CEX 5,CEX,1235597.727,7546.914676046356,9245.251052879736
2026-09-01 10:02:29,7550.0,7559.75,Put GEX 4,GEX,-373744.475,7546.914676046356,9245.251052879736
2026-09-01 10:02:29,7600.0,7609.75,Call CEX 1,CEX,2149022.027,7546.914676046356,9245.251052879736
2026-09-01 10:02:29,7650.0,7659.75,Put CEX 3,CEX,-2030778.568,7546.914676046356,9245.251052879736
2026-09-01 10:02:29,7650.0,7659.75,Put DEX 5,DEX,-59.728,7546.914676046356,9245.251052879736
2026-09-01 10:02:29,7650.0,7659.75,Put GEX 5,GEX,-327359.016,7546.914676046356,9245.251052879736
2026-09-01 10:02:29,7675.0,7685.0,Put CEX 2,CEX,-2141707.081,7546.914676046356,9245.251052879736
2026-09-01 10:02:29,7700.0,7710.0,Put CEX 4,CEX,-1949795.345,7546.914676046356,9245.251052879736
2026-09-01 10:02:29,7700.0,7710.0,Put DEX 2,DEX,-180.998,7546.914676046356,9245.251052879736
2026-09-01 10:02:29,7700.0,7710.0,Put VEX 5,VEX,-870916.974,7546.914676046356,9245.251052879736
2026-09-01 10:02:29,7750.0,7760.0,Put CEX 5,CEX,-1351381.11,7546.914676046356,9245.251052879736
2026-09-01 10:02:29,7750.0,7760.0,Put DEX 3,DEX,-83.287,7546.914676046356,9245.251052879736
2026-09-01 10:02:29,7750.0,7760.0,Call GEX 3,GEX,289100.213,7546.914676046356,9245.251052879736
2026-09-01 10:02:29,7750.0,7760.0,Put VEX 3,VEX,-1059693.063,7546.914676046356,9245.251052879736
2026-09-01 10:02:29,7800.0,7810.0,Put DEX 4,DEX,-61.097,7546.914676046356,9245.251052879736
2026-09-01 10:02:29,7800.0,7810.0,Call GEX 1,GEX,523944.919,7546.914676046356,9245.251052879736
2026-09-01 10:02:29,7800.0,7810.0,Put VEX 2,VEX,-1678676.572,7546.914676046356,9245.251052879736
2026-09-01 10:02:29,7850.0,7860.25,Call GEX 4,GEX,277439.555,7546.914676046356,9245.251052879736
2026-09-01 10:02:29,7900.0,7910.25,Call GEX 2,GEX,378680.076,7546.914676046356,9245.251052879736
2026-09-01 10:02:29,7900.0,7910.25,Put VEX 4,VEX,-978709.031,7546.914676046356,9245.251052879736
2026-09-01 10:02:29,7950.0,7960.25,Call GEX 5,GEX,166409.892,7546.914676046356,9245.251052879736
2026-09-01 10:02:29,8000.0,8010.25,Put CEX 1,CEX,-3151038.492,7546.914676046356,9245.251052879736
2026-09-01 10:02:29,8000.0,8010.25,Put DEX 1,DEX,-2527.861,7546.914676046356,9245.251052879736
2026-09-01 10:02:29,8000.0,8010.25,Put GEX 3,GEX,-396092.04,7546.914676046356,9245.251052879736
2026-09-01 10:02:29,8000.0,8010.25,Put VEX 1,VEX,-10347359.732,7546.914676046356,9245.251052879736
2026-09-01 10:03:16,7000.0,7009.5,Call CEX 3,CEX,1445583.382,7529.547955151854,9246.804520885777
2026-09-01 10:03:16,7000.0,7009.5,Call DEX 1,DEX,873.888,7529.547955151854,9246.804520885777
2026-09-01 10:03:16,7000.0,7009.5,Put GEX 1,GEX,-690823.569,7529.547955151854,9246.804520885777
2026-09-01 10:03:16,7000.0,7009.5,Call VEX 1,VEX,6665839.6,7529.547955151854,9246.804520885777
2026-09-01 10:03:16,7300.0,7310.0,Call DEX 2,DEX,261.798,7529.547955151854,9246.804520885777
2026-09-01 10:03:16,7300.0,7310.0,Call VEX 5,VEX,1609934.006,7529.547955151854,9246.804520885777
2026-09-01 10:03:16,7400.0,7410.25,Call DEX 4,DEX,207.203,7529.547955151854,9246.804520885777
2026-09-01 10:03:16,7400.0,7410.25,Call VEX 3,VEX,2111722.292,7529.547955151854,9246.804520885777
2026-09-01 10:03:16,7450.0,7460.25,Call DEX 3,DEX,214.0,7529.547955151854,9246.804520885777
2026-09-01 10:03:16,7450.0,7460.25,Call VEX 4,VEX,1861617.767,7529.547955151854,9246.804520885777
2026-09-01 10:03:16,7500.0,7510.25,Call CEX 2,CEX,1489099.774,7529.547955151854,9246.804520885777
2026-09-01 10:03:16,7500.0,7510.25,Call DEX 5,DEX,154.225,7529.547955151854,9246.804520885777
2026-09-01 10:03:16,7500.0,7510.25,Put GEX 2,GEX,-575075.422,7529.547955151854,9246.804520885777
2026-09-01 10:03:16,7500.0,7510.25,Call VEX 2,VEX,2930468.978,7529.547955151854,9246.804520885777
2026-09-01 10:03:16,7515.0,7525.25,Call CEX 4,CEX,1406792.104,7529.547955151854,9246.804520885777
2026-09-01 10:03:16,7550.0,7560.25,Call CEX 5,CEX,1348571.548,7529.547955151854,9246.804520885777
2026-09-01 10:03:16,7550.0,7560.25,Put GEX 4,GEX,-378358.033,7529.547955151854,9246.804520885777
2026-09-01 10:03:16,7600.0,7610.5,Call CEX 1,CEX,2208404.936,7529.547955151854,9246.804520885777
2026-09-01 10:03:16,7650.0,7660.5,Put CEX 2,CEX,-2093495.033,7529.547955151854,9246.804520885777
2026-09-01 10:03:16,7650.0,7660.5,Put DEX 4,DEX,-60.742,7529.547955151854,9246.804520885777
2026-09-01 10:03:16,7650.0,7660.5,Put GEX 5,GEX,-337707.337,7529.547955151854,9246.804520885777
2026-09-01 10:03:16,7675.0,7685.5,Put CEX 3,CEX,-1460694.433,7529.547955151854,9246.804520885777
2026-09-01 10:03:16,7700.0,7710.5,Put CEX 4,CEX,-1392365.191,7529.547955151854,9246.804520885777
2026-09-01 10:03:16,7700.0,7710.5,Put DEX 2,DEX,-169.833,7529.547955151854,9246.804520885777
2026-09-01 10:03:16,7700.0,7710.5,Put VEX 5,VEX,-862284.821,7529.547955151854,9246.804520885777
2026-09-01 10:03:16,7750.0,7760.75,Put CEX 5,CEX,-1178287.878,7529.547955151854,9246.804520885777
2026-09-01 10:03:16,7750.0,7760.75,Put DEX 3,DEX,-78.34,7529.547955151854,9246.804520885777
2026-09-01 10:03:16,7750.0,7760.75,Call GEX 3,GEX,293664.087,7529.547955151854,9246.804520885777
2026-09-01 10:03:16,7750.0,7760.75,Put VEX 3,VEX,-1056349.96,7529.547955151854,9246.804520885777
2026-09-01 10:03:16,7800.0,7810.75,Put DEX 5,DEX,-59.818,7529.547955151854,9246.804520885777
2026-09-01 10:03:16,7800.0,7810.75,Call GEX 1,GEX,522883.436,7529.547955151854,9246.804520885777
2026-09-01 10:03:16,7800.0,7810.75,Put VEX 2,VEX,-1678844.122,7529.547955151854,9246.804520885777
2026-09-01 10:03:16,7850.0,7860.75,Call GEX 4,GEX,277500.39,7529.547955151854,9246.804520885777
2026-09-01 10:03:16,7900.0,7910.75,Call GEX 2,GEX,378244.19,7529.547955151854,9246.804520885777
2026-09-01 10:03:16,7900.0,7910.75,Put VEX 4,VEX,-978506.055,7529.547955151854,9246.804520885777
2026-09-01 10:03:16,7950.0,7961.0,Call GEX 5,GEX,166072.402,7529.547955151854,9246.804520885777
2026-09-01 10:03:16,8000.0,8011.0,Put CEX 1,CEX,-3124040.414,7529.547955151854,9246.804520885777
2026-09-01 10:03:16,8000.0,8011.0,Put DEX 1,DEX,-2536.329,7529.547955151854,9246.804520885777
2026-09-01 10:03:16,8000.0,8011.0,Put GEX 3,GEX,-386739.989,7529.547955151854,9246.804520885777
2026-09-01 10:03:16,8000.0,8011.0,Put VEX 1,VEX,-10309073.74,7529.547955151854,9246.804520885777
2026-09-01 10:04:04,7000.0,7009.0,Call CEX 3,CEX,1409739.971,7543.870021201772,9244.305400336712
2026-09-01 10:04:04,7000.0,7009.0,Call DEX 1,DEX,885.696,7543.870021201772,9244.305400336712
2026-09-01 10:04:04,7000.0,7009.0,Put GEX 1,GEX,-730684.563,7543.870021201772,9244.305400336712
2026-09-01 10:04:04,7000.0,7009.0,Call VEX 1,VEX,6358889.935,7543.870021201772,9244.305400336712
2026-09-01 10:04:04,7300.0,7309.5,Call DEX 2,DEX,263.024,7543.870021201772,9244.305400336712
2026-09-01 10:04:04,7300.0,7309.5,Call VEX 5,VEX,1597979.03,7543.870021201772,9244.305400336712
2026-09-01 10:04:04,7400.0,7409.5,Call DEX 3,DEX,207.522,7543.870021201772,9244.305400336712
2026-09-01 10:04:04,7400.0,7409.5,Call VEX 3,VEX,2109695.053,7543.870021201772,9244.305400336712
2026-09-01 10:04:04,7450.0,7459.75,Call DEX 4,DEX,204.678,7543.870021201772,9244.305400336712
2026-09-01 10:04:04,7450.0,7459.75,Call VEX 4,VEX,1857560.367,7543.870021201772,9244.305400336712
2026-09-01 10:04:04,7500.0,7509.75,Call CEX 2,CEX,1466074.717,7543.870021201772,9244.305400336712
2026-09-01 10:04:04,7500.0,7509.75,Call DEX 5,DEX,155.23,7543.870021201772,9244.305400336712
2026-09-01 10:04:04,7500.0,7509.75,Put GEX 2,GEX,-571748.596,7543.870021201772,9244.305400336712
2026-09-01 10:04:04,7500.0,7509.75,Call VEX 2,VEX,2935613.315,7543.870021201772,9244.305400336712
2026-09-01 10:04:04,7515.0,7524.75,Call CEX 4,CEX,1397730.56,7543.870021201772,9244.305400336712
2026-09-01 10:04:04,7550.0,7559.75,Call CEX 5,CEX,1280605.587,7543.870021201772,9244.305400336712
2026-09-01 10:04:04,7550.0,7559.75,Put GEX 4,GEX,-374212.056,7543.870021201772,9244.305400336712
2026-09-01 10:04:04,7600.0,7609.75,Call CEX 1,CEX,2181249.936,7543.870021201772,9244.305400336712
2026-09-01 10:04:04,7650.0,7660.0,Put CEX 3,CEX,-2035113.861,7543.870021201772,9244.305400336712
2026-09-01 10:04:04,7650.0,7660.0,Put DEX 5,DEX,-59.386,7543.870021201772,9244.305400336712
2026-09-01 10:04:04,7650.0,7660.0,Put GEX 5,GEX,-328855.343,7543.870021201772,9244.305400336712
2026-09-01 10:04:04,7675.0,7685.0,Put CEX 2,CEX,-2098978.304,7543.870021201772,9244.305400336712
2026-09-01 10:04:04,7700.0,7710.0,Put CEX 4,CEX,-1885920.335,7543.870021201772,9244.305400336712
2026-09-01 10:04:04,7700.0,7710.0,Put DEX 2,DEX,-180.783,7543.870021201772,9244.305400336712
2026-09-01 10:04:04,7700.0,7710.0,Put VEX 5,VEX,-866513.438,7543.870021201772,9244.305400336712
2026-09-01 10:04:04,7750.0,7760.0,Put CEX 5,CEX,-1373243.412,7543.870021201772,9244.305400336712
2026-09-01 10:04:04,7750.0,7760.0,Put DEX 3,DEX,-83.565,7543.870021201772,9244.305400336712
2026-09-01 10:04:04,7750.0,7760.0,Call GEX 3,GEX,290510.397,7543.870021201772,9244.305400336712
2026-09-01 10:04:04,7750.0,7760.0,Put VEX 3,VEX,-1060164.446,7543.870021201772,9244.305400336712
2026-09-01 10:04:04,7800.0,7810.0,Put DEX 4,DEX,-61.434,7543.870021201772,9244.305400336712
2026-09-01 10:04:04,7800.0,7810.0,Call GEX 1,GEX,524736.841,7543.870021201772,9244.305400336712
2026-09-01 10:04:04,7800.0,7810.0,Put VEX 2,VEX,-1678806.464,7543.870021201772,9244.305400336712
2026-09-01 10:04:04,7850.0,7860.25,Call GEX 4,GEX,278379.396,7543.870021201772,9244.305400336712
2026-09-01 10:04:04,7900.0,7910.25,Call GEX 2,GEX,379263.631,7543.870021201772,9244.305400336712
2026-09-01 10:04:04,7900.0,7910.25,Put VEX 4,VEX,-979149.551,7543.870021201772,9244.305400336712
2026-09-01 10:04:04,7950.0,7960.25,Call GEX 5,GEX,166503.016,7543.870021201772,9244.305400336712
2026-09-01 10:04:04,8000.0,8010.25,Put CEX 1,CEX,-3141205.41,7543.870021201772,9244.305400336712
2026-09-01 10:04:04,8000.0,8010.25,Put DEX 1,DEX,-2528.399,7543.870021201772,9244.305400336712
2026-09-01 10:04:04,8000.0,8010.25,Put GEX 3,GEX,-391517.436,7543.870021201772,9244.305400336712
2026-09-01 10:04:04,8000.0,8010.25,Put VEX 1,VEX,-10331825.006,7543.870021201772,9244.305400336712
2026-09-01 10:04:51,7000.0,7009.25,Call CEX 4,CEX,1387831.615,7541.252663825382,9241.53540277065
2026-09-01 10:04:51,7000.0,7009.25,Call DEX 1,DEX,891.19,7541.252663825382,9241.53540277065
2026-09-01 10:04:51,7000.0,7009.25,Put GEX 1,GEX,-757537.516,7541.252663825382,9241.53540277065
2026-09-01 10:04:51,7000.0,7009.25,Call VEX 1,VEX,6162029.492,7541.252663825382,9241.53540277065
2026-09-01 10:04:51,7300.0,7309.5,Call DEX 2,DEX,263.671,7541.252663825382,9241.53540277065
2026-09-01 10:04:51,7300.0,7309.5,Call VEX 5,VEX,1593007.697,7541.252663825382,9241.53540277065
2026-09-01 10:04:51,7400.0,7409.75,Call DEX 3,DEX,208.737,7541.252663825382,9241.53540277065
2026-09-01 10:04:51,7400.0,7409.75,Call VEX 3,VEX,2108029.387,7541.252663825382,9241.53540277065
2026-09-01 10:04:51,7450.0,7459.75,Call DEX 4,DEX,205.105,7541.252663825382,9241.53540277065
2026-09-01 10:04:51,7450.0,7459.75,Call VEX 4,VEX,1857862.998,7541.252663825382,9241.53540277065
2026-09-01 10:04:51,7500.0,7509.75,Call CEX 2,CEX,1462297.927,7541.252663825382,9241.53540277065
2026-09-01 10:04:51,7500.0,7509.75,Call DEX 5,DEX,156.961,7541.252663825382,9241.53540277065
2026-09-01 10:04:51,7500.0,7509.75,Put GEX 2,GEX,-570165.909,7541.252663825382,9241.53540277065
2026-09-01 10:04:51,7500.0,7509.75,Call VEX 2,VEX,2940634.247,7541.252663825382,9241.53540277065
2026-09-01 10:04:51,7515.0,7524.75,Call CEX 3,CEX,1393869.569,7541.252663825382,9241.53540277065
2026-09-01 10:04:51,7550.0,7559.75,Put GEX 4,GEX,-371948.87,7541.252663825382,9241.53540277065
2026-09-01 10:04:51,7600.0,7610.0,Call CEX 1,CEX,2132379.318,7541.252663825382,9241.53540277065
2026-09-01 10:04:51,7625.0,7635.0,Call CEX 5,CEX,1308947.765,7541.252663825382,9241.53540277065
2026-09-01 10:04:51,7650.0,7660.0,Put CEX 3,CEX,-1999596.726,7541.252663825382,9241.53540277065
2026-09-01 10:04:51,7650.0,7660.0,Put DEX 5,DEX,-58.505,7541.252663825382,9241.53540277065
2026-09-01 10:04:51,7650.0,7660.0,Put GEX 5,GEX,-325441.808,7541.252663825382,9241.53540277065
2026-09-01 10:04:51,7675.0,7685.0,Put CEX 2,CEX,-2155610.334,7541.252663825382,9241.53540277065
2026-09-01 10:04:51,7700.0,7710.0,Put CEX 4,CEX,-1934422.457,7541.252663825382,9241.53540277065
2026-09-01 10:04:51,7700.0,7710.0,Put DEX 2,DEX,-179.754,7541.252663825382,9241.53540277065
2026-09-01 10:04:51,7700.0,7710.0,Put VEX 5,VEX,-860643.199,7541.252663825382,9241.53540277065
2026-09-01 10:04:51,7750.0,7760.25,Put CEX 5,CEX,-1364932.68,7541.252663825382,9241.53540277065
2026-09-01 10:04:51,7750.0,7760.25,Put DEX 3,DEX,-82.842,7541.252663825382,9241.53540277065
2026-09-01 10:04:51,7750.0,7760.25,Call GEX 3,GEX,291414.135,7541.252663825382,9241.53540277065
2026-09-01 10:04:51,7750.0,7760.25,Put VEX 3,VEX,-1058453.865,7541.252663825382,9241.53540277065
2026-09-01 10:04:51,7800.0,7810.25,Put DEX 4,DEX,-60.797,7541.252663825382,9241.53540277065
2026-09-01 10:04:51,7800.0,7810.25,Call GEX 1,GEX,526255.853,7541.252663825382,9241.53540277065
2026-09-01 10:04:51,7800.0,7810.25,Put VEX 2,VEX,-1677995.177,7541.252663825382,9241.53540277065
2026-09-01 10:04:51,7850.0,7860.25,Call GEX 4,GEX,278768.514,7541.252663825382,9241.53540277065
2026-09-01 10:04:51,7900.0,7910.25,Call GEX 2,GEX,379996.918,7541.252663825382,9241.53540277065
2026-09-01 10:04:51,7900.0,7910.25,Put VEX 4,VEX,-979414.893,7541.252663825382,9241.53540277065
2026-09-01 10:04:51,7950.0,7960.5,Call GEX 5,GEX,166791.414,7541.252663825382,9241.53540277065
2026-09-01 10:04:51,8000.0,8010.5,Put CEX 1,CEX,-3154230.173,7541.252663825382,9241.53540277065
2026-09-01 10:04:51,8000.0,8010.5,Put DEX 1,DEX,-2523.637,7541.252663825382,9241.53540277065
2026-09-01 10:04:51,8000.0,8010.5,Put GEX 3,GEX,-402901.515,7541.252663825382,9241.53540277065
2026-09-01 10:04:51,8000.0,8010.5,Put VEX 1,VEX,-10335462.161,7541.252663825382,9241.53540277065
2026-09-01 10:05:40,7000.0,7009.0,Call CEX 3,CEX,1417302.891,7549.367627565257,9244.264033327398
2026-09-01 10:05:40,7000.0,7009.0,Call DEX 1,DEX,887.37,7549.367627565257,9244.264033327398
2026-09-01 10:05:40,7000.0,7009.0,Put GEX 1,GEX,-728450.353,7549.367627565257,9244.264033327398
2026-09-01 10:05:40,7000.0,7009.0,Call VEX 1,VEX,6405655.828,7549.367627565257,9244.264033327398
2026-09-01 10:05:40,7300.0,7309.25,Call DEX 2,DEX,263.864,7549.367627565257,9244.264033327398
2026-09-01 10:05:40,7300.0,7309.25,Call VEX 5,VEX,1583040.625,7549.367627565257,9244.264033327398
2026-09-01 10:05:40,7400.0,7409.5,Call DEX 3,DEX,207.78,7549.367627565257,9244.264033327398
2026-09-01 10:05:40,7400.0,7409.5,Call VEX 3,VEX,2106759.701,7549.367627565257,9244.264033327398
2026-09-01 10:05:40,7450.0,7459.5,Call DEX 4,DEX,204.532,7549.367627565257,9244.264033327398
2026-09-01 10:05:40,7450.0,7459.5,Call VEX 4,VEX,1856488.909,7549.367627565257,9244.264033327398
2026-09-01 10:05:40,7500.0,7509.5,Call CEX 2,CEX,1463246.338,7549.367627565257,9244.264033327398
2026-09-01 10:05:40,7500.0,7509.5,Call DEX 5,DEX,151.136,7549.367627565257,9244.264033327398
2026-09-01 10:05:40,7500.0,7509.5,Put GEX 2,GEX,-572361.987,7549.367627565257,9244.264033327398
2026-09-01 10:05:40,7500.0,7509.5,Call VEX 2,VEX,2930116.851,7549.367627565257,9244.264033327398
2026-09-01 10:05:40,7515.0,7524.75,Call CEX 4,CEX,1398788.827,7549.367627565257,9244.264033327398
2026-09-01 10:05:40,7550.0,7559.75,Call CEX 5,CEX,1326067.194,7549.367627565257,9244.264033327398
2026-09-01 10:05:40,7550.0,7559.75,Put GEX 4,GEX,-375298.205,7549.367627565257,9244.264033327398
2026-09-01 10:05:40,7600.0,7609.75,Call CEX 1,CEX,2192806.269,7549.367627565257,9244.264033327398
2026-09-01 10:05:40,7650.0,7659.75,Put CEX 3,CEX,-2068510.71,7549.367627565257,9244.264033327398
2026-09-01 10:05:40,7650.0,7659.75,Put DEX 5,DEX,-60.772,7549.367627565257,9244.264033327398
2026-09-01 10:05:40,7650.0,7659.75,Put GEX 5,GEX,-316258.009,7549.367627565257,9244.264033327398
2026-09-01 10:05:40,7675.0,7684.75,Put CEX 2,CEX,-2142006.465,7549.367627565257,9244.264033327398
2026-09-01 10:05:40,7700.0,7709.75,Put CEX 4,CEX,-1931027.794,7549.367627565257,9244.264033327398
2026-09-01 10:05:40,7700.0,7709.75,Put DEX 2,DEX,-182.958,7549.367627565257,9244.264033327398
2026-09-01 10:05:40,7700.0,7709.75,Put VEX 5,VEX,-882805.756,7549.367627565257,9244.264033327398
2026-09-01 10:05:40,7750.0,7760.0,Put CEX 5,CEX,-1391385.521,7549.367627565257,9244.264033327398
2026-09-01 10:05:40,7750.0,7760.0,Put DEX 3,DEX,-84.356,7549.367627565257,9244.264033327398
2026-09-01 10:05:40,7750.0,7760.0,Call GEX 3,GEX,289195.633,7549.367627565257,9244.264033327398
2026-09-01 10:05:40,7750.0,7760.0,Put VEX 3,VEX,-1066581.945,7549.367627565257,9244.264033327398
2026-09-01 10:05:40,7800.0,7810.0,Put DEX 4,DEX,-62.487,7549.367627565257,9244.264033327398
2026-09-01 10:05:40,7800.0,7810.0,Call GEX 1,GEX,522538.104,7549.367627565257,9244.264033327398
2026-09-01 10:05:40,7800.0,7810.0,Put VEX 2,VEX,-1682768.823,7549.367627565257,9244.264033327398
2026-09-01 10:05:40,7850.0,7860.0,Call GEX 4,GEX,276787.129,7549.367627565257,9244.264033327398
2026-09-01 10:05:40,7900.0,7910.0,Call GEX 2,GEX,377102.338,7549.367627565257,9244.264033327398
2026-09-01 10:05:40,7900.0,7910.0,Put VEX 4,VEX,-977577.849,7549.367627565257,9244.264033327398
2026-09-01 10:05:40,7950.0,7960.25,Call GEX 5,GEX,165602.671,7549.367627565257,9244.264033327398
2026-09-01 10:05:40,8000.0,8010.25,Put CEX 1,CEX,-3141440.691,7549.367627565257,9244.264033327398
2026-09-01 10:05:40,8000.0,8010.25,Put DEX 1,DEX,-2529.099,7549.367627565257,9244.264033327398
2026-09-01 10:05:40,8000.0,8010.25,Put GEX 3,GEX,-401181.829,7549.367627565257,9244.264033327398
2026-09-01 10:05:40,8000.0,8010.25,Put VEX 1,VEX,-10322098.977,7549.367627565257,9244.264033327398
2026-09-01 10:06:27,7000.0,7009.25,Call CEX 3,CEX,1431475.882,7544.135805461467,9246.999570543105
2026-09-01 10:06:27,7000.0,7009.25,Call DEX 1,DEX,883.358,7544.135805461467,9246.999570543105
2026-09-01 10:06:27,7000.0,7009.25,Put GEX 1,GEX,-717290.006,7544.135805461467,9246.999570543105
2026-09-01 10:06:27,7000.0,7009.25,Call VEX 1,VEX,6511452.868,7544.135805461467,9246.999570543105
2026-09-01 10:06:27,7300.0,7309.75,Call DEX 2,DEX,261.615,7544.135805461467,9246.999570543105
2026-09-01 10:06:27,7300.0,7309.75,Call VEX 5,VEX,1607249.299,7544.135805461467,9246.999570543105
2026-09-01 10:06:27,7400.0,7410.0,Call DEX 4,DEX,205.962,7544.135805461467,9246.999570543105
2026-09-01 10:06:27,7400.0,7410.0,Call VEX 3,VEX,2108238.955,7544.135805461467,9246.999570543105
2026-09-01 10:06:27,7450.0,7460.0,Call DEX 3,DEX,208.147,7544.135805461467,9246.999570543105
2026-09-01 10:06:27,7450.0,7460.0,Call VEX 4,VEX,1856701.815,7544.135805461467,9246.999570543105
2026-09-01 10:06:27,7500.0,7510.0,Call CEX 2,CEX,1475931.563,7544.135805461467,9246.999570543105
2026-09-01 10:06:27,7500.0,7510.0,Call DEX 5,DEX,151.492,7544.135805461467,9246.999570543105
2026-09-01 10:06:27,7500.0,7510.0,Put GEX 2,GEX,-575069.535,7544.135805461467,9246.999570543105
2026-09-01 10:06:27,7500.0,7510.0,Call VEX 2,VEX,2922605.265,7544.135805461467,9246.999570543105
2026-09-01 10:06:27,7515.0,7525.0,Call CEX 4,CEX,1424731.713,7544.135805461467,9246.999570543105
2026-09-01 10:06:27,7550.0,7560.0,Call CEX 5,CEX,1348543.761,7544.135805461467,9246.999570543105
2026-09-01 10:06:27,7550.0,7560.0,Put GEX 4,GEX,-379161.413,7544.135805461467,9246.999570543105
2026-09-01 10:06:27,7600.0,7610.25,Call CEX 1,CEX,2235649.507,7544.135805461467,9246.999570543105
2026-09-01 10:06:27,7625.0,7635.25,Put GEX 5,GEX,-324004.441,7544.135805461467,9246.999570543105
2026-09-01 10:06:27,7650.0,7660.25,Put CEX 2,CEX,-2122713.596,7544.135805461467,9246.999570543105
2026-09-01 10:06:27,7650.0,7660.25,Put DEX 5,DEX,-62.099,7544.135805461467,9246.999570543105
2026-09-01 10:06:27,7675.0,7685.25,Put CEX 3,CEX,-2056840.256,7544.135805461467,9246.999570543105
2026-09-01 10:06:27,7700.0,7710.25,Put CEX 4,CEX,-1811597.575,7544.135805461467,9246.999570543105
2026-09-01 10:06:27,7700.0,7710.25,Put DEX 2,DEX,-185.091,7544.135805461467,9246.999570543105
2026-09-01 10:06:27,7700.0,7710.25,Put VEX 5,VEX,-891325.057,7544.135805461467,9246.999570543105
2026-09-01 10:06:27,7750.0,7760.25,Put CEX 5,CEX,-1337590.998,7544.135805461467,9246.999570543105
2026-09-01 10:06:27,7750.0,7760.25,Put DEX 3,DEX,-85.765,7544.135805461467,9246.999570543105
2026-09-01 10:06:27,7750.0,7760.25,Call GEX 3,GEX,290928.856,7544.135805461467,9246.999570543105
2026-09-01 10:06:27,7750.0,7760.25,Put VEX 3,VEX,-1067239.234,7544.135805461467,9246.999570543105
2026-09-01 10:06:27,7800.0,7810.5,Put DEX 4,DEX,-63.599,7544.135805461467,9246.999570543105
2026-09-01 10:06:27,7800.0,7810.5,Call GEX 1,GEX,520931.292,7544.135805461467,9246.999570543105
2026-09-01 10:06:27,7800.0,7810.5,Put VEX 2,VEX,-1684242.299,7544.135805461467,9246.999570543105
2026-09-01 10:06:27,7850.0,7860.5,Call GEX 4,GEX,276732.592,7544.135805461467,9246.999570543105
2026-09-01 10:06:27,7900.0,7910.5,Call GEX 2,GEX,376136.193,7544.135805461467,9246.999570543105
2026-09-01 10:06:27,7900.0,7910.5,Put VEX 4,VEX,-977264.468,7544.135805461467,9246.999570543105
2026-09-01 10:06:27,7950.0,7960.5,Call GEX 5,GEX,165160.598,7544.135805461467,9246.999570543105
2026-09-01 10:06:27,8000.0,8010.75,Put CEX 1,CEX,-3119575.226,7544.135805461467,9246.999570543105
2026-09-01 10:06:27,8000.0,8010.75,Put DEX 1,DEX,-2534.874,7544.135805461467,9246.999570543105
2026-09-01 10:06:27,8000.0,8010.75,Put GEX 3,GEX,-394360.144,7544.135805461467,9246.999570543105
2026-09-01 10:06:27,8000.0,8010.75,Put VEX 1,VEX,-10295455.834,7544.135805461467,9246.999570543105
2026-09-01 10:07:14,7000.0,7009.0,Call CEX 3,CEX,1422143.471,7549.765832267984,9242.75160625336
2026-09-01 10:07:14,7000.0,7009.0,Call DEX 1,DEX,886.212,7549.765832267984,9242.75160625336
2026-09-01 10:07:14,7000.0,7009.0,Put GEX 1,GEX,-728396.901,7549.765832267984,9242.75160625336
2026-09-01 10:07:14,7000.0,7009.0,Call VEX 1,VEX,6428760.653,7549.765832267984,9242.75160625336
2026-09-01 10:07:14,7300.0,7309.25,Call DEX 2,DEX,262.541,7549.765832267984,9242.75160625336
2026-09-01 10:07:14,7300.0,7309.25,Call VEX 5,VEX,1598975.151,7549.765832267984,9242.75160625336
2026-09-01 10:07:14,7400.0,7409.5,Call DEX 3,DEX,206.834,7549.765832267984,9242.75160625336
2026-09-01 10:07:14,7400.0,7409.5,Call VEX 3,VEX,2109035.437,7549.765832267984,9242.75160625336
2026-09-01 10:07:14,7450.0,7459.5,Call DEX 4,DEX,203.279,7549.765832267984,9242.75160625336
2026-09-01 10:07:14,7450.0,7459.5,Call VEX 4,VEX,1855676.294,7549.765832267984,9242.75160625336
2026-09-01 10:07:14,7500.0,7509.5,Call CEX 2,CEX,1475557.227,7549.765832267984,9242.75160625336
2026-09-01 10:07:14,7500.0,7509.5,Call DEX 5,DEX,152.993,7549.765832267984,9242.75160625336
2026-09-01 10:07:14,7500.0,7509.5,Put GEX 2,GEX,-573172.926,7549.765832267984,9242.75160625336
2026-09-01 10:07:14,7500.0,7509.5,Call VEX 2,VEX,2928208.295,7549.765832267984,9242.75160625336
2026-09-01 10:07:14,7515.0,7524.75,Call CEX 4,CEX,1418552.809,7549.765832267984,9242.75160625336
2026-09-01 10:07:14,7550.0,7559.75,Call CEX 5,CEX,1331642.289,7549.765832267984,9242.75160625336
2026-09-01 10:07:14,7550.0,7559.75,Put GEX 4,GEX,-377330.83,7549.765832267984,9242.75160625336
2026-09-01 10:07:14,7600.0,7609.75,Call CEX 1,CEX,2206782.456,7549.765832267984,9242.75160625336
2026-09-01 10:07:14,7625.0,7634.75,Put GEX 5,GEX,-320219.616,7549.765832267984,9242.75160625336
2026-09-01 10:07:14,7650.0,7659.75,Put CEX 3,CEX,-2104053.11,7549.765832267984,9242.75160625336
2026-09-01 10:07:14,7650.0,7659.75,Put DEX 5,DEX,-61.317,7549.765832267984,9242.75160625336
2026-09-01 10:07:14,7675.0,7684.75,Put CEX 2,CEX,-2110658.104,7549.765832267984,9242.75160625336
2026-09-01 10:07:14,7700.0,7709.75,Put CEX 4,CEX,-1881064.579,7549.765832267984,9242.75160625336
2026-09-01 10:07:14,7700.0,7709.75,Put DEX 2,DEX,-183.769,7549.765832267984,9242.75160625336
2026-09-01 10:07:14,7700.0,7709.75,Put VEX 5,VEX,-885913.065,7549.765832267984,9242.75160625336
2026-09-01 10:07:14,7750.0,7760.0,Put CEX 5,CEX,-1371250.976,7549.765832267984,9242.75160625336
2026-09-01 10:07:14,7750.0,7760.0,Put DEX 3,DEX,-84.933,7549.765832267984,9242.75160625336
2026-09-01 10:07:14,7750.0,7760.0,Call GEX 3,GEX,289735.175,7549.765832267984,9242.75160625336
2026-09-01 10:07:14,7750.0,7760.0,Put VEX 3,VEX,-1067891.024,7549.765832267984,9242.75160625336
2026-09-01 10:07:14,7800.0,7810.0,Put DEX 4,DEX,-62.91,7549.765832267984,9242.75160625336
2026-09-01 10:07:14,7800.0,7810.0,Call GEX 1,GEX,522414.641,7549.765832267984,9242.75160625336
2026-09-01 10:07:14,7800.0,7810.0,Put VEX 2,VEX,-1684827.915,7549.765832267984,9242.75160625336
2026-09-01 10:07:14,7850.0,7860.0,Call GEX 4,GEX,277225.806,7549.765832267984,9242.75160625336
2026-09-01 10:07:14,7900.0,7910.25,Call GEX 2,GEX,376848.658,7549.765832267984,9242.75160625336
2026-09-01 10:07:14,7900.0,7910.25,Put VEX 4,VEX,-977710.935,7549.765832267984,9242.75160625336
2026-09-01 10:07:14,7950.0,7960.25,Call GEX 5,GEX,165478.393,7549.765832267984,9242.75160625336
2026-09-01 10:07:14,8000.0,8010.25,Put CEX 1,CEX,-3139454.411,7549.765832267984,9242.75160625336
2026-09-01 10:07:14,8000.0,8010.25,Put DEX 1,DEX,-2529.146,7549.765832267984,9242.75160625336
2026-09-01 10:07:14,8000.0,8010.25,Put GEX 3,GEX,-400966.686,7549.765832267984,9242.75160625336
2026-09-01 10:07:14,8000.0,8010.25,Put VEX 1,VEX,-10320971.071,7549.765832267984,9242.75160625336
2026-09-01 10:08:03,7000.0,7009.25,Call CEX 3,CEX,1450945.978,7540.133282447983,9246.53025709396
2026-09-01 10:08:03,7000.0,7009.25,Call DEX 1,DEX,914.577,7540.133282447983,9246.53025709396
2026-09-01 10:08:03,7000.0,7009.25,Put GEX 1,GEX,-716602.19,7540.133282447983,9246.53025709396
2026-09-01 10:08:03,7000.0,7009.25,Call VEX 1,VEX,6570855.961,7540.133282447983,9246.53025709396
2026-09-01 10:08:03,7300.0,7309.5,Call DEX 2,DEX,260.613,7540.133282447983,9246.53025709396
2026-09-01 10:08:03,7300.0,7309.5,Call VEX 5,VEX,1615065.773,7540.133282447983,9246.53025709396
2026-09-01 10:08:03,7400.0,7409.75,Call DEX 4,DEX,205.076,7540.133282447983,9246.53025709396
2026-09-01 10:08:03,7400.0,7409.75,Call VEX 3,VEX,2109925.509,7540.133282447983,9246.53025709396
2026-09-01 10:08:03,7450.0,7459.75,Call DEX 3,DEX,211.302,7540.133282447983,9246.53025709396
2026-09-01 10:08:03,7450.0,7459.75,Call VEX 4,VEX,1855472.205,7540.133282447983,9246.53025709396
2026-09-01 10:08:03,7500.0,7509.75,Call CEX 2,CEX,1500769.016,7540.133282447983,9246.53025709396
2026-09-01 10:08:03,7500.0,7509.75,Call DEX 5,DEX,148.948,7540.133282447983,9246.53025709396
2026-09-01 10:08:03,7500.0,7509.75,Put GEX 2,GEX,-579461.784,7540.133282447983,9246.53025709396
2026-09-01 10:08:03,7500.0,7509.75,Call VEX 2,VEX,2911043.053,7540.133282447983,9246.53025709396
2026-09-01 10:08:03,7515.0,7524.75,Call CEX 4,CEX,1437996.463,7540.133282447983,9246.53025709396
2026-09-01 10:08:03,7550.0,7560.0,Call CEX 5,CEX,1367073.227,7540.133282447983,9246.53025709396
2026-09-01 10:08:03,7550.0,7560.0,Put GEX 4,GEX,-382743.924,7540.133282447983,9246.53025709396
2026-09-01 10:08:03,7600.0,7610.0,Call CEX 1,CEX,2279319.019,7540.133282447983,9246.53025709396
2026-09-01 10:08:03,7625.0,7635.0,Put GEX 5,GEX,-339043.194,7540.133282447983,9246.53025709396
2026-09-01 10:08:03,7650.0,7660.0,Put CEX 2,CEX,-2208591.135,7540.133282447983,9246.53025709396
2026-09-01 10:08:03,7650.0,7660.0,Put DEX 4,DEX,-64.382,7540.133282447983,9246.53025709396
2026-09-01 10:08:03,7675.0,7685.0,Put CEX 3,CEX,-1660254.676,7540.133282447983,9246.53025709396
2026-09-01 10:08:03,7700.0,7710.0,Put CEX 4,CEX,-1368881.376,7540.133282447983,9246.53025709396
2026-09-01 10:08:03,7700.0,7710.0,Put DEX 2,DEX,-174.936,7540.133282447983,9246.53025709396
2026-09-01 10:08:03,7700.0,7710.0,Put VEX 5,VEX,-896875.069,7540.133282447983,9246.53025709396
2026-09-01 10:08:03,7750.0,7760.25,Put CEX 5,CEX,-1181839.708,7540.133282447983,9246.53025709396
2026-09-01 10:08:03,7750.0,7760.25,Put DEX 3,DEX,-81.218,7540.133282447983,9246.53025709396
2026-09-01 10:08:03,7750.0,7760.25,Call GEX 3,GEX,292098.312,7540.133282447983,9246.53025709396
2026-09-01 10:08:03,7750.0,7760.25,Put VEX 3,VEX,-1069340.05,7540.133282447983,9246.53025709396
2026-09-01 10:08:03,7800.0,7810.25,Put DEX 5,DEX,-62.539,7540.133282447983,9246.53025709396
2026-09-01 10:08:03,7800.0,7810.25,Call GEX 1,GEX,517561.614,7540.133282447983,9246.53025709396
2026-09-01 10:08:03,7800.0,7810.25,Put VEX 2,VEX,-1687702.337,7540.133282447983,9246.53025709396
2026-09-01 10:08:03,7850.0,7860.25,Call GEX 4,GEX,275030.61,7540.133282447983,9246.53025709396
2026-09-01 10:08:03,7900.0,7910.25,Call GEX 2,GEX,374601.385,7540.133282447983,9246.53025709396
2026-09-01 10:08:03,7900.0,7910.25,Put VEX 4,VEX,-976737.207,7540.133282447983,9246.53025709396
2026-09-01 10:08:03,7950.0,7960.5,Call GEX 5,GEX,164312.845,7540.133282447983,9246.53025709396
2026-09-01 10:08:03,8000.0,8010.5,Put CEX 1,CEX,-3114249.239,7540.133282447983,9246.53025709396
2026-09-01 10:08:03,8000.0,8010.5,Put DEX 1,DEX,-2535.514,7540.133282447983,9246.53025709396
2026-09-01 10:08:03,8000.0,8010.5,Put GEX 3,GEX,-395360.519,7540.133282447983,9246.53025709396
2026-09-01 10:08:03,8000.0,8010.5,Put VEX 1,VEX,-10291611.923,7540.133282447983,9246.53025709396
2026-09-01 10:08:50,7000.0,7009.75,Call CEX 3,CEX,1458628.891,7531.339255666445,9247.369106662303
2026-09-01 10:08:50,7000.0,7009.75,Call DEX 1,DEX,874.426,7531.339255666445,9247.369106662303
2026-09-01 10:08:50,7000.0,7009.75,Put GEX 1,GEX,-700583.309,7531.339255666445,9247.369106662303
2026-09-01 10:08:50,7000.0,7009.75,Call VEX 1,VEX,6691338.398,7531.339255666445,9247.369106662303
2026-09-01 10:08:50,7300.0,7310.25,Call DEX 2,DEX,259.365,7531.339255666445,9247.369106662303
2026-09-01 10:08:50,7300.0,7310.25,Call VEX 5,VEX,1623340.71,7531.339255666445,9247.369106662303
2026-09-01 10:08:50,7400.0,7410.25,Call DEX 4,DEX,203.779,7531.339255666445,9247.369106662303
2026-09-01 10:08:50,7400.0,7410.25,Call VEX 3,VEX,2109672.981,7531.339255666445,9247.369106662303
2026-09-01 10:08:50,7450.0,7460.5,Call DEX 3,DEX,210.232,7531.339255666445,9247.369106662303
2026-09-01 10:08:50,7450.0,7460.5,Call VEX 4,VEX,1858779.933,7531.339255666445,9247.369106662303
2026-09-01 10:08:50,7500.0,7510.5,Call CEX 2,CEX,1516400.704,7531.339255666445,9247.369106662303
2026-09-01 10:08:50,7500.0,7510.5,Call DEX 5,DEX,147.81,7531.339255666445,9247.369106662303
2026-09-01 10:08:50,7500.0,7510.5,Put GEX 2,GEX,-579995.055,7531.339255666445,9247.369106662303
2026-09-01 10:08:50,7500.0,7510.5,Call VEX 2,VEX,2906584.284,7531.339255666445,9247.369106662303
2026-09-01 10:08:50,7515.0,7525.5,Call CEX 4,CEX,1451142.541,7531.339255666445,9247.369106662303
2026-09-01 10:08:50,7550.0,7560.5,Call CEX 5,CEX,1380887.486,7531.339255666445,9247.369106662303
2026-09-01 10:08:50,7550.0,7560.5,Put GEX 4,GEX,-384364.643,7531.339255666445,9247.369106662303
2026-09-01 10:08:50,7600.0,7610.5,Call CEX 1,CEX,2275330.006,7531.339255666445,9247.369106662303
2026-09-01 10:08:50,7625.0,7635.75,Put GEX 5,GEX,-354502.261,7531.339255666445,9247.369106662303
2026-09-01 10:08:50,7650.0,7660.75,Put CEX 2,CEX,-2239633.632,7531.339255666445,9247.369106662303
2026-09-01 10:08:50,7650.0,7660.75,Put DEX 4,DEX,-65.373,7531.339255666445,9247.369106662303
2026-09-01 10:08:50,7675.0,7685.75,Put CEX 5,CEX,-1115216.488,7531.339255666445,9247.369106662303
2026-09-01 10:08:50,7700.0,7710.75,Put CEX 3,CEX,-1362708.402,7531.339255666445,9247.369106662303
2026-09-01 10:08:50,7700.0,7710.75,Put DEX 2,DEX,-175.596,7531.339255666445,9247.369106662303
2026-09-01 10:08:50,7700.0,7710.75,Put VEX 5,VEX,-898199.696,7531.339255666445,9247.369106662303
2026-09-01 10:08:50,7750.0,7760.75,Put CEX 4,CEX,-1166382.119,7531.339255666445,9247.369106662303
2026-09-01 10:08:50,7750.0,7760.75,Put DEX 3,DEX,-81.174,7531.339255666445,9247.369106662303
2026-09-01 10:08:50,7750.0,7760.75,Call GEX 3,GEX,292764.933,7531.339255666445,9247.369106662303
2026-09-01 10:08:50,7750.0,7760.75,Put VEX 3,VEX,-1066653.563,7531.339255666445,9247.369106662303
2026-09-01 10:08:50,7800.0,7811.0,Put DEX 5,DEX,-62.095,7531.339255666445,9247.369106662303
2026-09-01 10:08:50,7800.0,7811.0,Call GEX 1,GEX,516833.358,7531.339255666445,9247.369106662303
2026-09-01 10:08:50,7800.0,7811.0,Put VEX 2,VEX,-1687985.69,7531.339255666445,9247.369106662303
2026-09-01 10:08:50,7850.0,7861.0,Call GEX 4,GEX,274678.975,7531.339255666445,9247.369106662303
2026-09-01 10:08:50,7900.0,7911.0,Call GEX 2,GEX,374320.012,7531.339255666445,9247.369106662303
2026-09-01 10:08:50,7900.0,7911.0,Put VEX 4,VEX,-976368.473,7531.339255666445,9247.369106662303
2026-09-01 10:08:50,7950.0,7961.0,Call GEX 5,GEX,164159.635,7531.339255666445,9247.369106662303
2026-09-01 10:08:50,8000.0,8011.25,Put CEX 1,CEX,-3112840.149,7531.339255666445,9247.369106662303
2026-09-01 10:08:50,8000.0,8011.25,Put DEX 1,DEX,-2544.171,7531.339255666445,9247.369106662303
2026-09-01 10:08:50,8000.0,8011.25,Put GEX 3,GEX,-390502.543,7531.339255666445,9247.369106662303
2026-09-01 10:08:50,8000.0,8011.25,Put VEX 1,VEX,-10267999.605,7531.339255666445,9247.369106662303
2026-09-01 10:09:37,7000.0,7009.5,Call CEX 3,CEX,1457776.915,7548.798108395599,9246.216326347268
2026-09-01 10:09:37,7000.0,7009.5,Call DEX 1,DEX,875.652,7548.798108395599,9246.216326347268
2026-09-01 10:09:37,7000.0,7009.5,Put GEX 1,GEX,-712306.998,7548.798108395599,9246.216326347268
2026-09-01 10:09:37,7000.0,7009.5,Call VEX 1,VEX,6646899.381,7548.798108395599,9246.216326347268
2026-09-01 10:09:37,7300.0,7310.0,Call DEX 2,DEX,260.169,7548.798108395599,9246.216326347268
2026-09-01 10:09:37,7300.0,7310.0,Call VEX 5,VEX,1612101.561,7548.798108395599,9246.216326347268
2026-09-01 10:09:37,7400.0,7410.0,Call DEX 4,DEX,203.722,7548.798108395599,9246.216326347268
2026-09-01 10:09:37,7400.0,7410.0,Call VEX 3,VEX,2108637.046,7548.798108395599,9246.216326347268
2026-09-01 10:09:37,7450.0,7460.25,Call DEX 3,DEX,210.259,7548.798108395599,9246.216326347268
2026-09-01 10:09:37,7450.0,7460.25,Call VEX 4,VEX,1853414.51,7548.798108395599,9246.216326347268
2026-09-01 10:09:37,7500.0,7510.25,Call CEX 2,CEX,1499840.883,7548.798108395599,9246.216326347268
2026-09-01 10:09:37,7500.0,7510.25,Call DEX 5,DEX,147.271,7548.798108395599,9246.216326347268
2026-09-01 10:09:37,7500.0,7510.25,Put GEX 2,GEX,-577356.469,7548.798108395599,9246.216326347268
2026-09-01 10:09:37,7500.0,7510.25,Call VEX 2,VEX,2904386.677,7548.798108395599,9246.216326347268
2026-09-01 10:09:37,7515.0,7525.25,Call CEX 4,CEX,1447679.205,7548.798108395599,9246.216326347268
2026-09-01 10:09:37,7550.0,7560.25,Call CEX 5,CEX,1368280.382,7548.798108395599,9246.216326347268
2026-09-01 10:09:37,7550.0,7560.25,Put GEX 4,GEX,-381210.169,7548.798108395599,9246.216326347268
2026-09-01 10:09:37,7600.0,7610.5,Call CEX 1,CEX,2277349.105,7548.798108395599,9246.216326347268
2026-09-01 10:09:37,7625.0,7635.5,Put GEX 5,GEX,-339998.666,7548.798108395599,9246.216326347268
2026-09-01 10:09:37,7650.0,7660.5,Put CEX 2,CEX,-2226611.688,7548.798108395599,9246.216326347268
2026-09-01 10:09:37,7650.0,7660.5,Put DEX 4,DEX,-64.417,7548.798108395599,9246.216326347268
2026-09-01 10:09:37,7675.0,7685.5,Put CEX 3,CEX,-1746780.669,7548.798108395599,9246.216326347268
2026-09-01 10:09:37,7700.0,7710.5,Put CEX 4,CEX,-1485446.086,7548.798108395599,9246.216326347268
2026-09-01 10:09:37,7700.0,7710.5,Put DEX 2,DEX,-187.564,7548.798108395599,9246.216326347268
2026-09-01 10:09:37,7700.0,7710.5,Put VEX 5,VEX,-896572.245,7548.798108395599,9246.216326347268
2026-09-01 10:09:37,7750.0,7760.5,Put CEX 5,CEX,-1185377.685,7548.798108395599,9246.216326347268
2026-09-01 10:09:37,7750.0,7760.5,Put DEX 3,DEX,-80.521,7548.798108395599,9246.216326347268
2026-09-01 10:09:37,7750.0,7760.5,Call GEX 3,GEX,289809.458,7548.798108395599,9246.216326347268
2026-09-01 10:09:37,7750.0,7760.5,Put VEX 3,VEX,-1068663.782,7548.798108395599,9246.216326347268
2026-09-01 10:09:37,7800.0,7810.75,Put DEX 5,DEX,-62.231,7548.798108395599,9246.216326347268
2026-09-01 10:09:37,7800.0,7810.75,Call GEX 1,GEX,517315.87,7548.798108395599,9246.216326347268
2026-09-01 10:09:37,7800.0,7810.75,Put VEX 2,VEX,-1687674.567,7548.798108395599,9246.216326347268
2026-09-01 10:09:37,7850.0,7860.75,Call GEX 4,GEX,274823.533,7548.798108395599,9246.216326347268
2026-09-01 10:09:37,7900.0,7910.75,Call GEX 2,GEX,373724.66,7548.798108395599,9246.216326347268
2026-09-01 10:09:37,7900.0,7910.75,Put VEX 4,VEX,-974647.66,7548.798108395599,9246.216326347268
2026-09-01 10:09:37,7950.0,7960.75,Call GEX 5,GEX,163550.057,7548.798108395599,9246.216326347268
2026-09-01 10:09:37,8000.0,8011.0,Put CEX 1,CEX,-3119217.178,7548.798108395599,9246.216326347268
2026-09-01 10:09:37,8000.0,8011.0,Put DEX 1,DEX,-2538.254,7548.798108395599,9246.216326347268
2026-09-01 10:09:37,8000.0,8011.0,Put GEX 3,GEX,-403922.376,7548.798108395599,9246.216326347268
2026-09-01 10:09:37,8000.0,8011.0,Put VEX 1,VEX,-10276233.867,7548.798108395599,9246.216326347268
2026-09-01 10:10:24,7000.0,7009.25,Call CEX 3,CEX,1470961.83,7548.074933743266,9244.4355379135
2026-09-01 10:10:24,7000.0,7009.25,Call DEX 1,DEX,909.686,7548.074933743266,9244.4355379135
2026-09-01 10:10:24,7000.0,7009.25,Put GEX 1,GEX,-706790.089,7548.074933743266,9244.4355379135
2026-09-01 10:10:24,7000.0,7009.25,Call VEX 1,VEX,6676299.327,7548.074933743266,9244.4355379135
2026-09-01 10:10:24,7300.0,7309.5,Call DEX 2,DEX,259.848,7548.074933743266,9244.4355379135
2026-09-01 10:10:24,7300.0,7309.5,Call VEX 5,VEX,1619387.783,7548.074933743266,9244.4355379135
2026-09-01 10:10:24,7400.0,7409.75,Call DEX 4,DEX,203.751,7548.074933743266,9244.4355379135
2026-09-01 10:10:24,7400.0,7409.75,Call VEX 3,VEX,2110589.598,7548.074933743266,9244.4355379135
2026-09-01 10:10:24,7450.0,7459.75,Call DEX 3,DEX,210.651,7548.074933743266,9244.4355379135
2026-09-01 10:10:24,7450.0,7459.75,Call VEX 4,VEX,1854317.163,7548.074933743266,9244.4355379135
2026-09-01 10:10:24,7500.0,7509.75,Call CEX 2,CEX,1499645.692,7548.074933743266,9244.4355379135
2026-09-01 10:10:24,7500.0,7509.75,Call DEX 5,DEX,148.484,7548.074933743266,9244.4355379135
2026-09-01 10:10:24,7500.0,7509.75,Put GEX 2,GEX,-576942.893,7548.074933743266,9244.4355379135
2026-09-01 10:10:24,7500.0,7509.75,Call VEX 2,VEX,2909686.19,7548.074933743266,9244.4355379135
2026-09-01 10:10:24,7515.0,7525.0,Call CEX 4,CEX,1448598.271,7548.074933743266,9244.4355379135
2026-09-01 10:10:24,7550.0,7560.0,Call CEX 5,CEX,1364837.353,7548.074933743266,9244.4355379135
2026-09-01 10:10:24,7550.0,7560.0,Put GEX 4,GEX,-381294.463,7548.074933743266,9244.4355379135
2026-09-01 10:10:24,7600.0,7610.0,Call CEX 1,CEX,2247948.286,7548.074933743266,9244.4355379135
2026-09-01 10:10:24,7625.0,7635.0,Put GEX 5,GEX,-334416.77,7548.074933743266,9244.4355379135
2026-09-01 10:10:24,7650.0,7660.0,Put CEX 2,CEX,-2204605.598,7548.074933743266,9244.4355379135
2026-09-01 10:10:24,7650.0,7660.0,Put DEX 5,DEX,-63.15,7548.074933743266,9244.4355379135
2026-09-01 10:10:24,7675.0,7685.0,Put CEX 3,CEX,-1852952.804,7548.074933743266,9244.4355379135
2026-09-01 10:10:24,7700.0,7710.25,Put CEX 4,CEX,-1557203.202,7548.074933743266,9244.4355379135
2026-09-01 10:10:24,7700.0,7710.25,Put DEX 2,DEX,-186.005,7548.074933743266,9244.4355379135
2026-09-01 10:10:24,7700.0,7710.25,Put VEX 5,VEX,-887400.199,7548.074933743266,9244.4355379135
2026-09-01 10:10:24,7750.0,7760.25,Put CEX 5,CEX,-1248791.382,7548.074933743266,9244.4355379135
2026-09-01 10:10:24,7750.0,7760.25,Put DEX 3,DEX,-86.302,7548.074933743266,9244.4355379135
2026-09-01 10:10:24,7750.0,7760.25,Call GEX 3,GEX,290793.887,7548.074933743266,9244.4355379135
2026-09-01 10:10:24,7750.0,7760.25,Put VEX 3,VEX,-1064589.928,7548.074933743266,9244.4355379135
2026-09-01 10:10:24,7800.0,7810.25,Put DEX 4,DEX,-64.183,7548.074933743266,9244.4355379135
2026-09-01 10:10:24,7800.0,7810.25,Call GEX 1,GEX,519129.845,7548.074933743266,9244.4355379135
2026-09-01 10:10:24,7800.0,7810.25,Put VEX 2,VEX,-1685223.496,7548.074933743266,9244.4355379135
2026-09-01 10:10:24,7850.0,7860.25,Call GEX 4,GEX,275762.694,7548.074933743266,9244.4355379135
2026-09-01 10:10:24,7900.0,7910.5,Call GEX 2,GEX,374919.954,7548.074933743266,9244.4355379135
2026-09-01 10:10:24,7900.0,7910.5,Put VEX 4,VEX,-976040.016,7548.074933743266,9244.4355379135
2026-09-01 10:10:24,7950.0,7960.5,Call GEX 5,GEX,164087.281,7548.074933743266,9244.4355379135
2026-09-01 10:10:24,8000.0,8010.5,Put CEX 1,CEX,-3108777.682,7548.074933743266,9244.4355379135
2026-09-01 10:10:24,8000.0,8010.5,Put DEX 1,DEX,-2536.341,7548.074933743266,9244.4355379135
2026-09-01 10:10:24,8000.0,8010.5,Put GEX 3,GEX,-402973.769,7548.074933743266,9244.4355379135
2026-09-01 10:10:24,8000.0,8010.5,Put VEX 1,VEX,-10277877.927,7548.074933743266,9244.4355379135
2026-09-01 10:11:12,7000.0,7009.75,Call CEX 3,CEX,1500426.816,7534.643749766573,9248.066341682075
2026-09-01 10:11:12,7000.0,7009.75,Call DEX 1,DEX,909.252,7534.643749766573,9248.066341682075
2026-09-01 10:11:12,7000.0,7009.75,Put GEX 1,GEX,-690062.981,7534.643749766573,9248.066341682075
2026-09-01 10:11:12,7000.0,7009.75,Call VEX 1,VEX,6806025.499,7534.643749766573,9248.066341682075
2026-09-01 10:11:12,7300.0,7310.25,Call DEX 2,DEX,258.87,7534.643749766573,9248.066341682075
2026-09-01 10:11:12,7300.0,7310.25,Call VEX 5,VEX,1626402.712,7534.643749766573,9248.066341682075
2026-09-01 10:11:12,7400.0,7410.25,Call DEX 4,DEX,203.233,7534.643749766573,9248.066341682075
2026-09-01 10:11:12,7400.0,7410.25,Call VEX 3,VEX,2109149.5,7534.643749766573,9248.066341682075
2026-09-01 10:11:12,7450.0,7460.25,Call DEX 3,DEX,209.372,7534.643749766573,9248.066341682075
2026-09-01 10:11:12,7450.0,7460.25,Call VEX 4,VEX,1855747.69,7534.643749766573,9248.066341682075
2026-09-01 10:11:12,7500.0,7510.5,Call CEX 2,CEX,1514801.303,7534.643749766573,9248.066341682075
2026-09-01 10:11:12,7500.0,7510.5,Call DEX 5,DEX,146.691,7534.643749766573,9248.066341682075
2026-09-01 10:11:12,7500.0,7510.5,Put GEX 2,GEX,-578059.784,7534.643749766573,9248.066341682075
2026-09-01 10:11:12,7500.0,7510.5,Call VEX 2,VEX,2903085.965,7534.643749766573,9248.066341682075
2026-09-01 10:11:12,7515.0,7525.5,Call CEX 4,CEX,1460187.499,7534.643749766573,9248.066341682075
2026-09-01 10:11:12,7550.0,7560.5,Call CEX 5,CEX,1379197.283,7534.643749766573,9248.066341682075
2026-09-01 10:11:12,7550.0,7560.5,Put GEX 4,GEX,-384310.339,7534.643749766573,9248.066341682075
2026-09-01 10:11:12,7600.0,7610.5,Call CEX 1,CEX,2285413.68,7534.643749766573,9248.066341682075
2026-09-01 10:11:12,7625.0,7635.5,Put GEX 5,GEX,-347597.163,7534.643749766573,9248.066341682075
2026-09-01 10:11:12,7650.0,7660.5,Put CEX 2,CEX,-2252822.603,7534.643749766573,9248.066341682075
2026-09-01 10:11:12,7650.0,7660.5,Put DEX 4,DEX,-64.958,7534.643749766573,9248.066341682075
2026-09-01 10:11:12,7675.0,7685.75,Put CEX 5,CEX,-1120976.381,7534.643749766573,9248.066341682075
2026-09-01 10:11:12,7700.0,7710.75,Put CEX 3,CEX,-1367741.904,7534.643749766573,9248.066341682075
2026-09-01 10:11:12,7700.0,7710.75,Put DEX 2,DEX,-175.055,7534.643749766573,9248.066341682075
2026-09-01 10:11:12,7700.0,7710.75,Put VEX 5,VEX,-895957.719,7534.643749766573,9248.066341682075
2026-09-01 10:11:12,7750.0,7760.75,Put CEX 4,CEX,-1174273.37,7534.643749766573,9248.066341682075
2026-09-01 10:11:12,7750.0,7760.75,Put DEX 3,DEX,-81.489,7534.643749766573,9248.066341682075
2026-09-01 10:11:12,7750.0,7760.75,Call GEX 3,GEX,291825.897,7534.643749766573,9248.066341682075
2026-09-01 10:11:12,7750.0,7760.75,Put VEX 3,VEX,-1065545.546,7534.643749766573,9248.066341682075
2026-09-01 10:11:12,7800.0,7810.75,Put DEX 5,DEX,-62.87,7534.643749766573,9248.066341682075
2026-09-01 10:11:12,7800.0,7810.75,Call GEX 1,GEX,518276.44,7534.643749766573,9248.066341682075
2026-09-01 10:11:12,7800.0,7810.75,Put VEX 2,VEX,-1685433.337,7534.643749766573,9248.066341682075
2026-09-01 10:11:12,7850.0,7861.0,Call GEX 4,GEX,274273.187,7534.643749766573,9248.066341682075
2026-09-01 10:11:12,7900.0,7911.0,Call GEX 2,GEX,373782.444,7534.643749766573,9248.066341682075
2026-09-01 10:11:12,7900.0,7911.0,Put VEX 4,VEX,-974924.529,7534.643749766573,9248.066341682075
2026-09-01 10:11:12,7950.0,7961.0,Call GEX 5,GEX,163317.241,7534.643749766573,9248.066341682075
2026-09-01 10:11:12,8000.0,8011.0,Put CEX 1,CEX,-3083329.426,7534.643749766573,9248.066341682075
2026-09-01 10:11:12,8000.0,8011.0,Put DEX 1,DEX,-2519.998,7534.643749766573,9248.066341682075
2026-09-01 10:11:12,8000.0,8011.0,Put GEX 3,GEX,-396129.455,7534.643749766573,9248.066341682075
2026-09-01 10:11:12,8000.0,8011.0,Put VEX 1,VEX,-10248396.928,7534.643749766573,9248.066341682075
2026-09-01 10:11:59,7000.0,7009.25,Call CEX 3,CEX,1463029.329,7549.466513464066,9241.361440060276
2026-09-01 10:11:59,7000.0,7009.25,Call DEX 1,DEX,874.814,7549.466513464066,9241.361440060276
2026-09-01 10:11:59,7000.0,7009.25,Put GEX 1,GEX,-703126.292,7549.466513464066,9241.361440060276
2026-09-01 10:11:59,7000.0,7009.25,Call VEX 1,VEX,6692013.599,7549.466513464066,9241.361440060276
2026-09-01 10:11:59,7300.0,7309.75,Call DEX 2,DEX,261.245,7549.466513464066,9241.361440060276
2026-09-01 10:11:59,7300.0,7309.75,Call VEX 5,VEX,1607247.849,7549.466513464066,9241.361440060276
2026-09-01 10:11:59,7400.0,7409.75,Call DEX 4,DEX,205.084,7549.466513464066,9241.361440060276
2026-09-01 10:11:59,7400.0,7409.75,Call VEX 3,VEX,2109835.434,7549.466513464066,9241.361440060276
2026-09-01 10:11:59,7450.0,7460.0,Call DEX 3,DEX,212.278,7549.466513464066,9241.361440060276
2026-09-01 10:11:59,7450.0,7460.0,Call VEX 4,VEX,1856545.731,7549.466513464066,9241.361440060276
2026-09-01 10:11:59,7500.0,7510.0,Call CEX 2,CEX,1498087.578,7549.466513464066,9241.361440060276
2026-09-01 10:11:59,7500.0,7510.0,Call DEX 5,DEX,151.141,7549.466513464066,9241.361440060276
2026-09-01 10:11:59,7500.0,7510.0,Put GEX 2,GEX,-575829.57,7549.466513464066,9241.361440060276
2026-09-01 10:11:59,7500.0,7510.0,Call VEX 2,VEX,2919499.454,7549.466513464066,9241.361440060276
2026-09-01 10:11:59,7515.0,7525.0,Call CEX 4,CEX,1448493.912,7549.466513464066,9241.361440060276
2026-09-01 10:11:59,7550.0,7560.0,Call CEX 5,CEX,1288875.931,7549.466513464066,9241.361440060276
2026-09-01 10:11:59,7550.0,7560.0,Put GEX 4,GEX,-376845.316,7549.466513464066,9241.361440060276
2026-09-01 10:11:59,7600.0,7610.0,Call CEX 1,CEX,2227232.806,7549.466513464066,9241.361440060276
2026-09-01 10:11:59,7625.0,7635.25,Put GEX 5,GEX,-337975.424,7549.466513464066,9241.361440060276
2026-09-01 10:11:59,7650.0,7660.25,Put CEX 2,CEX,-2204923.857,7549.466513464066,9241.361440060276
2026-09-01 10:11:59,7650.0,7660.25,Put DEX 5,DEX,-62.16,7549.466513464066,9241.361440060276
2026-09-01 10:11:59,7675.0,7685.25,Put CEX 3,CEX,-1895509.91,7549.466513464066,9241.361440060276
2026-09-01 10:11:59,7700.0,7710.25,Put CEX 4,CEX,-1603046.29,7549.466513464066,9241.361440060276
2026-09-01 10:11:59,7700.0,7710.25,Put DEX 2,DEX,-184.442,7549.466513464066,9241.361440060276
2026-09-01 10:11:59,7700.0,7710.25,Put VEX 5,VEX,-878417.327,7549.466513464066,9241.361440060276
2026-09-01 10:11:59,7750.0,7760.25,Put CEX 5,CEX,-1246376.019,7549.466513464066,9241.361440060276
2026-09-01 10:11:59,7750.0,7760.25,Put DEX 3,DEX,-85.259,7549.466513464066,9241.361440060276
2026-09-01 10:11:59,7750.0,7760.25,Call GEX 3,GEX,289575.889,7549.466513464066,9241.361440060276
2026-09-01 10:11:59,7750.0,7760.25,Put VEX 3,VEX,-1062011.313,7549.466513464066,9241.361440060276
2026-09-01 10:11:59,7800.0,7810.5,Put DEX 4,DEX,-63.328,7549.466513464066,9241.361440060276
2026-09-01 10:11:59,7800.0,7810.5,Call GEX 1,GEX,520373.041,7549.466513464066,9241.361440060276
2026-09-01 10:11:59,7800.0,7810.5,Put VEX 2,VEX,-1682906.114,7549.466513464066,9241.361440060276
2026-09-01 10:11:59,7850.0,7860.5,Call GEX 4,GEX,276104.914,7549.466513464066,9241.361440060276
2026-09-01 10:11:59,7900.0,7910.5,Call GEX 2,GEX,375545.383,7549.466513464066,9241.361440060276
2026-09-01 10:11:59,7900.0,7910.5,Put VEX 4,VEX,-976284.621,7549.466513464066,9241.361440060276
2026-09-01 10:11:59,7950.0,7960.5,Call GEX 5,GEX,164442.384,7549.466513464066,9241.361440060276
2026-09-01 10:11:59,8000.0,8010.75,Put CEX 1,CEX,-3110987.846,7549.466513464066,9241.361440060276
2026-09-01 10:11:59,8000.0,8010.75,Put DEX 1,DEX,-2542.054,7549.466513464066,9241.361440060276
2026-09-01 10:11:59,8000.0,8010.75,Put GEX 3,GEX,-397538.128,7549.466513464066,9241.361440060276
2026-09-01 10:11:59,8000.0,8010.75,Put VEX 1,VEX,-10261938.84,7549.466513464066,9241.361440060276
2026-09-01 10:12:48,7000.0,7009.25,Call CEX 3,CEX,1431153.352,7550.024545810248,9239.961503301
2026-09-01 10:12:48,7000.0,7009.25,Call DEX 1,DEX,885.278,7550.024545810248,9239.961503301
2026-09-01 10:12:48,7000.0,7009.25,Put GEX 1,GEX,-719707.358,7550.024545810248,9239.961503301
2026-09-01 10:12:48,7000.0,7009.25,Call VEX 1,VEX,6477598.024,7550.024545810248,9239.961503301
2026-09-01 10:12:48,7300.0,7309.75,Call DEX 2,DEX,262.534,7550.024545810248,9239.961503301
2026-09-01 10:12:48,7300.0,7309.75,Call VEX 5,VEX,1603227.218,7550.024545810248,9239.961503301
2026-09-01 10:12:48,7400.0,7409.75,Call DEX 3,DEX,207.496,7550.024545810248,9239.961503301
2026-09-01 10:12:48,7400.0,7409.75,Call VEX 3,VEX,2107688.361,7550.024545810248,9239.961503301
2026-09-01 10:12:48,7450.0,7459.75,Call DEX 4,DEX,204.641,7550.024545810248,9239.961503301
2026-09-01 10:12:48,7450.0,7459.75,Call VEX 4,VEX,1859194.878,7550.024545810248,9239.961503301
2026-09-01 10:12:48,7500.0,7510.0,Call CEX 2,CEX,1485075.619,7550.024545810248,9239.961503301
2026-09-01 10:12:48,7500.0,7510.0,Call DEX 5,DEX,155.802,7550.024545810248,9239.961503301
2026-09-01 10:12:48,7500.0,7510.0,Put GEX 2,GEX,-572712.556,7550.024545810248,9239.961503301
2026-09-01 10:12:48,7500.0,7510.0,Call VEX 2,VEX,2939806.05,7550.024545810248,9239.961503301
2026-09-01 10:12:48,7515.0,7525.0,Call CEX 4,CEX,1429429.617,7550.024545810248,9239.961503301
2026-09-01 10:12:48,7550.0,7560.0,Put GEX 4,GEX,-372309.975,7550.024545810248,9239.961503301
2026-09-01 10:12:48,7600.0,7610.0,Call CEX 1,CEX,2148886.61,7550.024545810248,9239.961503301
2026-09-01 10:12:48,7625.0,7635.0,Call CEX 5,CEX,1404028.119,7550.024545810248,9239.961503301
2026-09-01 10:12:48,7650.0,7660.25,Put CEX 3,CEX,-2119005.287,7550.024545810248,9239.961503301
2026-09-01 10:12:48,7650.0,7660.25,Put DEX 5,DEX,-59.157,7550.024545810248,9239.961503301
2026-09-01 10:12:48,7650.0,7660.25,Put GEX 5,GEX,-333566.665,7550.024545810248,9239.961503301
2026-09-01 10:12:48,7675.0,7685.25,Put CEX 2,CEX,-2153260.959,7550.024545810248,9239.961503301
2026-09-01 10:12:48,7700.0,7710.25,Put CEX 4,CEX,-1891114.645,7550.024545810248,9239.961503301
2026-09-01 10:12:48,7700.0,7710.25,Put DEX 2,DEX,-180.357,7550.024545810248,9239.961503301
2026-09-01 10:12:48,7700.0,7710.25,Put VEX 5,VEX,-861890.691,7550.024545810248,9239.961503301
2026-09-01 10:12:48,7750.0,7760.25,Put CEX 5,CEX,-1368599.597,7550.024545810248,9239.961503301
2026-09-01 10:12:48,7750.0,7760.25,Put DEX 3,DEX,-83.536,7550.024545810248,9239.961503301
2026-09-01 10:12:48,7750.0,7760.25,Call GEX 3,GEX,291695.325,7550.024545810248,9239.961503301
2026-09-01 10:12:48,7750.0,7760.25,Put VEX 3,VEX,-1059746.943,7550.024545810248,9239.961503301
2026-09-01 10:12:48,7800.0,7810.25,Put DEX 4,DEX,-61.991,7550.024545810248,9239.961503301
2026-09-01 10:12:48,7800.0,7810.25,Call GEX 1,GEX,525435.988,7550.024545810248,9239.961503301
2026-09-01 10:12:48,7800.0,7810.25,Put VEX 2,VEX,-1680276.731,7550.024545810248,9239.961503301
2026-09-01 10:12:48,7850.0,7860.5,Call GEX 4,GEX,278307.178,7550.024545810248,9239.961503301
2026-09-01 10:12:48,7900.0,7910.5,Call GEX 2,GEX,378098.531,7550.024545810248,9239.961503301
2026-09-01 10:12:48,7900.0,7910.5,Put VEX 4,VEX,-976343.984,7550.024545810248,9239.961503301
2026-09-01 10:12:48,7950.0,7960.5,Call GEX 5,GEX,165547.859,7550.024545810248,9239.961503301
2026-09-01 10:12:48,8000.0,8010.5,Put CEX 1,CEX,-3129408.614,7550.024545810248,9239.961503301
2026-09-01 10:12:48,8000.0,8010.5,Put DEX 1,DEX,-2533.645,7550.024545810248,9239.961503301
2026-09-01 10:12:48,8000.0,8010.5,Put GEX 3,GEX,-404243.389,7550.024545810248,9239.961503301
2026-09-01 10:12:48,8000.0,8010.5,Put VEX 1,VEX,-10290468.689,7550.024545810248,9239.961503301
2026-09-01 10:13:35,7000.0,7009.5,Call CEX 4,CEX,1431000.059,7533.8201012214095,9238.1006345957
2026-09-01 10:13:35,7000.0,7009.5,Call DEX 1,DEX,881.831,7533.8201012214095,9238.1006345957
2026-09-01 10:13:35,7000.0,7009.5,Put GEX 1,GEX,-717024.809,7533.8201012214095,9238.1006345957
2026-09-01 10:13:35,7000.0,7009.5,Call VEX 1,VEX,6480355.46,7533.8201012214095,9238.1006345957
2026-09-01 10:13:35,7300.0,7309.75,Call DEX 2,DEX,263.229,7533.8201012214095,9238.1006345957
2026-09-01 10:13:35,7300.0,7309.75,Call VEX 5,VEX,1597046.25,7533.8201012214095,9238.1006345957
2026-09-01 10:13:35,7400.0,7410.0,Call DEX 4,DEX,209.073,7533.8201012214095,9238.1006345957
2026-09-01 10:13:35,7400.0,7410.0,Call VEX 3,VEX,2110501.114,7533.8201012214095,9238.1006345957
2026-09-01 10:13:35,7450.0,7460.0,Call DEX 3,DEX,216.826,7533.8201012214095,9238.1006345957
2026-09-01 10:13:35,7450.0,7460.0,Call VEX 4,VEX,1863088.119,7533.8201012214095,9238.1006345957
2026-09-01 10:13:35,7500.0,7510.25,Call CEX 5,CEX,1385901.24,7533.8201012214095,9238.1006345957
2026-09-01 10:13:35,7500.0,7510.25,Call DEX 5,DEX,159.701,7533.8201012214095,9238.1006345957
2026-09-01 10:13:35,7500.0,7510.25,Put GEX 2,GEX,-567644.296,7533.8201012214095,9238.1006345957
2026-09-01 10:13:35,7500.0,7510.25,Call VEX 2,VEX,2948165.748,7533.8201012214095,9238.1006345957
2026-09-01 10:13:35,7515.0,7525.25,Call CEX 3,CEX,1439327.077,7533.8201012214095,9238.1006345957
2026-09-01 10:13:35,7550.0,7560.25,Put GEX 4,GEX,-368955.771,7533.8201012214095,9238.1006345957
2026-09-01 10:13:35,7600.0,7610.25,Call CEX 1,CEX,2113914.416,7533.8201012214095,9238.1006345957
2026-09-01 10:13:35,7625.0,7635.25,Call CEX 2,CEX,1531618.021,7533.8201012214095,9238.1006345957
2026-09-01 10:13:35,7650.0,7660.25,Put CEX 2,CEX,-2105900.48,7533.8201012214095,9238.1006345957
2026-09-01 10:13:35,7650.0,7660.25,Put DEX 5,DEX,-57.545,7533.8201012214095,9238.1006345957
2026-09-01 10:13:35,7650.0,7660.25,Put GEX 5,GEX,-351134.682,7533.8201012214095,9238.1006345957
2026-09-01 10:13:35,7675.0,7685.25,Put CEX 3,CEX,-1968281.17,7533.8201012214095,9238.1006345957
2026-09-01 10:13:35,7700.0,7710.5,Put CEX 4,CEX,-1678573.647,7533.8201012214095,9238.1006345957
2026-09-01 10:13:35,7700.0,7710.5,Put DEX 2,DEX,-178.188,7533.8201012214095,9238.1006345957
2026-09-01 10:13:35,7700.0,7710.5,Put VEX 5,VEX,-837645.474,7533.8201012214095,9238.1006345957
2026-09-01 10:13:35,7750.0,7760.5,Put CEX 5,CEX,-1292962.95,7533.8201012214095,9238.1006345957
2026-09-01 10:13:35,7750.0,7760.5,Put DEX 3,DEX,-82.608,7533.8201012214095,9238.1006345957
2026-09-01 10:13:35,7750.0,7760.5,Call GEX 3,GEX,296450.352,7533.8201012214095,9238.1006345957
2026-09-01 10:13:35,7750.0,7760.5,Put VEX 3,VEX,-1050428.737,7533.8201012214095,9238.1006345957
2026-09-01 10:13:35,7800.0,7810.5,Put DEX 4,DEX,-60.79,7533.8201012214095,9238.1006345957
2026-09-01 10:13:35,7800.0,7810.5,Call GEX 1,GEX,529880.959,7533.8201012214095,9238.1006345957
2026-09-01 10:13:35,7800.0,7810.5,Put VEX 2,VEX,-1674682.025,7533.8201012214095,9238.1006345957
2026-09-01 10:13:35,7850.0,7860.5,Call GEX 4,GEX,280627.638,7533.8201012214095,9238.1006345957
2026-09-01 10:13:35,7900.0,7910.75,Call GEX 2,GEX,381574.057,7533.8201012214095,9238.1006345957
2026-09-01 10:13:35,7900.0,7910.75,Put VEX 4,VEX,-981477.882,7533.8201012214095,9238.1006345957
2026-09-01 10:13:35,7950.0,7960.75,Call GEX 5,GEX,166340.786,7533.8201012214095,9238.1006345957
2026-09-01 10:13:35,8000.0,8010.75,Put CEX 1,CEX,-3130237.563,7533.8201012214095,9238.1006345957
2026-09-01 10:13:35,8000.0,8010.75,Put DEX 1,DEX,-2531.871,7533.8201012214095,9238.1006345957
2026-09-01 10:13:35,8000.0,8010.75,Put GEX 3,GEX,-405473.639,7533.8201012214095,9238.1006345957
2026-09-01 10:13:35,8000.0,8010.75,Put VEX 1,VEX,-10299159.17,7533.8201012214095,9238.1006345957
2026-09-01 10:14:22,7000.0,7009.0,Call CEX 3,CEX,1448986.729,7550.125917426523,9245.421376087465
2026-09-01 10:14:22,7000.0,7009.0,Call DEX 1,DEX,920.218,7550.125917426523,9245.421376087465
2026-09-01 10:14:22,7000.0,7009.0,Put GEX 1,GEX,-719652.387,7550.125917426523,9245.421376087465
2026-09-01 10:14:22,7000.0,7009.0,Call VEX 1,VEX,6476362.951,7550.125917426523,9245.421376087465
2026-09-01 10:14:22,7300.0,7309.5,Call DEX 2,DEX,263.071,7550.125917426523,9245.421376087465
2026-09-01 10:14:22,7300.0,7309.5,Call VEX 5,VEX,1597278.546,7550.125917426523,9245.421376087465
2026-09-01 10:14:22,7400.0,7409.5,Call DEX 3,DEX,207.589,7550.125917426523,9245.421376087465
2026-09-01 10:14:22,7400.0,7409.5,Call VEX 3,VEX,2110157.019,7550.125917426523,9245.421376087465
2026-09-01 10:14:22,7450.0,7459.75,Call DEX 4,DEX,205.048,7550.125917426523,9245.421376087465
2026-09-01 10:14:22,7450.0,7459.75,Call VEX 4,VEX,1859466.146,7550.125917426523,9245.421376087465
2026-09-01 10:14:22,7500.0,7509.75,Call CEX 2,CEX,1486280.773,7550.125917426523,9245.421376087465
2026-09-01 10:14:22,7500.0,7509.75,Call DEX 5,DEX,155.897,7550.125917426523,9245.421376087465
2026-09-01 10:14:22,7500.0,7509.75,Put GEX 2,GEX,-572443.337,7550.125917426523,9245.421376087465
2026-09-01 10:14:22,7500.0,7509.75,Call VEX 2,VEX,2939460.973,7550.125917426523,9245.421376087465
2026-09-01 10:14:22,7515.0,7524.75,Call CEX 4,CEX,1444529.911,7550.125917426523,9245.421376087465
2026-09-01 10:14:22,7550.0,7559.75,Put GEX 4,GEX,-372651.914,7550.125917426523,9245.421376087465
2026-09-01 10:14:22,7600.0,7609.75,Call CEX 1,CEX,2122229.706,7550.125917426523,9245.421376087465
2026-09-01 10:14:22,7625.0,7635.0,Call CEX 5,CEX,1427722.926,7550.125917426523,9245.421376087465
2026-09-01 10:14:22,7650.0,7660.0,Put CEX 2,CEX,-2154189.755,7550.125917426523,9245.421376087465
2026-09-01 10:14:22,7650.0,7660.0,Put DEX 5,DEX,-59.412,7550.125917426523,9245.421376087465
2026-09-01 10:14:22,7650.0,7660.0,Put GEX 5,GEX,-335520.393,7550.125917426523,9245.421376087465
2026-09-01 10:14:22,7675.0,7685.0,Put CEX 3,CEX,-2124471.975,7550.125917426523,9245.421376087465
2026-09-01 10:14:22,7700.0,7710.0,Put CEX 4,CEX,-1920136.89,7550.125917426523,9245.421376087465
2026-09-01 10:14:22,7700.0,7710.0,Put DEX 2,DEX,-180.753,7550.125917426523,9245.421376087465
2026-09-01 10:14:22,7700.0,7710.0,Put VEX 5,VEX,-864076.89,7550.125917426523,9245.421376087465
2026-09-01 10:14:22,7750.0,7760.0,Put CEX 5,CEX,-1391864.28,7550.125917426523,9245.421376087465
2026-09-01 10:14:22,7750.0,7760.0,Put DEX 3,DEX,-84.071,7550.125917426523,9245.421376087465
2026-09-01 10:14:22,7750.0,7760.0,Call GEX 3,GEX,292390.548,7550.125917426523,9245.421376087465
2026-09-01 10:14:22,7750.0,7760.0,Put VEX 3,VEX,-1059273.786,7550.125917426523,9245.421376087465
2026-09-01 10:14:22,7800.0,7810.0,Put DEX 4,DEX,-62.492,7550.125917426523,9245.421376087465
2026-09-01 10:14:22,7800.0,7810.0,Call GEX 1,GEX,526787.569,7550.125917426523,9245.421376087465
2026-09-01 10:14:22,7800.0,7810.0,Put VEX 2,VEX,-1679171.076,7550.125917426523,9245.421376087465
2026-09-01 10:14:22,7850.0,7860.25,Call GEX 4,GEX,279562.321,7550.125917426523,9245.421376087465
2026-09-01 10:14:22,7900.0,7910.25,Call GEX 2,GEX,379949.939,7550.125917426523,9245.421376087465
2026-09-01 10:14:22,7900.0,7910.25,Put VEX 4,VEX,-980636.864,7550.125917426523,9245.421376087465
2026-09-01 10:14:22,7950.0,7960.25,Call GEX 5,GEX,165455.457,7550.125917426523,9245.421376087465
2026-09-01 10:14:22,8000.0,8010.5,Put CEX 1,CEX,-3101811.588,7550.125917426523,9245.421376087465
2026-09-01 10:14:22,8000.0,8010.5,Put DEX 1,DEX,-2510.282,7550.125917426523,9245.421376087465
2026-09-01 10:14:22,8000.0,8010.5,Put GEX 3,GEX,-400415.381,7550.125917426523,9245.421376087465
2026-09-01 10:14:22,8000.0,8010.5,Put VEX 1,VEX,-10275902.801,7550.125917426523,9245.421376087465
2026-09-01 10:15:11,7000.0,7009.5,Call CEX 4,CEX,1449371.948,7545.246942657536,9242.674384977723
2026-09-01 10:15:11,7000.0,7009.5,Call DEX 1,DEX,914.958,7545.246942657536,9242.674384977723
2026-09-01 10:15:11,7000.0,7009.5,Put GEX 1,GEX,-710861.16,7545.246942657536,9242.674384977723
2026-09-01 10:15:11,7000.0,7009.5,Call VEX 1,VEX,6528185.55,7545.246942657536,9242.674384977723
2026-09-01 10:15:11,7300.0,7309.75,Call DEX 2,DEX,262.348,7545.246942657536,9242.674384977723
2026-09-01 10:15:11,7300.0,7309.75,Call VEX 5,VEX,1604281.679,7545.246942657536,9242.674384977723
2026-09-01 10:15:11,7400.0,7410.0,Call DEX 3,DEX,208.762,7545.246942657536,9242.674384977723
2026-09-01 10:15:11,7400.0,7410.0,Call VEX 3,VEX,2111167.95,7545.246942657536,9242.674384977723
2026-09-01 10:15:11,7450.0,7460.0,Call DEX 4,DEX,205.446,7545.246942657536,9242.674384977723
2026-09-01 10:15:11,7450.0,7460.0,Call VEX 4,VEX,1860847.4,7545.246942657536,9242.674384977723
2026-09-01 10:15:11,7500.0,7510.25,Call CEX 5,CEX,1439158.964,7545.246942657536,9242.674384977723
2026-09-01 10:15:11,7500.0,7510.25,Call DEX 5,DEX,158.454,7545.246942657536,9242.674384977723
2026-09-01 10:15:11,7500.0,7510.25,Put GEX 2,GEX,-570443.892,7545.246942657536,9242.674384977723
2026-09-01 10:15:11,7500.0,7510.25,Call VEX 2,VEX,2944987.769,7545.246942657536,9242.674384977723
2026-09-01 10:15:11,7515.0,7525.25,Call CEX 3,CEX,1451429.686,7545.246942657536,9242.674384977723
2026-09-01 10:15:11,7550.0,7560.25,Put GEX 4,GEX,-371546.217,7545.246942657536,9242.674384977723
2026-09-01 10:15:11,7600.0,7610.25,Call CEX 1,CEX,2108800.53,7545.246942657536,9242.674384977723
2026-09-01 10:15:11,7625.0,7635.25,Call CEX 2,CEX,1504406.492,7545.246942657536,9242.674384977723
2026-09-01 10:15:11,7650.0,7660.25,Put CEX 2,CEX,-2146407.95,7545.246942657536,9242.674384977723
2026-09-01 10:15:11,7650.0,7660.25,Put DEX 5,DEX,-58.482,7545.246942657536,9242.674384977723
2026-09-01 10:15:11,7650.0,7660.25,Put GEX 5,GEX,-344906.132,7545.246942657536,9242.674384977723
2026-09-01 10:15:11,7675.0,7685.25,Put CEX 3,CEX,-2052024.544,7545.246942657536,9242.674384977723
2026-09-01 10:15:11,7700.0,7710.5,Put CEX 4,CEX,-1924157.371,7545.246942657536,9242.674384977723
2026-09-01 10:15:11,7700.0,7710.5,Put DEX 2,DEX,-179.375,7545.246942657536,9242.674384977723
2026-09-01 10:15:11,7700.0,7710.5,Put VEX 5,VEX,-853753.858,7545.246942657536,9242.674384977723
2026-09-01 10:15:11,7750.0,7760.5,Put CEX 5,CEX,-1329598.796,7545.246942657536,9242.674384977723
2026-09-01 10:15:11,7750.0,7760.5,Put DEX 3,DEX,-83.2,7545.246942657536,9242.674384977723
2026-09-01 10:15:11,7750.0,7760.5,Call GEX 3,GEX,294134.025,7545.246942657536,9242.674384977723
2026-09-01 10:15:11,7750.0,7760.5,Put VEX 3,VEX,-1054217.047,7545.246942657536,9242.674384977723
2026-09-01 10:15:11,7800.0,7810.5,Put DEX 4,DEX,-61.557,7545.246942657536,9242.674384977723
2026-09-01 10:15:11,7800.0,7810.5,Call GEX 1,GEX,528201.67,7545.246942657536,9242.674384977723
2026-09-01 10:15:11,7800.0,7810.5,Put VEX 2,VEX,-1676143.872,7545.246942657536,9242.674384977723
2026-09-01 10:15:11,7850.0,7860.5,Call GEX 4,GEX,280523.184,7545.246942657536,9242.674384977723
2026-09-01 10:15:11,7900.0,7910.75,Call GEX 2,GEX,380876.821,7545.246942657536,9242.674384977723
2026-09-01 10:15:11,7900.0,7910.75,Put VEX 4,VEX,-981182.31,7545.246942657536,9242.674384977723
2026-09-01 10:15:11,7950.0,7960.75,Call GEX 5,GEX,165938.986,7545.246942657536,9242.674384977723
2026-09-01 10:15:11,8000.0,8010.75,Put CEX 1,CEX,-3105695.309,7545.246942657536,9242.674384977723
2026-09-01 10:15:11,8000.0,8010.75,Put DEX 1,DEX,-2537.263,7545.246942657536,9242.674384977723
2026-09-01 10:15:11,8000.0,8010.75,Put GEX 3,GEX,-397283.265,7545.246942657536,9242.674384977723
2026-09-01 10:15:11,8000.0,8010.75,Put VEX 1,VEX,-10268397.109,7545.246942657536,9242.674384977723
2026-09-01 10:15:58,7000.0,7010.25,Call CEX 5,CEX,1457219.246,7525.684562034146,9243.08423221902
2026-09-01 10:15:58,7000.0,7010.25,Call DEX 1,DEX,916.056,7525.684562034146,9243.08423221902
2026-09-01 10:15:58,7000.0,7010.25,Put GEX 1,GEX,-714832.879,7525.684562034146,9243.08423221902
2026-09-01 10:15:58,7000.0,7010.25,Call VEX 1,VEX,6499040.454,7525.684562034146,9243.08423221902
2026-09-01 10:15:58,7300.0,7310.5,Call DEX 2,DEX,261.741,7525.684562034146,9243.08423221902
2026-09-01 10:15:58,7300.0,7310.5,Call VEX 5,VEX,1613774.82,7525.684562034146,9243.08423221902
2026-09-01 10:15:58,7400.0,7410.75,Call DEX 4,DEX,208.135,7525.684562034146,9243.08423221902
2026-09-01 10:15:58,7400.0,7410.75,Call VEX 3,VEX,2113787.246,7525.684562034146,9243.08423221902
2026-09-01 10:15:58,7450.0,7460.75,Call DEX 3,DEX,215.502,7525.684562034146,9243.08423221902
2026-09-01 10:15:58,7450.0,7460.75,Call VEX 4,VEX,1867601.783,7525.684562034146,9243.08423221902
2026-09-01 10:15:58,7500.0,7511.0,Call CEX 3,CEX,1472053.485,7525.684562034146,9243.08423221902
2026-09-01 10:15:58,7500.0,7511.0,Call DEX 5,DEX,159.083,7525.684562034146,9243.08423221902
2026-09-01 10:15:58,7500.0,7511.0,Put GEX 2,GEX,-570384.715,7525.684562034146,9243.08423221902
2026-09-01 10:15:58,7500.0,7511.0,Call VEX 2,VEX,2948032.525,7525.684562034146,9243.08423221902
2026-09-01 10:15:58,7515.0,7526.0,Call CEX 4,CEX,1462874.098,7525.684562034146,9243.08423221902
2026-09-01 10:15:58,7550.0,7561.0,Put GEX 4,GEX,-371259.737,7525.684562034146,9243.08423221902
2026-09-01 10:15:58,7600.0,7611.0,Call CEX 1,CEX,2158074.693,7525.684562034146,9243.08423221902
2026-09-01 10:15:58,7625.0,7636.0,Call CEX 2,CEX,1526766.383,7525.684562034146,9243.08423221902
2026-09-01 10:15:58,7650.0,7661.0,Put CEX 2,CEX,-2228179.257,7525.684562034146,9243.08423221902
2026-09-01 10:15:58,7650.0,7661.0,Put DEX 4,DEX,-59.314,7525.684562034146,9243.08423221902
2026-09-01 10:15:58,7650.0,7661.0,Put GEX 5,GEX,-370577.903,7525.684562034146,9243.08423221902
2026-09-01 10:15:58,7675.0,7686.25,Put CEX 4,CEX,-1197824.975,7525.684562034146,9243.08423221902
2026-09-01 10:15:58,7700.0,7711.25,Put CEX 3,CEX,-1445806.551,7525.684562034146,9243.08423221902
2026-09-01 10:15:58,7700.0,7711.25,Put DEX 2,DEX,-167.006,7525.684562034146,9243.08423221902
2026-09-01 10:15:58,7700.0,7711.25,Put VEX 5,VEX,-841273.197,7525.684562034146,9243.08423221902
2026-09-01 10:15:58,7750.0,7761.25,Put CEX 5,CEX,-1186695.814,7525.684562034146,9243.08423221902
2026-09-01 10:15:58,7750.0,7761.25,Put DEX 3,DEX,-77.344,7525.684562034146,9243.08423221902
2026-09-01 10:15:58,7750.0,7761.25,Call GEX 3,GEX,298095.862,7525.684562034146,9243.08423221902
2026-09-01 10:15:58,7750.0,7761.25,Put VEX 3,VEX,-1046792.705,7525.684562034146,9243.08423221902
2026-09-01 10:15:58,7800.0,7811.25,Put DEX 5,DEX,-58.483,7525.684562034146,9243.08423221902
2026-09-01 10:15:58,7800.0,7811.25,Call GEX 1,GEX,529197.157,7525.684562034146,9243.08423221902
2026-09-01 10:15:58,7800.0,7811.25,Put VEX 2,VEX,-1677095.284,7525.684562034146,9243.08423221902
2026-09-01 10:15:58,7850.0,7861.5,Call GEX 4,GEX,280391.615,7525.684562034146,9243.08423221902
2026-09-01 10:15:58,7900.0,7911.5,Call GEX 2,GEX,380297.517,7525.684562034146,9243.08423221902
2026-09-01 10:15:58,7900.0,7911.5,Put VEX 4,VEX,-980164.717,7525.684562034146,9243.08423221902
2026-09-01 10:15:58,7950.0,7961.5,Call GEX 5,GEX,165922.701,7525.684562034146,9243.08423221902
2026-09-01 10:15:58,8000.0,8011.5,Put CEX 1,CEX,-3085486.981,7525.684562034146,9243.08423221902
2026-09-01 10:15:58,8000.0,8011.5,Put DEX 1,DEX,-2518.812,7525.684562034146,9243.08423221902
2026-09-01 10:15:58,8000.0,8011.5,Put GEX 3,GEX,-388726.178,7525.684562034146,9243.08423221902
2026-09-01 10:15:58,8000.0,8011.5,Put VEX 1,VEX,-10237819.605,7525.684562034146,9243.08423221902
2026-09-01 10:16:47,7000.0,7009.5,Call CEX 4,CEX,1419419.003,7550.220651768724,9244.890625152791
2026-09-01 10:16:47,7000.0,7009.5,Call DEX 1,DEX,888.9,7550.220651768724,9244.890625152791
2026-09-01 10:16:47,7000.0,7009.5,Put GEX 1,GEX,-736300.601,7550.220651768724,9244.890625152791
2026-09-01 10:16:47,7000.0,7009.5,Call VEX 1,VEX,6364636.122,7550.220651768724,9244.890625152791
2026-09-01 10:16:47,7300.0,7310.0,Call DEX 2,DEX,263.331,7550.220651768724,9244.890625152791
2026-09-01 10:16:47,7300.0,7310.0,Call VEX 5,VEX,1593191.641,7550.220651768724,9244.890625152791
2026-09-01 10:16:47,7400.0,7410.0,Call DEX 3,DEX,207.964,7550.220651768724,9244.890625152791
2026-09-01 10:16:47,7400.0,7410.0,Call VEX 3,VEX,2107816.883,7550.220651768724,9244.890625152791
2026-09-01 10:16:47,7450.0,7460.0,Call DEX 4,DEX,204.9,7550.220651768724,9244.890625152791
2026-09-01 10:16:47,7450.0,7460.0,Call VEX 4,VEX,1858504.226,7550.220651768724,9244.890625152791
2026-09-01 10:16:47,7500.0,7510.25,Call CEX 2,CEX,1487990.235,7550.220651768724,9244.890625152791
2026-09-01 10:16:47,7500.0,7510.25,Call DEX 5,DEX,155.762,7550.220651768724,9244.890625152791
2026-09-01 10:16:47,7500.0,7510.25,Put GEX 2,GEX,-570970.424,7550.220651768724,9244.890625152791
2026-09-01 10:16:47,7500.0,7510.25,Call VEX 2,VEX,2937354.896,7550.220651768724,9244.890625152791
2026-09-01 10:16:47,7515.0,7525.25,Call CEX 3,CEX,1453257.887,7550.220651768724,9244.890625152791
2026-09-01 10:16:47,7550.0,7560.25,Put GEX 4,GEX,-371417.485,7550.220651768724,9244.890625152791
2026-09-01 10:16:47,7600.0,7610.25,Call CEX 1,CEX,2111688.406,7550.220651768724,9244.890625152791
2026-09-01 10:16:47,7625.0,7635.25,Call CEX 5,CEX,1406076.325,7550.220651768724,9244.890625152791
2026-09-01 10:16:47,7625.0,7635.25,Put GEX 5,GEX,-330453.877,7550.220651768724,9244.890625152791
2026-09-01 10:16:47,7650.0,7660.25,Put CEX 3,CEX,-2181470.546,7550.220651768724,9244.890625152791
2026-09-01 10:16:47,7650.0,7660.25,Put DEX 5,DEX,-60.067,7550.220651768724,9244.890625152791
2026-09-01 10:16:47,7675.0,7685.5,Put CEX 2,CEX,-2191002.484,7550.220651768724,9244.890625152791
2026-09-01 10:16:47,7700.0,7710.5,Put CEX 4,CEX,-2028945.722,7550.220651768724,9244.890625152791
2026-09-01 10:16:47,7700.0,7710.5,Put DEX 2,DEX,-181.76,7550.220651768724,9244.890625152791
2026-09-01 10:16:47,7700.0,7710.5,Put VEX 5,VEX,-874083.03,7550.220651768724,9244.890625152791
2026-09-01 10:16:47,7750.0,7760.5,Put CEX 5,CEX,-1421338.912,7550.220651768724,9244.890625152791
2026-09-01 10:16:47,7750.0,7760.5,Put DEX 3,DEX,-84.505,7550.220651768724,9244.890625152791
2026-09-01 10:16:47,7750.0,7760.5,Call GEX 3,GEX,291016.077,7550.220651768724,9244.890625152791
2026-09-01 10:16:47,7750.0,7760.5,Put VEX 3,VEX,-1064158.971,7550.220651768724,9244.890625152791
2026-09-01 10:16:47,7800.0,7810.5,Put DEX 4,DEX,-62.915,7550.220651768724,9244.890625152791
2026-09-01 10:16:47,7800.0,7810.5,Call GEX 1,GEX,526920.055,7550.220651768724,9244.890625152791
2026-09-01 10:16:47,7800.0,7810.5,Put VEX 2,VEX,-1684470.416,7550.220651768724,9244.890625152791
2026-09-01 10:16:47,7850.0,7860.5,Call GEX 4,GEX,278668.524,7550.220651768724,9244.890625152791
2026-09-01 10:16:47,7900.0,7910.75,Call GEX 2,GEX,379185.604,7550.220651768724,9244.890625152791
2026-09-01 10:16:47,7900.0,7910.75,Put VEX 4,VEX,-979923.579,7550.220651768724,9244.890625152791
2026-09-01 10:16:47,7950.0,7960.75,Call GEX 5,GEX,164989.427,7550.220651768724,9244.890625152791
2026-09-01 10:16:47,8000.0,8010.75,Put CEX 1,CEX,-3135906.696,7550.220651768724,9244.890625152791
2026-09-01 10:16:47,8000.0,8010.75,Put DEX 1,DEX,-2529.933,7550.220651768724,9244.890625152791
2026-09-01 10:16:47,8000.0,8010.75,Put GEX 3,GEX,-410888.352,7550.220651768724,9244.890625152791
2026-09-01 10:16:47,8000.0,8010.75,Put VEX 1,VEX,-10306661.783,7550.220651768724,9244.890625152791
2026-09-01 10:17:34,7000.0,7009.0,Call CEX 4,CEX,1442721.249,7550.839816603962,9242.372318751002
2026-09-01 10:17:34,7000.0,7009.0,Call DEX 1,DEX,881.698,7550.839816603962,9242.372318751002
2026-09-01 10:17:34,7000.0,7009.0,Put GEX 1,GEX,-719728.32,7550.839816603962,9242.372318751002
2026-09-01 10:17:34,7000.0,7009.0,Call VEX 1,VEX,6536423.561,7550.839816603962,9242.372318751002
2026-09-01 10:17:34,7300.0,7309.25,Call DEX 2,DEX,261.551,7550.839816603962,9242.372318751002
2026-09-01 10:17:34,7300.0,7309.25,Call VEX 5,VEX,1606436.228,7550.839816603962,9242.372318751002
2026-09-01 10:17:34,7400.0,7409.5,Call DEX 4,DEX,205.571,7550.839816603962,9242.372318751002
2026-09-01 10:17:34,7400.0,7409.5,Call VEX 3,VEX,2108329.791,7550.839816603962,9242.372318751002
2026-09-01 10:17:34,7450.0,7459.5,Call DEX 3,DEX,207.949,7550.839816603962,9242.372318751002
2026-09-01 10:17:34,7450.0,7459.5,Call VEX 4,VEX,1855952.61,7550.839816603962,9242.372318751002
2026-09-01 10:17:34,7500.0,7509.75,Call CEX 2,CEX,1497414.623,7550.839816603962,9242.372318751002
2026-09-01 10:17:34,7500.0,7509.75,Call DEX 5,DEX,151.455,7550.839816603962,9242.372318751002
2026-09-01 10:17:34,7500.0,7509.75,Put GEX 2,GEX,-574029.943,7550.839816603962,9242.372318751002
2026-09-01 10:17:34,7500.0,7509.75,Call VEX 2,VEX,2922621.361,7550.839816603962,9242.372318751002
2026-09-01 10:17:34,7515.0,7524.75,Call CEX 3,CEX,1471907.953,7550.839816603962,9242.372318751002
2026-09-01 10:17:34,7550.0,7559.75,Call CEX 5,CEX,1277283.484,7550.839816603962,9242.372318751002
2026-09-01 10:17:34,7550.0,7559.75,Put GEX 4,GEX,-375661.988,7550.839816603962,9242.372318751002
2026-09-01 10:17:34,7600.0,7609.75,Call CEX 1,CEX,2215663.738,7550.839816603962,9242.372318751002
2026-09-01 10:17:34,7625.0,7634.75,Put GEX 5,GEX,-339493.59,7550.839816603962,9242.372318751002
2026-09-01 10:17:34,7650.0,7659.75,Put CEX 2,CEX,-2268728.662,7550.839816603962,9242.372318751002
2026-09-01 10:17:34,7650.0,7659.75,Put DEX 5,DEX,-62.565,7550.839816603962,9242.372318751002
2026-09-01 10:17:34,7675.0,7684.75,Put CEX 3,CEX,-2132826.586,7550.839816603962,9242.372318751002
2026-09-01 10:17:34,7700.0,7710.0,Put CEX 4,CEX,-1910840.213,7550.839816603962,9242.372318751002
2026-09-01 10:17:34,7700.0,7710.0,Put DEX 2,DEX,-185.014,7550.839816603962,9242.372318751002
2026-09-01 10:17:34,7700.0,7710.0,Put VEX 5,VEX,-891437.244,7550.839816603962,9242.372318751002
2026-09-01 10:17:34,7750.0,7760.0,Put CEX 5,CEX,-1342840.309,7550.839816603962,9242.372318751002
2026-09-01 10:17:34,7750.0,7760.0,Put DEX 3,DEX,-86.296,7550.839816603962,9242.372318751002
2026-09-01 10:17:34,7750.0,7760.0,Call GEX 3,GEX,291467.954,7550.839816603962,9242.372318751002
2026-09-01 10:17:34,7750.0,7760.0,Put VEX 3,VEX,-1066537.354,7550.839816603962,9242.372318751002
2026-09-01 10:17:34,7800.0,7810.0,Put DEX 4,DEX,-64.486,7550.839816603962,9242.372318751002
2026-09-01 10:17:34,7800.0,7810.0,Call GEX 1,GEX,523199.846,7550.839816603962,9242.372318751002
2026-09-01 10:17:34,7800.0,7810.0,Put VEX 2,VEX,-1688151.308,7550.839816603962,9242.372318751002
2026-09-01 10:17:34,7850.0,7860.0,Call GEX 4,GEX,276959.017,7550.839816603962,9242.372318751002
2026-09-01 10:17:34,7900.0,7910.25,Call GEX 2,GEX,375003.935,7550.839816603962,9242.372318751002
2026-09-01 10:17:34,7900.0,7910.25,Put VEX 4,VEX,-974470.384,7550.839816603962,9242.372318751002
2026-09-01 10:17:34,7950.0,7960.25,Call GEX 5,GEX,164030.665,7550.839816603962,9242.372318751002
2026-09-01 10:17:34,8000.0,8010.25,Put CEX 1,CEX,-3123334.935,7550.839816603962,9242.372318751002
2026-09-01 10:17:34,8000.0,8010.25,Put DEX 1,DEX,-2533.945,7550.839816603962,9242.372318751002
2026-09-01 10:17:34,8000.0,8010.25,Put GEX 3,GEX,-407134.394,7550.839816603962,9242.372318751002
2026-09-01 10:17:34,8000.0,8010.25,Put VEX 1,VEX,-10288199.792,7550.839816603962,9242.372318751002
2026-09-01 10:18:21,7000.0,7009.25,Call CEX 4,CEX,1446295.38,7551.984752668521,9247.036913107704
2026-09-01 10:18:21,7000.0,7009.25,Call DEX 1,DEX,885.29,7551.984752668521,9247.036913107704
2026-09-01 10:18:21,7000.0,7009.25,Put GEX 1,GEX,-717119.961,7551.984752668521,9247.036913107704
2026-09-01 10:18:21,7000.0,7009.25,Call VEX 1,VEX,6570349.544,7551.984752668521,9247.036913107704
2026-09-01 10:18:21,7300.0,7309.5,Call DEX 2,DEX,260.338,7551.984752668521,9247.036913107704
2026-09-01 10:18:21,7300.0,7309.5,Call VEX 5,VEX,1615081.193,7551.984752668521,9247.036913107704
2026-09-01 10:18:21,7400.0,7409.75,Call DEX 4,DEX,204.275,7551.984752668521,9247.036913107704
2026-09-01 10:18:21,7400.0,7409.75,Call VEX 3,VEX,2107821.613,7551.984752668521,9247.036913107704
2026-09-01 10:18:21,7450.0,7459.75,Call DEX 3,DEX,206.257,7551.984752668521,9247.036913107704
2026-09-01 10:18:21,7450.0,7459.75,Call VEX 4,VEX,1851904.849,7551.984752668521,9247.036913107704
2026-09-01 10:18:21,7500.0,7509.75,Call CEX 2,CEX,1497693.413,7551.984752668521,9247.036913107704
2026-09-01 10:18:21,7500.0,7509.75,Call DEX 5,DEX,148.43,7551.984752668521,9247.036913107704
2026-09-01 10:18:21,7500.0,7509.75,Put GEX 2,GEX,-579311.689,7551.984752668521,9247.036913107704
2026-09-01 10:18:21,7500.0,7509.75,Call VEX 2,VEX,2910551.773,7551.984752668521,9247.036913107704
2026-09-01 10:18:21,7515.0,7524.75,Call CEX 3,CEX,1482328.108,7551.984752668521,9247.036913107704
2026-09-01 10:18:21,7550.0,7559.75,Call CEX 5,CEX,1294153.022,7551.984752668521,9247.036913107704
2026-09-01 10:18:21,7550.0,7559.75,Put GEX 4,GEX,-380140.814,7551.984752668521,9247.036913107704
2026-09-01 10:18:21,7600.0,7610.0,Call CEX 1,CEX,2276747.227,7551.984752668521,9247.036913107704
2026-09-01 10:18:21,7625.0,7635.0,Put GEX 5,GEX,-350476.069,7551.984752668521,9247.036913107704
2026-09-01 10:18:21,7650.0,7660.0,Put CEX 2,CEX,-2314913.347,7551.984752668521,9247.036913107704
2026-09-01 10:18:21,7650.0,7660.0,Put DEX 5,DEX,-64.799,7551.984752668521,9247.036913107704
2026-09-01 10:18:21,7675.0,7685.0,Put CEX 3,CEX,-1991671.599,7551.984752668521,9247.036913107704
2026-09-01 10:18:21,7700.0,7710.0,Put CEX 4,CEX,-1862207.164,7551.984752668521,9247.036913107704
2026-09-01 10:18:21,7700.0,7710.0,Put DEX 2,DEX,-188.302,7551.984752668521,9247.036913107704
2026-09-01 10:18:21,7700.0,7710.0,Put VEX 5,VEX,-911158.486,7551.984752668521,9247.036913107704
2026-09-01 10:18:21,7750.0,7760.25,Put CEX 5,CEX,-1332138.972,7551.984752668521,9247.036913107704
2026-09-01 10:18:21,7750.0,7760.25,Put DEX 3,DEX,-87.876,7551.984752668521,9247.036913107704
2026-09-01 10:18:21,7750.0,7760.25,Call GEX 3,GEX,287494.057,7551.984752668521,9247.036913107704
2026-09-01 10:18:21,7750.0,7760.25,Put VEX 3,VEX,-1073076.115,7551.984752668521,9247.036913107704
2026-09-01 10:18:21,7800.0,7810.25,Put DEX 4,DEX,-65.952,7551.984752668521,9247.036913107704
2026-09-01 10:18:21,7800.0,7810.25,Call GEX 1,GEX,517499.37,7551.984752668521,9247.036913107704
2026-09-01 10:18:21,7800.0,7810.25,Put VEX 2,VEX,-1692293.545,7551.984752668521,9247.036913107704
2026-09-01 10:18:21,7850.0,7860.25,Call GEX 4,GEX,274442.79,7551.984752668521,9247.036913107704
2026-09-01 10:18:21,7900.0,7910.25,Call GEX 2,GEX,373052.489,7551.984752668521,9247.036913107704
2026-09-01 10:18:21,7900.0,7910.25,Put VEX 4,VEX,-972994.067,7551.984752668521,9247.036913107704
2026-09-01 10:18:21,7950.0,7960.5,Call GEX 5,GEX,162992.498,7551.984752668521,9247.036913107704
2026-09-01 10:18:21,8000.0,8010.5,Put CEX 1,CEX,-3081847.685,7551.984752668521,9247.036913107704
2026-09-01 10:18:21,8000.0,8010.5,Put DEX 1,DEX,-2546.421,7551.984752668521,9247.036913107704
2026-09-01 10:18:21,8000.0,8010.5,Put GEX 3,GEX,-413058.892,7551.984752668521,9247.036913107704
2026-09-01 10:18:21,8000.0,8010.5,Put VEX 1,VEX,-10193000.751,7551.984752668521,9247.036913107704
2026-09-01 10:19:09,7000.0,7009.25,Call CEX 4,CEX,1430747.675,7551.008634101537,9242.675507084052
2026-09-01 10:19:09,7000.0,7009.25,Call DEX 1,DEX,884.958,7551.008634101537,9242.675507084052
2026-09-01 10:19:09,7000.0,7009.25,Put GEX 1,GEX,-734799.263,7551.008634101537,9242.675507084052
2026-09-01 10:19:09,7000.0,7009.25,Call VEX 1,VEX,6432737.095,7551.008634101537,9242.675507084052
2026-09-01 10:19:09,7300.0,7309.75,Call DEX 2,DEX,262.756,7551.008634101537,9242.675507084052
2026-09-01 10:19:09,7300.0,7309.75,Call VEX 5,VEX,1591063.392,7551.008634101537,9242.675507084052
2026-09-01 10:19:09,7400.0,7410.0,Call DEX 3,DEX,206.215,7551.008634101537,9242.675507084052
2026-09-01 10:19:09,7400.0,7410.0,Call VEX 3,VEX,2106268.302,7551.008634101537,9242.675507084052
2026-09-01 10:19:09,7450.0,7460.0,Call DEX 4,DEX,203.111,7551.008634101537,9242.675507084052
2026-09-01 10:19:09,7450.0,7460.0,Call VEX 4,VEX,1853979.127,7551.008634101537,9242.675507084052
2026-09-01 10:19:09,7500.0,7510.0,Call CEX 3,CEX,1444414.836,7551.008634101537,9242.675507084052
2026-09-01 10:19:09,7500.0,7510.0,Call DEX 5,DEX,151.695,7551.008634101537,9242.675507084052
2026-09-01 10:19:09,7500.0,7510.0,Put GEX 2,GEX,-571282.649,7551.008634101537,9242.675507084052
2026-09-01 10:19:09,7500.0,7510.0,Call VEX 2,VEX,2920414.41,7551.008634101537,9242.675507084052
2026-09-01 10:19:09,7515.0,7525.0,Call CEX 2,CEX,1479305.478,7551.008634101537,9242.675507084052
2026-09-01 10:19:09,7550.0,7560.0,Put GEX 4,GEX,-373990.969,7551.008634101537,9242.675507084052
2026-09-01 10:19:09,7600.0,7610.25,Call CEX 1,CEX,2209883.82,7551.008634101537,9242.675507084052
2026-09-01 10:19:09,7625.0,7635.25,Call CEX 5,CEX,1283838.523,7551.008634101537,9242.675507084052
2026-09-01 10:19:09,7625.0,7635.25,Put GEX 5,GEX,-347100.343,7551.008634101537,9242.675507084052
2026-09-01 10:19:09,7650.0,7660.25,Put CEX 2,CEX,-2299196.254,7551.008634101537,9242.675507084052
2026-09-01 10:19:09,7650.0,7660.25,Put DEX 5,DEX,-63.022,7551.008634101537,9242.675507084052
2026-09-01 10:19:09,7675.0,7685.25,Put CEX 3,CEX,-1994164.724,7551.008634101537,9242.675507084052
2026-09-01 10:19:09,7700.0,7710.25,Put CEX 4,CEX,-1886559.094,7551.008634101537,9242.675507084052
2026-09-01 10:19:09,7700.0,7710.25,Put DEX 2,DEX,-185.532,7551.008634101537,9242.675507084052
2026-09-01 10:19:09,7700.0,7710.25,Put VEX 5,VEX,-893486.761,7551.008634101537,9242.675507084052
2026-09-01 10:19:09,7750.0,7760.25,Put CEX 5,CEX,-1332993.197,7551.008634101537,9242.675507084052
2026-09-01 10:19:09,7750.0,7760.25,Put DEX 3,DEX,-86.188,7551.008634101537,9242.675507084052
2026-09-01 10:19:09,7750.0,7760.25,Call GEX 3,GEX,291373.589,7551.008634101537,9242.675507084052
2026-09-01 10:19:09,7750.0,7760.25,Put VEX 3,VEX,-1067292.166,7551.008634101537,9242.675507084052
2026-09-01 10:19:09,7800.0,7810.5,Put DEX 4,DEX,-64.358,7551.008634101537,9242.675507084052
2026-09-01 10:19:09,7800.0,7810.5,Call GEX 1,GEX,522032.581,7551.008634101537,9242.675507084052
2026-09-01 10:19:09,7800.0,7810.5,Put VEX 2,VEX,-1685756.459,7551.008634101537,9242.675507084052
2026-09-01 10:19:09,7850.0,7860.5,Call GEX 4,GEX,276132.404,7551.008634101537,9242.675507084052
2026-09-01 10:19:09,7900.0,7910.5,Call GEX 2,GEX,374562.782,7551.008634101537,9242.675507084052
2026-09-01 10:19:09,7900.0,7910.5,Put VEX 4,VEX,-973900.173,7551.008634101537,9242.675507084052
2026-09-01 10:19:09,7950.0,7960.5,Call GEX 5,GEX,163751.284,7551.008634101537,9242.675507084052
2026-09-01 10:19:09,8000.0,8010.75,Put CEX 1,CEX,-3109069.259,7551.008634101537,9242.675507084052
2026-09-01 10:19:09,8000.0,8010.75,Put DEX 1,DEX,-2534.675,7551.008634101537,9242.675507084052
2026-09-01 10:19:09,8000.0,8010.75,Put GEX 3,GEX,-424796.485,7551.008634101537,9242.675507084052
2026-09-01 10:19:09,8000.0,8010.75,Put VEX 1,VEX,-10239916.487,7551.008634101537,9242.675507084052
2026-09-01 10:19:57,7000.0,7009.5,Call CEX 4,CEX,1456211.873,7548.124618242089,9245.903636265795
2026-09-01 10:19:57,7000.0,7009.5,Call DEX 1,DEX,881.599,7548.124618242089,9245.903636265795
2026-09-01 10:19:57,7000.0,7009.5,Put GEX 1,GEX,-711862.881,7548.124618242089,9245.903636265795
2026-09-01 10:19:57,7000.0,7009.5,Call VEX 1,VEX,6638852.602,7548.124618242089,9245.903636265795
2026-09-01 10:19:57,7300.0,7310.0,Call DEX 2,DEX,259.587,7548.124618242089,9245.903636265795
2026-09-01 10:19:57,7300.0,7310.0,Call VEX 5,VEX,1618505.23,7548.124618242089,9245.903636265795
2026-09-01 10:19:57,7400.0,7410.0,Call DEX 4,DEX,203.416,7548.124618242089,9245.903636265795
2026-09-01 10:19:57,7400.0,7410.0,Call VEX 3,VEX,2106525.21,7548.124618242089,9245.903636265795
2026-09-01 10:19:57,7450.0,7460.25,Call DEX 3,DEX,210.607,7548.124618242089,9245.903636265795
2026-09-01 10:19:57,7450.0,7460.25,Call VEX 4,VEX,1854798.611,7548.124618242089,9245.903636265795
2026-09-01 10:19:57,7500.0,7510.25,Call CEX 3,CEX,1470656.006,7548.124618242089,9245.903636265795
2026-09-01 10:19:57,7500.0,7510.25,Call DEX 5,DEX,147.527,7548.124618242089,9245.903636265795
2026-09-01 10:19:57,7500.0,7510.25,Put GEX 2,GEX,-577541.443,7548.124618242089,9245.903636265795
2026-09-01 10:19:57,7500.0,7510.25,Call VEX 2,VEX,2902557.825,7548.124618242089,9245.903636265795
2026-09-01 10:19:57,7515.0,7525.25,Call CEX 2,CEX,1501534.81,7548.124618242089,9245.903636265795
2026-09-01 10:19:57,7550.0,7560.25,Call CEX 5,CEX,1320151.451,7548.124618242089,9245.903636265795
2026-09-01 10:19:57,7550.0,7560.25,Put GEX 4,GEX,-381516.84,7548.124618242089,9245.903636265795
2026-09-01 10:19:57,7600.0,7610.25,Call CEX 1,CEX,2295799.15,7548.124618242089,9245.903636265795
2026-09-01 10:19:57,7625.0,7635.5,Put GEX 5,GEX,-364650.479,7548.124618242089,9245.903636265795
2026-09-01 10:19:57,7650.0,7660.5,Put CEX 2,CEX,-2342413.261,7548.124618242089,9245.903636265795
2026-09-01 10:19:57,7650.0,7660.5,Put DEX 4,DEX,-66.544,7548.124618242089,9245.903636265795
2026-09-01 10:19:57,7675.0,7685.5,Put CEX 5,CEX,-1097985.857,7548.124618242089,9245.903636265795
2026-09-01 10:19:57,7700.0,7710.5,Put CEX 3,CEX,-1386696.513,7548.124618242089,9245.903636265795
2026-09-01 10:19:57,7700.0,7710.5,Put DEX 2,DEX,-177.401,7548.124618242089,9245.903636265795
2026-09-01 10:19:57,7700.0,7710.5,Put VEX 5,VEX,-910084.646,7548.124618242089,9245.903636265795
2026-09-01 10:19:57,7750.0,7760.5,Put CEX 4,CEX,-1196294.096,7548.124618242089,9245.903636265795
2026-09-01 10:19:57,7750.0,7760.5,Put DEX 3,DEX,-82.704,7548.124618242089,9245.903636265795
2026-09-01 10:19:57,7750.0,7760.5,Call GEX 3,GEX,289797.604,7548.124618242089,9245.903636265795
2026-09-01 10:19:57,7750.0,7760.5,Put VEX 3,VEX,-1073889.627,7548.124618242089,9245.903636265795
2026-09-01 10:19:57,7800.0,7810.75,Put DEX 5,DEX,-64.628,7548.124618242089,9245.903636265795
2026-09-01 10:19:57,7800.0,7810.75,Call GEX 1,GEX,516193.148,7548.124618242089,9245.903636265795
2026-09-01 10:19:57,7800.0,7810.75,Put VEX 2,VEX,-1692872.077,7548.124618242089,9245.903636265795
2026-09-01 10:19:57,7850.0,7860.75,Call GEX 4,GEX,273673.06,7548.124618242089,9245.903636265795
2026-09-01 10:19:57,7900.0,7910.75,Call GEX 2,GEX,371825.981,7548.124618242089,9245.903636265795
2026-09-01 10:19:57,7900.0,7910.75,Put VEX 4,VEX,-971586.943,7548.124618242089,9245.903636265795
2026-09-01 10:19:57,7950.0,7960.75,Call GEX 5,GEX,162277.574,7548.124618242089,9245.903636265795
2026-09-01 10:19:57,8000.0,8011.0,Put CEX 1,CEX,-3084551.822,7548.124618242089,9245.903636265795
2026-09-01 10:19:57,8000.0,8011.0,Put DEX 1,DEX,-2546.43,7548.124618242089,9245.903636265795
2026-09-01 10:19:57,8000.0,8011.0,Put GEX 3,GEX,-415832.237,7548.124618242089,9245.903636265795
2026-09-01 10:19:57,8000.0,8011.0,Put VEX 1,VEX,-10198670.302,7548.124618242089,9245.903636265795
2026-09-01 10:20:44,7000.0,7009.5,Call CEX 4,CEX,1450925.828,7542.35099379353,9243.076551328915
2026-09-01 10:20:44,7000.0,7009.5,Call DEX 1,DEX,877.899,7542.35099379353,9243.076551328915
2026-09-01 10:20:44,7000.0,7009.5,Put GEX 1,GEX,-716886.05,7542.35099379353,9243.076551328915
2026-09-01 10:20:44,7000.0,7009.5,Call VEX 1,VEX,6594195.028,7542.35099379353,9243.076551328915
2026-09-01 10:20:44,7300.0,7310.0,Call DEX 2,DEX,259.221,7542.35099379353,9243.076551328915
2026-09-01 10:20:44,7300.0,7310.0,Call VEX 5,VEX,1625792.348,7542.35099379353,9243.076551328915
2026-09-01 10:20:44,7400.0,7410.0,Call DEX 4,DEX,204.032,7542.35099379353,9243.076551328915
2026-09-01 10:20:44,7400.0,7410.0,Call VEX 3,VEX,2109310.126,7542.35099379353,9243.076551328915
2026-09-01 10:20:44,7450.0,7460.25,Call DEX 3,DEX,210.575,7542.35099379353,9243.076551328915
2026-09-01 10:20:44,7450.0,7460.25,Call VEX 4,VEX,1856441.837,7542.35099379353,9243.076551328915
2026-09-01 10:20:44,7500.0,7510.25,Call CEX 3,CEX,1477945.318,7542.35099379353,9243.076551328915
2026-09-01 10:20:44,7500.0,7510.25,Call DEX 5,DEX,148.572,7542.35099379353,9243.076551328915
2026-09-01 10:20:44,7500.0,7510.25,Put GEX 2,GEX,-578552.282,7542.35099379353,9243.076551328915
2026-09-01 10:20:44,7500.0,7510.25,Call VEX 2,VEX,2906411.629,7542.35099379353,9243.076551328915
2026-09-01 10:20:44,7515.0,7525.25,Call CEX 2,CEX,1503121.752,7542.35099379353,9243.076551328915
2026-09-01 10:20:44,7550.0,7560.25,Call CEX 5,CEX,1327326.73,7542.35099379353,9243.076551328915
2026-09-01 10:20:44,7550.0,7560.25,Put GEX 4,GEX,-381434.762,7542.35099379353,9243.076551328915
2026-09-01 10:20:44,7600.0,7610.25,Call CEX 1,CEX,2256900.671,7542.35099379353,9243.076551328915
2026-09-01 10:20:44,7625.0,7635.5,Put GEX 5,GEX,-371296.218,7542.35099379353,9243.076551328915
2026-09-01 10:20:44,7650.0,7660.5,Put CEX 2,CEX,-2337493.375,7542.35099379353,9243.076551328915
2026-09-01 10:20:44,7650.0,7660.5,Put DEX 4,DEX,-65.586,7542.35099379353,9243.076551328915
2026-09-01 10:20:44,7675.0,7685.5,Put CEX 5,CEX,-1102918.519,7542.35099379353,9243.076551328915
2026-09-01 10:20:44,7700.0,7710.5,Put CEX 3,CEX,-1456613.424,7542.35099379353,9243.076551328915
2026-09-01 10:20:44,7700.0,7710.5,Put DEX 2,DEX,-175.35,7542.35099379353,9243.076551328915
2026-09-01 10:20:44,7700.0,7710.5,Put VEX 5,VEX,-897679.881,7542.35099379353,9243.076551328915
2026-09-01 10:20:44,7750.0,7760.5,Put CEX 4,CEX,-1194606.561,7542.35099379353,9243.076551328915
2026-09-01 10:20:44,7750.0,7760.5,Put DEX 3,DEX,-81.538,7542.35099379353,9243.076551328915
2026-09-01 10:20:44,7750.0,7760.5,Call GEX 3,GEX,288807.442,7542.35099379353,9243.076551328915
2026-09-01 10:20:44,7750.0,7760.5,Put VEX 3,VEX,-1068066.791,7542.35099379353,9243.076551328915
2026-09-01 10:20:44,7800.0,7810.5,Put DEX 5,DEX,-63.463,7542.35099379353,9243.076551328915
2026-09-01 10:20:44,7800.0,7810.5,Call GEX 1,GEX,516629.023,7542.35099379353,9243.076551328915
2026-09-01 10:20:44,7800.0,7810.5,Put VEX 2,VEX,-1690887.412,7542.35099379353,9243.076551328915
2026-09-01 10:20:44,7850.0,7860.75,Call GEX 4,GEX,274466.371,7542.35099379353,9243.076551328915
2026-09-01 10:20:44,7900.0,7910.75,Call GEX 2,GEX,372677.49,7542.35099379353,9243.076551328915
2026-09-01 10:20:44,7900.0,7910.75,Put VEX 4,VEX,-972300.024,7542.35099379353,9243.076551328915
2026-09-01 10:20:44,7950.0,7960.75,Call GEX 5,GEX,163013.271,7542.35099379353,9243.076551328915
2026-09-01 10:20:44,8000.0,8011.0,Put CEX 1,CEX,-3085844.096,7542.35099379353,9243.076551328915
2026-09-01 10:20:44,8000.0,8011.0,Put DEX 1,DEX,-2551.028,7542.35099379353,9243.076551328915
2026-09-01 10:20:44,8000.0,8011.0,Put GEX 3,GEX,-403529.752,7542.35099379353,9243.076551328915
2026-09-01 10:20:44,8000.0,8011.0,Put VEX 1,VEX,-10195768.072,7542.35099379353,9243.076551328915
2026-09-01 10:21:32,7000.0,7008.75,Call CEX 3,CEX,1445572.205,7552.442070915242,9243.615057676663
2026-09-01 10:21:32,7000.0,7008.75,Call DEX 1,DEX,879.735,7552.442070915242,9243.615057676663
2026-09-01 10:21:32,7000.0,7008.75,Put GEX 1,GEX,-725301.728,7552.442070915242,9243.615057676663
2026-09-01 10:21:32,7000.0,7008.75,Call VEX 1,VEX,6540992.052,7552.442070915242,9243.615057676663
2026-09-01 10:21:32,7300.0,7309.0,Call DEX 2,DEX,260.995,7552.442070915242,9243.615057676663
2026-09-01 10:21:32,7300.0,7309.0,Call VEX 5,VEX,1603245.483,7552.442070915242,9243.615057676663
2026-09-01 10:21:32,7400.0,7409.25,Call DEX 3,DEX,203.974,7552.442070915242,9243.615057676663
2026-09-01 10:21:32,7400.0,7409.25,Call VEX 3,VEX,2105529.8,7552.442070915242,9243.615057676663
2026-09-01 10:21:32,7450.0,7459.25,Call DEX 4,DEX,200.487,7552.442070915242,9243.615057676663
2026-09-01 10:21:32,7450.0,7459.25,Call VEX 4,VEX,1850272.769,7552.442070915242,9243.615057676663
2026-09-01 10:21:32,7500.0,7509.25,Call CEX 4,CEX,1441384.513,7552.442070915242,9243.615057676663
2026-09-01 10:21:32,7500.0,7509.25,Call DEX 5,DEX,144.492,7552.442070915242,9243.615057676663
2026-09-01 10:21:32,7500.0,7509.25,Put GEX 2,GEX,-576339.561,7552.442070915242,9243.615057676663
2026-09-01 10:21:32,7500.0,7509.25,Call VEX 2,VEX,2902974.108,7552.442070915242,9243.615057676663
2026-09-01 10:21:32,7515.0,7524.25,Call CEX 2,CEX,1483763.645,7552.442070915242,9243.615057676663
2026-09-01 10:21:32,7550.0,7559.25,Call CEX 5,CEX,1291333.786,7552.442070915242,9243.615057676663
2026-09-01 10:21:32,7550.0,7559.25,Put GEX 4,GEX,-378454.581,7552.442070915242,9243.615057676663
2026-09-01 10:21:32,7600.0,7609.5,Call CEX 1,CEX,2198335.412,7552.442070915242,9243.615057676663
2026-09-01 10:21:32,7625.0,7634.5,Put GEX 5,GEX,-345701.652,7552.442070915242,9243.615057676663
2026-09-01 10:21:32,7650.0,7659.5,Put CEX 2,CEX,-2335707.088,7552.442070915242,9243.615057676663
2026-09-01 10:21:32,7650.0,7659.5,Put DEX 5,DEX,-64.972,7552.442070915242,9243.615057676663
2026-09-01 10:21:32,7675.0,7684.5,Put CEX 3,CEX,-2127733.592,7552.442070915242,9243.615057676663
2026-09-01 10:21:32,7700.0,7709.5,Put CEX 4,CEX,-1988424.98,7552.442070915242,9243.615057676663
2026-09-01 10:21:32,7700.0,7709.5,Put DEX 2,DEX,-188.244,7552.442070915242,9243.615057676663
2026-09-01 10:21:32,7700.0,7709.5,Put VEX 5,VEX,-916185.906,7552.442070915242,9243.615057676663
2026-09-01 10:21:32,7750.0,7759.5,Put CEX 5,CEX,-1413037.607,7552.442070915242,9243.615057676663
2026-09-01 10:21:32,7750.0,7759.5,Put DEX 3,DEX,-87.795,7552.442070915242,9243.615057676663
2026-09-01 10:21:32,7750.0,7759.5,Call GEX 3,GEX,287449.559,7552.442070915242,9243.615057676663
2026-09-01 10:21:32,7750.0,7759.5,Put VEX 3,VEX,-1076274.795,7552.442070915242,9243.615057676663
2026-09-01 10:21:32,7800.0,7809.75,Put DEX 4,DEX,-66.001,7552.442070915242,9243.615057676663
2026-09-01 10:21:32,7800.0,7809.75,Call GEX 1,GEX,518481.166,7552.442070915242,9243.615057676663
2026-09-01 10:21:32,7800.0,7809.75,Put VEX 2,VEX,-1690486.286,7552.442070915242,9243.615057676663
2026-09-01 10:21:32,7850.0,7859.75,Call GEX 4,GEX,274159.163,7552.442070915242,9243.615057676663
2026-09-01 10:21:32,7900.0,7909.75,Call GEX 2,GEX,372477.808,7552.442070915242,9243.615057676663
2026-09-01 10:21:32,7900.0,7909.75,Put VEX 4,VEX,-971985.336,7552.442070915242,9243.615057676663
2026-09-01 10:21:32,7950.0,7959.75,Call GEX 5,GEX,162489.353,7552.442070915242,9243.615057676663
2026-09-01 10:21:32,8000.0,8009.75,Put CEX 1,CEX,-3107494.913,7552.442070915242,9243.615057676663
2026-09-01 10:21:32,8000.0,8009.75,Put DEX 1,DEX,-2536.776,7552.442070915242,9243.615057676663
2026-09-01 10:21:32,8000.0,8009.75,Put GEX 3,GEX,-424618.13,7552.442070915242,9243.615057676663
2026-09-01 10:21:32,8000.0,8009.75,Put VEX 1,VEX,-10234383.387,7552.442070915242,9243.615057676663
2026-09-01 10:22:20,7000.0,7009.25,Call CEX 4,CEX,1442111.648,7550.8015596414525,9241.727042979222
2026-09-01 10:22:20,7000.0,7009.25,Call DEX 1,DEX,880.982,7550.8015596414525,9241.727042979222
2026-09-01 10:22:20,7000.0,7009.25,Put GEX 1,GEX,-728463.002,7550.8015596414525,9241.727042979222
2026-09-01 10:22:20,7000.0,7009.25,Call VEX 1,VEX,6511758.707,7550.8015596414525,9241.727042979222
2026-09-01 10:22:20,7300.0,7309.75,Call DEX 2,DEX,260.809,7550.8015596414525,9241.727042979222
2026-09-01 10:22:20,7300.0,7309.75,Call VEX 5,VEX,1610354.95,7550.8015596414525,9241.727042979222
2026-09-01 10:22:20,7400.0,7409.75,Call DEX 4,DEX,204.851,7550.8015596414525,9241.727042979222
2026-09-01 10:22:20,7400.0,7409.75,Call VEX 3,VEX,2107972.726,7550.8015596414525,9241.727042979222
2026-09-01 10:22:20,7450.0,7460.0,Call DEX 3,DEX,211.946,7550.8015596414525,9241.727042979222
2026-09-01 10:22:20,7450.0,7460.0,Call VEX 4,VEX,1854265.399,7550.8015596414525,9241.727042979222
2026-09-01 10:22:20,7500.0,7510.0,Call CEX 3,CEX,1465106.094,7550.8015596414525,9241.727042979222
2026-09-01 10:22:20,7500.0,7510.0,Call DEX 5,DEX,150.115,7550.8015596414525,9241.727042979222
2026-09-01 10:22:20,7500.0,7510.0,Put GEX 2,GEX,-574296.222,7550.8015596414525,9241.727042979222
2026-09-01 10:22:20,7500.0,7510.0,Call VEX 2,VEX,2911881.052,7550.8015596414525,9241.727042979222
2026-09-01 10:22:20,7515.0,7525.0,Call CEX 2,CEX,1507097.219,7550.8015596414525,9241.727042979222
2026-09-01 10:22:20,7550.0,7560.0,Call CEX 5,CEX,1318609.465,7550.8015596414525,9241.727042979222
2026-09-01 10:22:20,7550.0,7560.0,Put GEX 4,GEX,-376948.432,7550.8015596414525,9241.727042979222
2026-09-01 10:22:20,7600.0,7610.25,Call CEX 1,CEX,2251417.804,7550.8015596414525,9241.727042979222
2026-09-01 10:22:20,7625.0,7635.25,Put GEX 5,GEX,-358111.428,7550.8015596414525,9241.727042979222
2026-09-01 10:22:20,7650.0,7660.25,Put CEX 2,CEX,-2356444.137,7550.8015596414525,9241.727042979222
2026-09-01 10:22:20,7650.0,7660.25,Put DEX 5,DEX,-64.641,7550.8015596414525,9241.727042979222
2026-09-01 10:22:20,7675.0,7685.25,Put CEX 3,CEX,-1773753.275,7550.8015596414525,9241.727042979222
2026-09-01 10:22:20,7700.0,7710.25,Put CEX 4,CEX,-1642079.917,7550.8015596414525,9241.727042979222
2026-09-01 10:22:20,7700.0,7710.25,Put DEX 2,DEX,-187.775,7550.8015596414525,9241.727042979222
2026-09-01 10:22:20,7700.0,7710.25,Put VEX 5,VEX,-899221.998,7550.8015596414525,9241.727042979222
2026-09-01 10:22:20,7750.0,7760.25,Put CEX 5,CEX,-1248194.955,7550.8015596414525,9241.727042979222
2026-09-01 10:22:20,7750.0,7760.25,Put DEX 3,DEX,-87.45,7550.8015596414525,9241.727042979222
2026-09-01 10:22:20,7750.0,7760.25,Call GEX 3,GEX,290237.647,7550.8015596414525,9241.727042979222
2026-09-01 10:22:20,7750.0,7760.25,Put VEX 3,VEX,-1069738.521,7550.8015596414525,9241.727042979222
2026-09-01 10:22:20,7800.0,7810.5,Put DEX 4,DEX,-65.632,7550.8015596414525,9241.727042979222
2026-09-01 10:22:20,7800.0,7810.5,Call GEX 1,GEX,518601.3,7550.8015596414525,9241.727042979222
2026-09-01 10:22:20,7800.0,7810.5,Put VEX 2,VEX,-1688465.461,7550.8015596414525,9241.727042979222
2026-09-01 10:22:20,7850.0,7860.5,Call GEX 4,GEX,274639.631,7550.8015596414525,9241.727042979222
2026-09-01 10:22:20,7900.0,7910.5,Call GEX 2,GEX,372999.303,7550.8015596414525,9241.727042979222
2026-09-01 10:22:20,7900.0,7910.5,Put VEX 4,VEX,-972372.768,7550.8015596414525,9241.727042979222
2026-09-01 10:22:20,7950.0,7960.5,Call GEX 5,GEX,162587.806,7550.8015596414525,9241.727042979222
2026-09-01 10:22:20,8000.0,8010.75,Put CEX 1,CEX,-3095803.571,7550.8015596414525,9241.727042979222
2026-09-01 10:22:20,8000.0,8010.75,Put DEX 1,DEX,-2540.687,7550.8015596414525,9241.727042979222
2026-09-01 10:22:20,8000.0,8010.75,Put GEX 3,GEX,-418106.698,7550.8015596414525,9241.727042979222
2026-09-01 10:22:20,8000.0,8010.75,Put VEX 1,VEX,-10212634.39,7550.8015596414525,9241.727042979222
2026-09-01 10:23:07,7000.0,7009.75,Call CEX 3,CEX,1476258.846,7552.011796308641,9243.445315586843
2026-09-01 10:23:07,7000.0,7009.75,Call DEX 1,DEX,910.91,7552.011796308641,9243.445315586843
2026-09-01 10:23:07,7000.0,7009.75,Put GEX 1,GEX,-709820.918,7552.011796308641,9243.445315586843
2026-09-01 10:23:07,7000.0,7009.75,Call VEX 1,VEX,6645640.59,7552.011796308641,9243.445315586843
2026-09-01 10:23:07,7300.0,7310.0,Call DEX 2,DEX,259.991,7552.011796308641,9243.445315586843
2026-09-01 10:23:07,7300.0,7310.0,Call VEX 5,VEX,1616791.189,7552.011796308641,9243.445315586843
2026-09-01 10:23:07,7400.0,7410.25,Call DEX 4,DEX,204.064,7552.011796308641,9243.445315586843
2026-09-01 10:23:07,7400.0,7410.25,Call VEX 3,VEX,2108073.609,7552.011796308641,9243.445315586843
2026-09-01 10:23:07,7450.0,7460.25,Call DEX 3,DEX,205.97,7552.011796308641,9243.445315586843
2026-09-01 10:23:07,7450.0,7460.25,Call VEX 4,VEX,1853447.862,7552.011796308641,9243.445315586843
2026-09-01 10:23:07,7500.0,7510.25,Call CEX 4,CEX,1464440.096,7552.011796308641,9243.445315586843
2026-09-01 10:23:07,7500.0,7510.25,Call DEX 5,DEX,148.643,7552.011796308641,9243.445315586843
2026-09-01 10:23:07,7500.0,7510.25,Put GEX 2,GEX,-577495.582,7552.011796308641,9243.445315586843
2026-09-01 10:23:07,7500.0,7510.25,Call VEX 2,VEX,2907573.408,7552.011796308641,9243.445315586843
2026-09-01 10:23:07,7515.0,7525.25,Call CEX 2,CEX,1515258.283,7552.011796308641,9243.445315586843
2026-09-01 10:23:07,7550.0,7560.5,Call CEX 5,CEX,1305262.109,7552.011796308641,9243.445315586843
2026-09-01 10:23:07,7550.0,7560.5,Put GEX 4,GEX,-380484.28,7552.011796308641,9243.445315586843
2026-09-01 10:23:07,7600.0,7610.5,Call CEX 1,CEX,2245395.274,7552.011796308641,9243.445315586843
2026-09-01 10:23:07,7625.0,7635.5,Put GEX 5,GEX,-357614.197,7552.011796308641,9243.445315586843
2026-09-01 10:23:07,7650.0,7660.5,Put CEX 2,CEX,-2364387.748,7552.011796308641,9243.445315586843
2026-09-01 10:23:07,7650.0,7660.5,Put DEX 5,DEX,-65.062,7552.011796308641,9243.445315586843
2026-09-01 10:23:07,7675.0,7685.5,Put CEX 3,CEX,-1912396.034,7552.011796308641,9243.445315586843
2026-09-01 10:23:07,7700.0,7710.5,Put CEX 4,CEX,-1785047.221,7552.011796308641,9243.445315586843
2026-09-01 10:23:07,7700.0,7710.5,Put DEX 2,DEX,-188.644,7552.011796308641,9243.445315586843
2026-09-01 10:23:07,7700.0,7710.5,Put VEX 5,VEX,-908530.649,7552.011796308641,9243.445315586843
2026-09-01 10:23:07,7750.0,7760.75,Put CEX 5,CEX,-1310632.671,7552.011796308641,9243.445315586843
2026-09-01 10:23:07,7750.0,7760.75,Put DEX 3,DEX,-88.314,7552.011796308641,9243.445315586843
2026-09-01 10:23:07,7750.0,7760.75,Call GEX 3,GEX,289554.667,7552.011796308641,9243.445315586843
2026-09-01 10:23:07,7750.0,7760.75,Put VEX 3,VEX,-1071904.173,7552.011796308641,9243.445315586843
2026-09-01 10:23:07,7800.0,7810.75,Put DEX 4,DEX,-66.098,7552.011796308641,9243.445315586843
2026-09-01 10:23:07,7800.0,7810.75,Call GEX 1,GEX,516686.252,7552.011796308641,9243.445315586843
2026-09-01 10:23:07,7800.0,7810.75,Put VEX 2,VEX,-1688147.299,7552.011796308641,9243.445315586843
2026-09-01 10:23:07,7850.0,7860.75,Call GEX 4,GEX,274184.74,7552.011796308641,9243.445315586843
2026-09-01 10:23:07,7900.0,7910.75,Call GEX 2,GEX,372454.676,7552.011796308641,9243.445315586843
2026-09-01 10:23:07,7900.0,7910.75,Put VEX 4,VEX,-971631.43,7552.011796308641,9243.445315586843
2026-09-01 10:23:07,7950.0,7961.0,Call GEX 5,GEX,162211.314,7552.011796308641,9243.445315586843
2026-09-01 10:23:07,8000.0,8011.0,Put CEX 1,CEX,-3070858.322,7552.011796308641,9243.445315586843
2026-09-01 10:23:07,8000.0,8011.0,Put DEX 1,DEX,-2516.912,7552.011796308641,9243.445315586843
2026-09-01 10:23:07,8000.0,8011.0,Put GEX 3,GEX,-417497.116,7552.011796308641,9243.445315586843
2026-09-01 10:23:07,8000.0,8011.0,Put VEX 1,VEX,-10208634.564,7552.011796308641,9243.445315586843
2026-09-01 10:23:55,7000.0,7009.5,Call CEX 4,CEX,1468182.614,7550.001648644885,9243.777782493784
2026-09-01 10:23:55,7000.0,7009.5,Call DEX 1,DEX,911.02,7550.001648644885,9243.777782493784
2026-09-01 10:23:55,7000.0,7009.5,Put GEX 1,GEX,-710958.473,7550.001648644885,9243.777782493784
2026-09-01 10:23:55,7000.0,7009.5,Call VEX 1,VEX,6638984.78,7550.001648644885,9243.777782493784
2026-09-01 10:23:55,7300.0,7310.0,Call DEX 2,DEX,259.759,7550.001648644885,9243.777782493784
2026-09-01 10:23:55,7300.0,7310.0,Call VEX 5,VEX,1620624.194,7550.001648644885,9243.777782493784
2026-09-01 10:23:55,7400.0,7410.0,Call DEX 4,DEX,204.24,7550.001648644885,9243.777782493784
2026-09-01 10:23:55,7400.0,7410.0,Call VEX 3,VEX,2108222.65,7550.001648644885,9243.777782493784
2026-09-01 10:23:55,7450.0,7460.0,Call DEX 3,DEX,210.87,7550.001648644885,9243.777782493784
2026-09-01 10:23:55,7450.0,7460.0,Call VEX 4,VEX,1855227.249,7550.001648644885,9243.777782493784
2026-09-01 10:23:55,7500.0,7510.25,Call CEX 3,CEX,1475871.285,7550.001648644885,9243.777782493784
2026-09-01 10:23:55,7500.0,7510.25,Call DEX 5,DEX,148.648,7550.001648644885,9243.777782493784
2026-09-01 10:23:55,7500.0,7510.25,Put GEX 2,GEX,-576580.105,7550.001648644885,9243.777782493784
2026-09-01 10:23:55,7500.0,7510.25,Call VEX 2,VEX,2907316.698,7550.001648644885,9243.777782493784
2026-09-01 10:23:55,7515.0,7525.25,Call CEX 2,CEX,1518170.017,7550.001648644885,9243.777782493784
2026-09-01 10:23:55,7550.0,7560.25,Call CEX 5,CEX,1328435.982,7550.001648644885,9243.777782493784
2026-09-01 10:23:55,7550.0,7560.25,Put GEX 4,GEX,-380336.606,7550.001648644885,9243.777782493784
2026-09-01 10:23:55,7600.0,7610.25,Call CEX 1,CEX,2252268.404,7550.001648644885,9243.777782493784
2026-09-01 10:23:55,7625.0,7635.25,Put GEX 5,GEX,-368978.277,7550.001648644885,9243.777782493784
2026-09-01 10:23:55,7650.0,7660.25,Put CEX 2,CEX,-2375865.492,7550.001648644885,9243.777782493784
2026-09-01 10:23:55,7650.0,7660.25,Put DEX 4,DEX,-65.621,7550.001648644885,9243.777782493784
2026-09-01 10:23:55,7675.0,7685.5,Put CEX 3,CEX,-1505010.238,7550.001648644885,9243.777782493784
2026-09-01 10:23:55,7700.0,7710.5,Put CEX 4,CEX,-1393071.859,7550.001648644885,9243.777782493784
2026-09-01 10:23:55,7700.0,7710.5,Put DEX 2,DEX,-175.86,7550.001648644885,9243.777782493784
2026-09-01 10:23:55,7700.0,7710.5,Put VEX 5,VEX,-899906.425,7550.001648644885,9243.777782493784
2026-09-01 10:23:55,7750.0,7760.5,Put CEX 5,CEX,-1199842.528,7550.001648644885,9243.777782493784
2026-09-01 10:23:55,7750.0,7760.5,Put DEX 3,DEX,-82.201,7550.001648644885,9243.777782493784
2026-09-01 10:23:55,7750.0,7760.5,Call GEX 3,GEX,292088.005,7550.001648644885,9243.777782493784
2026-09-01 10:23:55,7750.0,7760.5,Put VEX 3,VEX,-1069345.533,7550.001648644885,9243.777782493784
2026-09-01 10:23:55,7800.0,7810.5,Put DEX 5,DEX,-63.676,7550.001648644885,9243.777782493784
2026-09-01 10:23:55,7800.0,7810.5,Call GEX 1,GEX,518277.317,7550.001648644885,9243.777782493784
2026-09-01 10:23:55,7800.0,7810.5,Put VEX 2,VEX,-1688467.21,7550.001648644885,9243.777782493784
2026-09-01 10:23:55,7850.0,7860.5,Call GEX 4,GEX,274540.341,7550.001648644885,9243.777782493784
2026-09-01 10:23:55,7900.0,7910.75,Call GEX 2,GEX,372424.647,7550.001648644885,9243.777782493784
2026-09-01 10:23:55,7900.0,7910.75,Put VEX 4,VEX,-971542.962,7550.001648644885,9243.777782493784
2026-09-01 10:23:55,7950.0,7960.75,Call GEX 5,GEX,162159.879,7550.001648644885,9243.777782493784
2026-09-01 10:23:55,8000.0,8010.75,Put CEX 1,CEX,-3082445.835,7550.001648644885,9243.777782493784
2026-09-01 10:23:55,8000.0,8010.75,Put DEX 1,DEX,-2541.976,7550.001648644885,9243.777782493784
2026-09-01 10:23:55,8000.0,8010.75,Put GEX 3,GEX,-418571.894,7550.001648644885,9243.777782493784
2026-09-01 10:23:55,8000.0,8010.75,Put VEX 1,VEX,-10211025.76,7550.001648644885,9243.777782493784
2026-09-01 10:24:42,7000.0,7009.5,Call CEX 4,CEX,1487377.023,7550.124643243434,9247.165922251412
2026-09-01 10:24:42,7000.0,7009.5,Call DEX 1,DEX,914.661,7550.124643243434,9247.165922251412
2026-09-01 10:24:42,7000.0,7009.5,Put GEX 1,GEX,-706338.726,7550.124643243434,9247.165922251412
2026-09-01 10:24:42,7000.0,7009.5,Call VEX 1,VEX,6681467.972,7550.124643243434,9247.165922251412
2026-09-01 10:24:42,7300.0,7310.0,Call DEX 2,DEX,259.273,7550.124643243434,9247.165922251412
2026-09-01 10:24:42,7300.0,7310.0,Call VEX 5,VEX,1621020.977,7550.124643243434,9247.165922251412
2026-09-01 10:24:42,7400.0,7410.25,Call DEX 4,DEX,203.418,7550.124643243434,9247.165922251412
2026-09-01 10:24:42,7400.0,7410.25,Call VEX 3,VEX,2107307.199,7550.124643243434,9247.165922251412
2026-09-01 10:24:42,7450.0,7460.25,Call DEX 3,DEX,209.997,7550.124643243434,9247.165922251412
2026-09-01 10:24:42,7450.0,7460.25,Call VEX 4,VEX,1853917.14,7550.124643243434,9247.165922251412
2026-09-01 10:24:42,7500.0,7510.25,Call CEX 2,CEX,1538786.636,7550.124643243434,9247.165922251412
2026-09-01 10:24:42,7500.0,7510.25,Call DEX 5,DEX,146.382,7550.124643243434,9247.165922251412
2026-09-01 10:24:42,7500.0,7510.25,Put GEX 2,GEX,-580394.786,7550.124643243434,9247.165922251412
2026-09-01 10:24:42,7500.0,7510.25,Call VEX 2,VEX,2900620.052,7550.124643243434,9247.165922251412
2026-09-01 10:24:42,7515.0,7525.25,Call CEX 3,CEX,1530295.301,7550.124643243434,9247.165922251412
2026-09-01 10:24:42,7550.0,7560.25,Call CEX 5,CEX,1334566.199,7550.124643243434,9247.165922251412
2026-09-01 10:24:42,7550.0,7560.25,Put GEX 4,GEX,-383020.28,7550.124643243434,9247.165922251412
2026-09-01 10:24:42,7600.0,7610.5,Call CEX 1,CEX,2295522.614,7550.124643243434,9247.165922251412
2026-09-01 10:24:42,7625.0,7635.5,Put GEX 5,GEX,-376340.476,7550.124643243434,9247.165922251412
2026-09-01 10:24:42,7650.0,7660.5,Put CEX 2,CEX,-2370969.772,7550.124643243434,9247.165922251412
2026-09-01 10:24:42,7650.0,7660.5,Put DEX 4,DEX,-67.398,7550.124643243434,9247.165922251412
2026-09-01 10:24:42,7675.0,7685.5,Put CEX 5,CEX,-1082869.917,7550.124643243434,9247.165922251412
2026-09-01 10:24:42,7700.0,7710.5,Put CEX 3,CEX,-1394015.892,7550.124643243434,9247.165922251412
2026-09-01 10:24:42,7700.0,7710.5,Put DEX 2,DEX,-178.272,7550.124643243434,9247.165922251412
2026-09-01 10:24:42,7700.0,7710.5,Put VEX 5,VEX,-915289.211,7550.124643243434,9247.165922251412
2026-09-01 10:24:42,7750.0,7760.75,Put CEX 4,CEX,-1190992.728,7550.124643243434,9247.165922251412
2026-09-01 10:24:42,7750.0,7760.75,Put DEX 3,DEX,-83.58,7550.124643243434,9247.165922251412
2026-09-01 10:24:42,7750.0,7760.75,Call GEX 3,GEX,291778.779,7550.124643243434,9247.165922251412
2026-09-01 10:24:42,7750.0,7760.75,Put VEX 3,VEX,-1072185.001,7550.124643243434,9247.165922251412
2026-09-01 10:24:42,7800.0,7810.75,Put DEX 5,DEX,-65.305,7550.124643243434,9247.165922251412
2026-09-01 10:24:42,7800.0,7810.75,Call GEX 1,GEX,516702.86,7550.124643243434,9247.165922251412
2026-09-01 10:24:42,7800.0,7810.75,Put VEX 2,VEX,-1690576.684,7550.124643243434,9247.165922251412
2026-09-01 10:24:42,7850.0,7860.75,Call GEX 4,GEX,272579.546,7550.124643243434,9247.165922251412
2026-09-01 10:24:42,7900.0,7910.75,Call GEX 2,GEX,371054.6,7550.124643243434,9247.165922251412
2026-09-01 10:24:42,7900.0,7910.75,Put VEX 4,VEX,-971046.696,7550.124643243434,9247.165922251412
2026-09-01 10:24:42,7950.0,7961.0,Call GEX 5,GEX,161509.614,7550.124643243434,9247.165922251412
2026-09-01 10:24:42,8000.0,8011.0,Put CEX 1,CEX,-3056731.791,7550.124643243434,9247.165922251412
2026-09-01 10:24:42,8000.0,8011.0,Put DEX 1,DEX,-2525.093,7550.124643243434,9247.165922251412
2026-09-01 10:24:42,8000.0,8011.0,Put GEX 3,GEX,-410489.161,7550.124643243434,9247.165922251412
2026-09-01 10:24:42,8000.0,8011.0,Put VEX 1,VEX,-10175937.102,7550.124643243434,9247.165922251412
2026-09-01 10:25:30,7000.0,7009.25,Call CEX 4,CEX,1461097.721,7552.82204272686,9244.69656138838
2026-09-01 10:25:30,7000.0,7009.25,Call DEX 1,DEX,911.394,7552.82204272686,9244.69656138838
2026-09-01 10:25:30,7000.0,7009.25,Put GEX 1,GEX,-713937.198,7552.82204272686,9244.69656138838
2026-09-01 10:25:30,7000.0,7009.25,Call VEX 1,VEX,6622462.719,7552.82204272686,9244.69656138838
2026-09-01 10:25:30,7300.0,7309.75,Call DEX 2,DEX,260.604,7552.82204272686,9244.69656138838
2026-09-01 10:25:30,7300.0,7309.75,Call VEX 5,VEX,1607477.828,7552.82204272686,9244.69656138838
2026-09-01 10:25:30,7400.0,7409.75,Call DEX 3,DEX,204.011,7552.82204272686,9244.69656138838
2026-09-01 10:25:30,7400.0,7409.75,Call VEX 3,VEX,2105206.345,7552.82204272686,9244.69656138838
2026-09-01 10:25:30,7450.0,7460.0,Call DEX 4,DEX,200.715,7552.82204272686,9244.69656138838
2026-09-01 10:25:30,7450.0,7460.0,Call VEX 4,VEX,1850876.741,7552.82204272686,9244.69656138838
2026-09-01 10:25:30,7500.0,7510.0,Call CEX 3,CEX,1512648.035,7552.82204272686,9244.69656138838
2026-09-01 10:25:30,7500.0,7510.0,Call DEX 5,DEX,147.542,7552.82204272686,9244.69656138838
2026-09-01 10:25:30,7500.0,7510.0,Put GEX 2,GEX,-577566.226,7552.82204272686,9244.69656138838
2026-09-01 10:25:30,7500.0,7510.0,Call VEX 2,VEX,2906260.056,7552.82204272686,9244.69656138838
2026-09-01 10:25:30,7515.0,7525.0,Call CEX 2,CEX,1519780.057,7552.82204272686,9244.69656138838
2026-09-01 10:25:30,7550.0,7560.0,Call CEX 5,CEX,1303756.313,7552.82204272686,9244.69656138838
2026-09-01 10:25:30,7550.0,7560.0,Put GEX 4,GEX,-379826.836,7552.82204272686,9244.69656138838
2026-09-01 10:25:30,7600.0,7610.0,Call CEX 1,CEX,2206706.591,7552.82204272686,9244.69656138838
2026-09-01 10:25:30,7625.0,7635.25,Put GEX 5,GEX,-355455.845,7552.82204272686,9244.69656138838
2026-09-01 10:25:30,7650.0,7660.25,Put CEX 2,CEX,-2381346.251,7552.82204272686,9244.69656138838
2026-09-01 10:25:30,7650.0,7660.25,Put DEX 5,DEX,-65.516,7552.82204272686,9244.69656138838
2026-09-01 10:25:30,7675.0,7685.25,Put CEX 3,CEX,-2123872.812,7552.82204272686,9244.69656138838
2026-09-01 10:25:30,7700.0,7710.25,Put CEX 4,CEX,-1938955.457,7552.82204272686,9244.69656138838
2026-09-01 10:25:30,7700.0,7710.25,Put DEX 2,DEX,-189.369,7552.82204272686,9244.69656138838
2026-09-01 10:25:30,7700.0,7710.25,Put VEX 5,VEX,-919501.256,7552.82204272686,9244.69656138838
2026-09-01 10:25:30,7750.0,7760.25,Put CEX 5,CEX,-1417148.711,7552.82204272686,9244.69656138838
2026-09-01 10:25:30,7750.0,7760.25,Put DEX 3,DEX,-88.527,7552.82204272686,9244.69656138838
2026-09-01 10:25:30,7750.0,7760.25,Call GEX 3,GEX,285649.365,7552.82204272686,9244.69656138838
2026-09-01 10:25:30,7750.0,7760.25,Put VEX 3,VEX,-1078571.876,7552.82204272686,9244.69656138838
2026-09-01 10:25:30,7800.0,7810.25,Put DEX 4,DEX,-66.598,7552.82204272686,9244.69656138838
2026-09-01 10:25:30,7800.0,7810.25,Call GEX 1,GEX,516597.298,7552.82204272686,9244.69656138838
2026-09-01 10:25:30,7800.0,7810.25,Put VEX 2,VEX,-1692097.915,7552.82204272686,9244.69656138838
2026-09-01 10:25:30,7850.0,7860.5,Call GEX 4,GEX,273398.518,7552.82204272686,9244.69656138838
2026-09-01 10:25:30,7900.0,7910.5,Call GEX 2,GEX,371985.412,7552.82204272686,9244.69656138838
2026-09-01 10:25:30,7900.0,7910.5,Put VEX 4,VEX,-971123.904,7552.82204272686,9244.69656138838
2026-09-01 10:25:30,7950.0,7960.5,Call GEX 5,GEX,161744.835,7552.82204272686,9244.69656138838
2026-09-01 10:25:30,8000.0,8010.75,Put CEX 1,CEX,-3084581.569,7552.82204272686,9244.69656138838
2026-09-01 10:25:30,8000.0,8010.75,Put DEX 1,DEX,-2540.304,7552.82204272686,9244.69656138838
2026-09-01 10:25:30,8000.0,8010.75,Put GEX 3,GEX,-421002.614,7552.82204272686,9244.69656138838
2026-09-01 10:25:30,8000.0,8010.75,Put VEX 1,VEX,-10216403.535,7552.82204272686,9244.69656138838
2026-09-01 10:26:19,7000.0,7009.75,Call CEX 4,CEX,1477786.977,7549.393873891307,9282.680007289637
2026-09-01 10:26:19,7000.0,7009.75,Call DEX 1,DEX,907.731,7549.393873891307,9282.680007289637
2026-09-01 10:26:19,7000.0,7009.75,Put GEX 1,GEX,-717495.37,7549.393873891307,9282.680007289637
2026-09-01 10:26:19,7000.0,7009.75,Call VEX 1,VEX,6662237.073,7549.393873891307,9282.680007289637
2026-09-01 10:26:19,7300.0,7310.25,Call DEX 2,DEX,257.138,7549.393873891307,9282.680007289637
2026-09-01 10:26:19,7300.0,7310.25,Call VEX 5,VEX,1633711.971,7549.393873891307,9282.680007289637
2026-09-01 10:26:19,7400.0,7410.25,Call DEX 4,DEX,200.919,7549.393873891307,9282.680007289637
2026-09-01 10:26:19,7400.0,7410.25,Call VEX 3,VEX,2106939.46,7549.393873891307,9282.680007289637
2026-09-01 10:26:19,7450.0,7460.25,Call DEX 3,DEX,206.854,7549.393873891307,9282.680007289637
2026-09-01 10:26:19,7450.0,7460.25,Call VEX 4,VEX,1852810.871,7549.393873891307,9282.680007289637
2026-09-01 10:26:19,7500.0,7510.5,Call CEX 3,CEX,1491350.712,7549.393873891307,9282.680007289637
2026-09-01 10:26:19,7500.0,7510.5,Call DEX 5,DEX,142.288,7549.393873891307,9282.680007289637
2026-09-01 10:26:19,7500.0,7510.5,Put GEX 2,GEX,-582401.873,7549.393873891307,9282.680007289637
2026-09-01 10:26:19,7500.0,7510.5,Call VEX 2,VEX,2883037.543,7549.393873891307,9282.680007289637
2026-09-01 10:26:19,7515.0,7525.5,Call CEX 2,CEX,1552937.629,7549.393873891307,9282.680007289637
2026-09-01 10:26:19,7550.0,7560.5,Call CEX 5,CEX,1369892.893,7549.393873891307,9282.680007289637
2026-09-01 10:26:19,7550.0,7560.5,Put GEX 4,GEX,-387857.759,7549.393873891307,9282.680007289637
2026-09-01 10:26:19,7600.0,7610.5,Call CEX 1,CEX,2363453.511,7549.393873891307,9282.680007289637
2026-09-01 10:26:19,7625.0,7635.5,Put GEX 5,GEX,-378067.912,7549.393873891307,9282.680007289637
2026-09-01 10:26:19,7650.0,7660.75,Put CEX 2,CEX,-2395582.658,7549.393873891307,9282.680007289637
2026-09-01 10:26:19,7650.0,7660.75,Put DEX 4,DEX,-69.684,7549.393873891307,9282.680007289637
2026-09-01 10:26:19,7675.0,7685.75,Put CEX 5,CEX,-1049569.418,7549.393873891307,9282.680007289637
2026-09-01 10:26:19,7700.0,7710.75,Put CEX 3,CEX,-1400698.769,7549.393873891307,9282.680007289637
2026-09-01 10:26:19,7700.0,7710.75,Put DEX 2,DEX,-182.95,7549.393873891307,9282.680007289637
2026-09-01 10:26:19,7700.0,7710.75,Put VEX 5,VEX,-944669.544,7549.393873891307,9282.680007289637
2026-09-01 10:26:19,7750.0,7760.75,Put CEX 4,CEX,-1184006.267,7549.393873891307,9282.680007289637
2026-09-01 10:26:19,7750.0,7760.75,Put DEX 3,DEX,-85.787,7549.393873891307,9282.680007289637
2026-09-01 10:26:19,7750.0,7760.75,Call GEX 3,GEX,289667.62,7549.393873891307,9282.680007289637
2026-09-01 10:26:19,7750.0,7760.75,Put VEX 3,VEX,-1081378.673,7549.393873891307,9282.680007289637
2026-09-01 10:26:19,7800.0,7810.75,Put DEX 5,DEX,-60.955,7549.393873891307,9282.680007289637
2026-09-01 10:26:19,7800.0,7810.75,Call GEX 1,GEX,513707.88,7549.393873891307,9282.680007289637
2026-09-01 10:26:19,7800.0,7810.75,Put VEX 2,VEX,-1691472.451,7549.393873891307,9282.680007289637
2026-09-01 10:26:19,7850.0,7861.0,Call GEX 4,GEX,270090.171,7549.393873891307,9282.680007289637
2026-09-01 10:26:19,7900.0,7911.0,Call GEX 2,GEX,366859.23,7549.393873891307,9282.680007289637
2026-09-01 10:26:19,7900.0,7911.0,Put VEX 4,VEX,-969635.19,7549.393873891307,9282.680007289637
2026-09-01 10:26:19,7950.0,7961.0,Call GEX 5,GEX,159983.276,7549.393873891307,9282.680007289637
2026-09-01 10:26:19,8000.0,8011.0,Put CEX 1,CEX,-3059502.822,7549.393873891307,9282.680007289637
2026-09-01 10:26:19,8000.0,8011.0,Put DEX 1,DEX,-2550.888,7549.393873891307,9282.680007289637
2026-09-01 10:26:19,8000.0,8011.0,Put GEX 3,GEX,-402810.884,7549.393873891307,9282.680007289637
2026-09-01 10:26:19,8000.0,8011.0,Put VEX 1,VEX,-10174682.437,7549.393873891307,9282.680007289637
2026-09-01 10:27:06,7000.0,7009.75,Call CEX 4,CEX,1484318.249,7544.926598701214,9267.86520503451
2026-09-01 10:27:06,7000.0,7009.75,Call DEX 1,DEX,906.05,7544.926598701214,9267.86520503451
2026-09-01 10:27:06,7000.0,7009.75,Put GEX 1,GEX,-711781.515,7544.926598701214,9267.86520503451
2026-09-01 10:27:06,7000.0,7009.75,Call VEX 1,VEX,6704908.474,7544.926598701214,9267.86520503451
2026-09-01 10:27:06,7300.0,7310.25,Call DEX 2,DEX,258.373,7544.926598701214,9267.86520503451
2026-09-01 10:27:06,7300.0,7310.25,Call VEX 5,VEX,1620632.32,7544.926598701214,9267.86520503451
2026-09-01 10:27:06,7400.0,7410.5,Call DEX 4,DEX,201.363,7544.926598701214,9267.86520503451
2026-09-01 10:27:06,7400.0,7410.5,Call VEX 3,VEX,2106265.19,7544.926598701214,9267.86520503451
2026-09-01 10:27:06,7450.0,7460.5,Call DEX 3,DEX,207.362,7544.926598701214,9267.86520503451
2026-09-01 10:27:06,7450.0,7460.5,Call VEX 4,VEX,1850876.987,7544.926598701214,9267.86520503451
2026-09-01 10:27:06,7500.0,7510.5,Call CEX 3,CEX,1493984.255,7544.926598701214,9267.86520503451
2026-09-01 10:27:06,7500.0,7510.5,Call DEX 5,DEX,141.76,7544.926598701214,9267.86520503451
2026-09-01 10:27:06,7500.0,7510.5,Put GEX 2,GEX,-581357.025,7544.926598701214,9267.86520503451
2026-09-01 10:27:06,7500.0,7510.5,Call VEX 2,VEX,2880857.697,7544.926598701214,9267.86520503451
2026-09-01 10:27:06,7515.0,7525.5,Call CEX 2,CEX,1559458.893,7544.926598701214,9267.86520503451
2026-09-01 10:27:06,7550.0,7560.75,Call CEX 5,CEX,1363101.373,7544.926598701214,9267.86520503451
2026-09-01 10:27:06,7550.0,7560.75,Put GEX 4,GEX,-385856.059,7544.926598701214,9267.86520503451
2026-09-01 10:27:06,7600.0,7610.75,Call CEX 1,CEX,2379661.527,7544.926598701214,9267.86520503451
2026-09-01 10:27:06,7625.0,7635.75,Put GEX 5,GEX,-378536.082,7544.926598701214,9267.86520503451
2026-09-01 10:27:06,7650.0,7660.75,Put CEX 2,CEX,-2384847.03,7544.926598701214,9267.86520503451
2026-09-01 10:27:06,7650.0,7660.75,Put DEX 4,DEX,-69.795,7544.926598701214,9267.86520503451
2026-09-01 10:27:06,7675.0,7685.75,Put CEX 5,CEX,-1053959.046,7544.926598701214,9267.86520503451
2026-09-01 10:27:06,7700.0,7710.75,Put CEX 3,CEX,-1379720.651,7544.926598701214,9267.86520503451
2026-09-01 10:27:06,7700.0,7710.75,Put DEX 2,DEX,-182.985,7544.926598701214,9267.86520503451
2026-09-01 10:27:06,7700.0,7710.75,Put VEX 5,VEX,-938574.793,7544.926598701214,9267.86520503451
2026-09-01 10:27:06,7750.0,7761.0,Put CEX 4,CEX,-1181165.936,7544.926598701214,9267.86520503451
2026-09-01 10:27:06,7750.0,7761.0,Put DEX 3,DEX,-85.542,7544.926598701214,9267.86520503451
2026-09-01 10:27:06,7750.0,7761.0,Call GEX 3,GEX,294855.541,7544.926598701214,9267.86520503451
2026-09-01 10:27:06,7750.0,7761.0,Put VEX 3,VEX,-1079023.158,7544.926598701214,9267.86520503451
2026-09-01 10:27:06,7800.0,7811.0,Put DEX 5,DEX,-66.9,7544.926598701214,9267.86520503451
2026-09-01 10:27:06,7800.0,7811.0,Call GEX 1,GEX,512984.245,7544.926598701214,9267.86520503451
2026-09-01 10:27:06,7800.0,7811.0,Put VEX 2,VEX,-1695144.67,7544.926598701214,9267.86520503451
2026-09-01 10:27:06,7850.0,7861.0,Call GEX 4,GEX,270660.06,7544.926598701214,9267.86520503451
2026-09-01 10:27:06,7900.0,7911.25,Call GEX 2,GEX,367455.335,7544.926598701214,9267.86520503451
2026-09-01 10:27:06,7900.0,7911.25,Put VEX 4,VEX,-969873.703,7544.926598701214,9267.86520503451
2026-09-01 10:27:06,7950.0,7961.25,Call GEX 5,GEX,160064.476,7544.926598701214,9267.86520503451
2026-09-01 10:27:06,8000.0,8011.25,Put CEX 1,CEX,-3085326.736,7544.926598701214,9267.86520503451
2026-09-01 10:27:06,8000.0,8011.25,Put DEX 1,DEX,-2540.348,7544.926598701214,9267.86520503451
2026-09-01 10:27:06,8000.0,8011.25,Put GEX 3,GEX,-419347.588,7544.926598701214,9267.86520503451
2026-09-01 10:27:06,8000.0,8011.25,Put VEX 1,VEX,-10234542.793,7544.926598701214,9267.86520503451
2026-09-01 10:27:54,7000.0,7009.5,Call CEX 4,CEX,1485349.147,7550.453395617886,9257.187984889451
2026-09-01 10:27:54,7000.0,7009.5,Call DEX 1,DEX,901.198,7550.453395617886,9257.187984889451
2026-09-01 10:27:54,7000.0,7009.5,Put GEX 1,GEX,-699271.097,7550.453395617886,9257.187984889451
2026-09-01 10:27:54,7000.0,7009.5,Call VEX 1,VEX,6808371.539,7550.453395617886,9257.187984889451
2026-09-01 10:27:54,7300.0,7310.0,Call DEX 2,DEX,258.011,7550.453395617886,9257.187984889451
2026-09-01 10:27:54,7300.0,7310.0,Call VEX 5,VEX,1623701.187,7550.453395617886,9257.187984889451
2026-09-01 10:27:54,7400.0,7410.0,Call DEX 4,DEX,201.233,7550.453395617886,9257.187984889451
2026-09-01 10:27:54,7400.0,7410.0,Call VEX 3,VEX,2106073.991,7550.453395617886,9257.187984889451
2026-09-01 10:27:54,7450.0,7460.25,Call DEX 3,DEX,208.563,7550.453395617886,9257.187984889451
2026-09-01 10:27:54,7450.0,7460.25,Call VEX 4,VEX,1851579.788,7550.453395617886,9257.187984889451
2026-09-01 10:27:54,7500.0,7510.25,Call CEX 3,CEX,1552430.207,7550.453395617886,9257.187984889451
2026-09-01 10:27:54,7500.0,7510.25,Call DEX 5,DEX,142.811,7550.453395617886,9257.187984889451
2026-09-01 10:27:54,7500.0,7510.25,Put GEX 2,GEX,-582740.91,7550.453395617886,9257.187984889451
2026-09-01 10:27:54,7500.0,7510.25,Call VEX 2,VEX,2886492.031,7550.453395617886,9257.187984889451
2026-09-01 10:27:54,7515.0,7525.25,Call CEX 2,CEX,1560835.115,7550.453395617886,9257.187984889451
2026-09-01 10:27:54,7550.0,7560.25,Call CEX 5,CEX,1355121.75,7550.453395617886,9257.187984889451
2026-09-01 10:27:54,7550.0,7560.25,Put GEX 4,GEX,-385165.379,7550.453395617886,9257.187984889451
2026-09-01 10:27:54,7600.0,7610.5,Call CEX 1,CEX,2403515.436,7550.453395617886,9257.187984889451
2026-09-01 10:27:54,7625.0,7635.5,Put GEX 5,GEX,-377566.896,7550.453395617886,9257.187984889451
2026-09-01 10:27:54,7650.0,7660.5,Put CEX 2,CEX,-2375824.534,7550.453395617886,9257.187984889451
2026-09-01 10:27:54,7650.0,7660.5,Put DEX 4,DEX,-69.866,7550.453395617886,9257.187984889451
2026-09-01 10:27:54,7675.0,7685.5,Put CEX 5,CEX,-1055302.867,7550.453395617886,9257.187984889451
2026-09-01 10:27:54,7700.0,7710.5,Put CEX 3,CEX,-1398513.34,7550.453395617886,9257.187984889451
2026-09-01 10:27:54,7700.0,7710.5,Put DEX 2,DEX,-182.163,7550.453395617886,9257.187984889451
2026-09-01 10:27:54,7700.0,7710.5,Put VEX 5,VEX,-940291.736,7550.453395617886,9257.187984889451
2026-09-01 10:27:54,7750.0,7760.5,Put CEX 4,CEX,-1184951.543,7550.453395617886,9257.187984889451
2026-09-01 10:27:54,7750.0,7760.5,Put DEX 3,DEX,-85.523,7550.453395617886,9257.187984889451
2026-09-01 10:27:54,7750.0,7760.5,Call GEX 3,GEX,289845.094,7550.453395617886,9257.187984889451
2026-09-01 10:27:54,7750.0,7760.5,Put VEX 3,VEX,-1081170.549,7550.453395617886,9257.187984889451
2026-09-01 10:27:54,7800.0,7810.75,Put DEX 5,DEX,-67.202,7550.453395617886,9257.187984889451
2026-09-01 10:27:54,7800.0,7810.75,Call GEX 1,GEX,509438.995,7550.453395617886,9257.187984889451
2026-09-01 10:27:54,7800.0,7810.75,Put VEX 2,VEX,-1696452.006,7550.453395617886,9257.187984889451
2026-09-01 10:27:54,7850.0,7860.75,Call GEX 4,GEX,270458.605,7550.453395617886,9257.187984889451
2026-09-01 10:27:54,7900.0,7910.75,Call GEX 2,GEX,367703.992,7550.453395617886,9257.187984889451
2026-09-01 10:27:54,7900.0,7910.75,Put VEX 4,VEX,-971295.098,7550.453395617886,9257.187984889451
2026-09-01 10:27:54,7950.0,7961.0,Call GEX 5,GEX,160139.122,7550.453395617886,9257.187984889451
2026-09-01 10:27:54,8000.0,8011.0,Put CEX 1,CEX,-3074417.887,7550.453395617886,9257.187984889451
2026-09-01 10:27:54,8000.0,8011.0,Put DEX 1,DEX,-2545.888,7550.453395617886,9257.187984889451
2026-09-01 10:27:54,8000.0,8011.0,Put GEX 3,GEX,-420688.359,7550.453395617886,9257.187984889451
2026-09-01 10:27:54,8000.0,8011.0,Put VEX 1,VEX,-10202416.551,7550.453395617886,9257.187984889451
2026-09-01 10:28:41,7000.0,7009.5,Call CEX 3,CEX,1489643.979,7553.652634654052,9258.872949713928
2026-09-01 10:28:41,7000.0,7009.5,Call DEX 1,DEX,901.303,7553.652634654052,9258.872949713928
2026-09-01 10:28:41,7000.0,7009.5,Put GEX 1,GEX,-691408.288,7553.652634654052,9258.872949713928
2026-09-01 10:28:41,7000.0,7009.5,Call VEX 1,VEX,6822108.602,7553.652634654052,9258.872949713928
2026-09-01 10:28:41,7300.0,7310.0,Call DEX 2,DEX,258.543,7553.652634654052,9258.872949713928
2026-09-01 10:28:41,7300.0,7310.0,Call VEX 5,VEX,1620476.639,7553.652634654052,9258.872949713928
2026-09-01 10:28:41,7400.0,7410.0,Call DEX 4,DEX,202.313,7553.652634654052,9258.872949713928
2026-09-01 10:28:41,7400.0,7410.0,Call VEX 3,VEX,2103223.233,7553.652634654052,9258.872949713928
2026-09-01 10:28:41,7450.0,7460.0,Call DEX 3,DEX,208.563,7553.652634654052,9258.872949713928
2026-09-01 10:28:41,7450.0,7460.0,Call VEX 4,VEX,1851768.018,7553.652634654052,9258.872949713928
2026-09-01 10:28:41,7500.0,7510.25,Call CEX 4,CEX,1483541.38,7553.652634654052,9258.872949713928
2026-09-01 10:28:41,7500.0,7510.25,Call DEX 5,DEX,143.621,7553.652634654052,9258.872949713928
2026-09-01 10:28:41,7500.0,7510.25,Put GEX 2,GEX,-581985.711,7553.652634654052,9258.872949713928
2026-09-01 10:28:41,7500.0,7510.25,Call VEX 2,VEX,2887749.228,7553.652634654052,9258.872949713928
2026-09-01 10:28:41,7515.0,7525.25,Call CEX 2,CEX,1558208.268,7553.652634654052,9258.872949713928
2026-09-01 10:28:41,7550.0,7560.25,Call CEX 5,CEX,1317628.744,7553.652634654052,9258.872949713928
2026-09-01 10:28:41,7550.0,7560.25,Put GEX 4,GEX,-387283.313,7553.652634654052,9258.872949713928
2026-09-01 10:28:41,7600.0,7610.25,Call CEX 1,CEX,2346061.576,7553.652634654052,9258.872949713928
2026-09-01 10:28:41,7625.0,7635.25,Put GEX 5,GEX,-364604.645,7553.652634654052,9258.872949713928
2026-09-01 10:28:41,7650.0,7660.25,Put CEX 2,CEX,-2427398.309,7553.652634654052,9258.872949713928
2026-09-01 10:28:41,7650.0,7660.25,Put DEX 4,DEX,-68.523,7553.652634654052,9258.872949713928
2026-09-01 10:28:41,7675.0,7685.5,Put CEX 4,CEX,-1877062.197,7553.652634654052,9258.872949713928
2026-09-01 10:28:41,7700.0,7710.5,Put CEX 3,CEX,-1877491.123,7553.652634654052,9258.872949713928
2026-09-01 10:28:41,7700.0,7710.5,Put DEX 2,DEX,-193.878,7553.652634654052,9258.872949713928
2026-09-01 10:28:41,7700.0,7710.5,Put VEX 5,VEX,-946692.675,7553.652634654052,9258.872949713928
2026-09-01 10:28:41,7750.0,7760.5,Put CEX 5,CEX,-1200555.154,7553.652634654052,9258.872949713928
2026-09-01 10:28:41,7750.0,7760.5,Put DEX 3,DEX,-84.912,7553.652634654052,9258.872949713928
2026-09-01 10:28:41,7750.0,7760.5,Call GEX 3,GEX,287573.375,7553.652634654052,9258.872949713928
2026-09-01 10:28:41,7750.0,7760.5,Put VEX 3,VEX,-1080506.063,7553.652634654052,9258.872949713928
2026-09-01 10:28:41,7800.0,7810.5,Put DEX 5,DEX,-66.696,7553.652634654052,9258.872949713928
2026-09-01 10:28:41,7800.0,7810.5,Call GEX 1,GEX,510262.699,7553.652634654052,9258.872949713928
2026-09-01 10:28:41,7800.0,7810.5,Put VEX 2,VEX,-1695532.966,7553.652634654052,9258.872949713928
2026-09-01 10:28:41,7850.0,7860.75,Call GEX 4,GEX,271093.223,7553.652634654052,9258.872949713928
2026-09-01 10:28:41,7900.0,7910.75,Call GEX 2,GEX,368746.162,7553.652634654052,9258.872949713928
2026-09-01 10:28:41,7900.0,7910.75,Put VEX 4,VEX,-971865.112,7553.652634654052,9258.872949713928
2026-09-01 10:28:41,7950.0,7960.75,Call GEX 5,GEX,160580.644,7553.652634654052,9258.872949713928
2026-09-01 10:28:41,8000.0,8010.75,Put CEX 1,CEX,-3068510.5,7553.652634654052,9258.872949713928
2026-09-01 10:28:41,8000.0,8010.75,Put DEX 1,DEX,-2552.697,7553.652634654052,9258.872949713928
2026-09-01 10:28:41,8000.0,8010.75,Put GEX 3,GEX,-413824.353,7553.652634654052,9258.872949713928
2026-09-01 10:28:41,8000.0,8010.75,Put VEX 1,VEX,-10178444.022,7553.652634654052,9258.872949713928
2026-09-01 10:29:28,7000.0,7010.0,Call CEX 4,CEX,1459594.749,7547.931059503912,9257.66284432522
2026-09-01 10:29:28,7000.0,7010.0,Call DEX 1,DEX,874.862,7547.931059503912,9257.66284432522
2026-09-01 10:29:28,7000.0,7010.0,Put GEX 1,GEX,-708943.089,7547.931059503912,9257.66284432522
2026-09-01 10:29:28,7000.0,7010.0,Call VEX 1,VEX,6661174.99,7547.931059503912,9257.66284432522
2026-09-01 10:29:28,7300.0,7310.25,Call DEX 2,DEX,259.021,7547.931059503912,9257.66284432522
2026-09-01 10:29:28,7300.0,7310.25,Call VEX 5,VEX,1623453.797,7547.931059503912,9257.66284432522
2026-09-01 10:29:28,7400.0,7410.5,Call DEX 4,DEX,203.546,7547.931059503912,9257.66284432522
2026-09-01 10:29:28,7400.0,7410.5,Call VEX 3,VEX,2105993.687,7547.931059503912,9257.66284432522
2026-09-01 10:29:28,7450.0,7460.5,Call DEX 3,DEX,210.06,7547.931059503912,9257.66284432522
2026-09-01 10:29:28,7450.0,7460.5,Call VEX 4,VEX,1855666.093,7547.931059503912,9257.66284432522
2026-09-01 10:29:28,7500.0,7510.75,Call CEX 3,CEX,1499297.35,7547.931059503912,9257.66284432522
2026-09-01 10:29:28,7500.0,7510.75,Call DEX 5,DEX,147.086,7547.931059503912,9257.66284432522
2026-09-01 10:29:28,7500.0,7510.75,Put GEX 2,GEX,-580805.053,7547.931059503912,9257.66284432522
2026-09-01 10:29:28,7500.0,7510.75,Call VEX 2,VEX,2901079.959,7547.931059503912,9257.66284432522
2026-09-01 10:29:28,7515.0,7525.75,Call CEX 2,CEX,1555823.578,7547.931059503912,9257.66284432522
2026-09-01 10:29:28,7550.0,7560.75,Call CEX 5,CEX,1362700.984,7547.931059503912,9257.66284432522
2026-09-01 10:29:28,7550.0,7560.75,Put GEX 4,GEX,-384171.786,7547.931059503912,9257.66284432522
2026-09-01 10:29:28,7600.0,7610.75,Call CEX 1,CEX,2327588.884,7547.931059503912,9257.66284432522
2026-09-01 10:29:28,7625.0,7635.75,Put GEX 5,GEX,-382417.696,7547.931059503912,9257.66284432522
2026-09-01 10:29:28,7650.0,7660.75,Put CEX 2,CEX,-2391139.535,7547.931059503912,9257.66284432522
2026-09-01 10:29:28,7650.0,7660.75,Put DEX 4,DEX,-67.441,7547.931059503912,9257.66284432522
2026-09-01 10:29:28,7675.0,7686.0,Put CEX 5,CEX,-1065941.839,7547.931059503912,9257.66284432522
2026-09-01 10:29:28,7700.0,7711.0,Put CEX 3,CEX,-1397648.779,7547.931059503912,9257.66284432522
2026-09-01 10:29:28,7700.0,7711.0,Put DEX 2,DEX,-178.236,7547.931059503912,9257.66284432522
2026-09-01 10:29:28,7700.0,7711.0,Put VEX 5,VEX,-912818.727,7547.931059503912,9257.66284432522
2026-09-01 10:29:28,7750.0,7761.0,Put CEX 4,CEX,-1201478.627,7547.931059503912,9257.66284432522
2026-09-01 10:29:28,7750.0,7761.0,Put DEX 3,DEX,-83.048,7547.931059503912,9257.66284432522
2026-09-01 10:29:28,7750.0,7761.0,Call GEX 3,GEX,287452.589,7547.931059503912,9257.66284432522
2026-09-01 10:29:28,7750.0,7761.0,Put VEX 3,VEX,-1073298.944,7547.931059503912,9257.66284432522
2026-09-01 10:29:28,7800.0,7811.0,Put DEX 5,DEX,-64.317,7547.931059503912,9257.66284432522
2026-09-01 10:29:28,7800.0,7811.0,Call GEX 1,GEX,513241.48,7547.931059503912,9257.66284432522
2026-09-01 10:29:28,7800.0,7811.0,Put VEX 2,VEX,-1693243.488,7547.931059503912,9257.66284432522
2026-09-01 10:29:28,7850.0,7861.25,Call GEX 4,GEX,273219.642,7547.931059503912,9257.66284432522
2026-09-01 10:29:28,7900.0,7911.25,Call GEX 2,GEX,370735.094,7547.931059503912,9257.66284432522
2026-09-01 10:29:28,7900.0,7911.25,Put VEX 4,VEX,-972878.933,7547.931059503912,9257.66284432522
2026-09-01 10:29:28,7950.0,7961.25,Call GEX 5,GEX,161693.194,7547.931059503912,9257.66284432522
2026-09-01 10:29:28,8000.0,8011.25,Put CEX 1,CEX,-3062691.073,7547.931059503912,9257.66284432522
2026-09-01 10:29:28,8000.0,8011.25,Put DEX 1,DEX,-2556.754,7547.931059503912,9257.66284432522
2026-09-01 10:29:28,8000.0,8011.25,Put GEX 3,GEX,-399860.088,7547.931059503912,9257.66284432522
2026-09-01 10:29:28,8000.0,8011.25,Put VEX 1,VEX,-10141272.515,7547.931059503912,9257.66284432522
2026-09-01 10:30:15,7000.0,7009.5,Call CEX 3,CEX,1464391.334,7550.34594340602,9245.365326443763
2026-09-01 10:30:15,7000.0,7009.5,Call DEX 1,DEX,909.656,7550.34594340602,9245.365326443763
2026-09-01 10:30:15,7000.0,7009.5,Put GEX 1,GEX,-701568.39,7550.34594340602,9245.365326443763
2026-09-01 10:30:15,7000.0,7009.5,Call VEX 1,VEX,6679861.881,7550.34594340602,9245.365326443763
2026-09-01 10:30:15,7300.0,7309.75,Call DEX 2,DEX,259.464,7550.34594340602,9245.365326443763
2026-09-01 10:30:15,7300.0,7309.75,Call VEX 5,VEX,1616461.731,7550.34594340602,9245.365326443763
2026-09-01 10:30:15,7400.0,7410.0,Call DEX 4,DEX,204.623,7550.34594340602,9245.365326443763
2026-09-01 10:30:15,7400.0,7410.0,Call VEX 3,VEX,2104028.828,7550.34594340602,9245.365326443763
2026-09-01 10:30:15,7450.0,7460.0,Call DEX 3,DEX,211.377,7550.34594340602,9245.365326443763
2026-09-01 10:30:15,7450.0,7460.0,Call VEX 4,VEX,1854305.41,7550.34594340602,9245.365326443763
2026-09-01 10:30:15,7500.0,7510.0,Call CEX 4,CEX,1415891.247,7550.34594340602,9245.365326443763
2026-09-01 10:30:15,7500.0,7510.0,Call DEX 5,DEX,149.342,7550.34594340602,9245.365326443763
2026-09-01 10:30:15,7500.0,7510.0,Put GEX 2,GEX,-576913.38,7550.34594340602,9245.365326443763
2026-09-01 10:30:15,7500.0,7510.0,Call VEX 2,VEX,2906181.605,7550.34594340602,9245.365326443763
2026-09-01 10:30:15,7515.0,7525.0,Call CEX 2,CEX,1545694.56,7550.34594340602,9245.365326443763
2026-09-01 10:30:15,7550.0,7560.25,Call CEX 5,CEX,1344129.691,7550.34594340602,9245.365326443763
2026-09-01 10:30:15,7550.0,7560.25,Put GEX 4,GEX,-378053.253,7550.34594340602,9245.365326443763
2026-09-01 10:30:15,7600.0,7610.25,Call CEX 1,CEX,2271646.288,7550.34594340602,9245.365326443763
2026-09-01 10:30:15,7625.0,7635.25,Put GEX 5,GEX,-365827.825,7550.34594340602,9245.365326443763
2026-09-01 10:30:15,7650.0,7660.25,Put CEX 2,CEX,-2433571.558,7550.34594340602,9245.365326443763
2026-09-01 10:30:15,7650.0,7660.25,Put DEX 4,DEX,-64.998,7550.34594340602,9245.365326443763
2026-09-01 10:30:15,7675.0,7685.25,Put CEX 3,CEX,-1430266.772,7550.34594340602,9245.365326443763
2026-09-01 10:30:15,7700.0,7710.25,Put CEX 4,CEX,-1403114.792,7550.34594340602,9245.365326443763
2026-09-01 10:30:15,7700.0,7710.25,Put DEX 2,DEX,-175.115,7550.34594340602,9245.365326443763
2026-09-01 10:30:15,7700.0,7710.25,Put VEX 5,VEX,-894323.062,7550.34594340602,9245.365326443763
2026-09-01 10:30:15,7750.0,7760.5,Put CEX 5,CEX,-1221564.335,7550.34594340602,9245.365326443763
2026-09-01 10:30:15,7750.0,7760.5,Put DEX 3,DEX,-81.376,7550.34594340602,9245.365326443763
2026-09-01 10:30:15,7750.0,7760.5,Call GEX 3,GEX,288509.073,7550.34594340602,9245.365326443763
2026-09-01 10:30:15,7750.0,7760.5,Put VEX 3,VEX,-1070400.839,7550.34594340602,9245.365326443763
2026-09-01 10:30:15,7800.0,7810.5,Put DEX 5,DEX,-63.681,7550.34594340602,9245.365326443763
2026-09-01 10:30:15,7800.0,7810.5,Call GEX 1,GEX,517104.146,7550.34594340602,9245.365326443763
2026-09-01 10:30:15,7800.0,7810.5,Put VEX 2,VEX,-1687657.032,7550.34594340602,9245.365326443763
2026-09-01 10:30:15,7850.0,7860.5,Call GEX 4,GEX,274559.627,7550.34594340602,9245.365326443763
2026-09-01 10:30:15,7900.0,7910.5,Call GEX 2,GEX,372601.322,7550.34594340602,9245.365326443763
2026-09-01 10:30:15,7900.0,7910.5,Put VEX 4,VEX,-974403.62,7550.34594340602,9245.365326443763
2026-09-01 10:30:15,7950.0,7960.75,Call GEX 5,GEX,163123.539,7550.34594340602,9245.365326443763
2026-09-01 10:30:15,8000.0,8010.75,Put CEX 1,CEX,-3084247.457,7550.34594340602,9245.365326443763
2026-09-01 10:30:15,8000.0,8010.75,Put DEX 1,DEX,-2544.83,7550.34594340602,9245.365326443763
2026-09-01 10:30:15,8000.0,8010.75,Put GEX 3,GEX,-414686.703,7550.34594340602,9245.365326443763
2026-09-01 10:30:15,8000.0,8010.75,Put VEX 1,VEX,-10200147.578,7550.34594340602,9245.365326443763
2026-09-01 10:31:05,7000.0,7009.5,Call CEX 4,CEX,1412446.056,7541.275232457779,9244.32980894919
2026-09-01 10:31:05,7000.0,7009.5,Call DEX 1,DEX,885.616,7541.275232457779,9244.32980894919
2026-09-01 10:31:05,7000.0,7009.5,Put GEX 1,GEX,-744826.711,7541.275232457779,9244.32980894919
2026-09-01 10:31:05,7000.0,7009.5,Call VEX 1,VEX,6307596.319,7541.275232457779,9244.32980894919
2026-09-01 10:31:05,7300.0,7309.75,Call DEX 2,DEX,261.725,7541.275232457779,9244.32980894919
2026-09-01 10:31:05,7300.0,7309.75,Call VEX 5,VEX,1600193.716,7541.275232457779,9244.32980894919
2026-09-01 10:31:05,7400.0,7410.0,Call DEX 4,DEX,206.019,7541.275232457779,9244.32980894919
2026-09-01 10:31:05,7400.0,7410.0,Call VEX 3,VEX,2105925.428,7541.275232457779,9244.32980894919
2026-09-01 10:31:05,7450.0,7460.0,Call DEX 3,DEX,208.92,7541.275232457779,9244.32980894919
2026-09-01 10:31:05,7450.0,7460.0,Call VEX 4,VEX,1858896.769,7541.275232457779,9244.32980894919
2026-09-01 10:31:05,7500.0,7510.0,Call CEX 3,CEX,1424809.892,7541.275232457779,9244.32980894919
2026-09-01 10:31:05,7500.0,7510.0,Call DEX 5,DEX,155.666,7541.275232457779,9244.32980894919
2026-09-01 10:31:05,7500.0,7510.0,Put GEX 2,GEX,-569801.288,7541.275232457779,9244.32980894919
2026-09-01 10:31:05,7500.0,7510.0,Call VEX 2,VEX,2931758.714,7541.275232457779,9244.32980894919
2026-09-01 10:31:05,7515.0,7525.25,Call CEX 5,CEX,1387185.739,7541.275232457779,9244.32980894919
2026-09-01 10:31:05,7550.0,7560.25,Put GEX 4,GEX,-371920.789,7541.275232457779,9244.32980894919
2026-09-01 10:31:05,7600.0,7610.25,Call CEX 1,CEX,2215488.669,7541.275232457779,9244.32980894919
2026-09-01 10:31:05,7625.0,7635.25,Call CEX 2,CEX,1575027.811,7541.275232457779,9244.32980894919
2026-09-01 10:31:05,7625.0,7635.25,Put GEX 5,GEX,-353541.396,7541.275232457779,9244.32980894919
2026-09-01 10:31:05,7650.0,7660.25,Put CEX 2,CEX,-2399893.365,7541.275232457779,9244.32980894919
2026-09-01 10:31:05,7650.0,7660.25,Put DEX 5,DEX,-61.069,7541.275232457779,9244.32980894919
2026-09-01 10:31:05,7675.0,7685.25,Put CEX 3,CEX,-1594956.505,7541.275232457779,9244.32980894919
2026-09-01 10:31:05,7700.0,7710.5,Put CEX 4,CEX,-1405375.79,7541.275232457779,9244.32980894919
2026-09-01 10:31:05,7700.0,7710.5,Put DEX 2,DEX,-169.125,7541.275232457779,9244.32980894919
2026-09-01 10:31:05,7700.0,7710.5,Put VEX 5,VEX,-856036.622,7541.275232457779,9244.32980894919
2026-09-01 10:31:05,7750.0,7760.5,Put CEX 5,CEX,-1291220.935,7541.275232457779,9244.32980894919
2026-09-01 10:31:05,7750.0,7760.5,Put DEX 3,DEX,-84.625,7541.275232457779,9244.32980894919
2026-09-01 10:31:05,7750.0,7760.5,Call GEX 3,GEX,291882.556,7541.275232457779,9244.32980894919
2026-09-01 10:31:05,7750.0,7760.5,Put VEX 3,VEX,-1059039.624,7541.275232457779,9244.32980894919
2026-09-01 10:31:05,7800.0,7810.5,Put DEX 4,DEX,-62.714,7541.275232457779,9244.32980894919
2026-09-01 10:31:05,7800.0,7810.5,Call GEX 1,GEX,525126.358,7541.275232457779,9244.32980894919
2026-09-01 10:31:05,7800.0,7810.5,Put VEX 2,VEX,-1682220.132,7541.275232457779,9244.32980894919
2026-09-01 10:31:05,7850.0,7860.5,Call GEX 4,GEX,277801.634,7541.275232457779,9244.32980894919
2026-09-01 10:31:05,7900.0,7910.75,Call GEX 2,GEX,376645.309,7541.275232457779,9244.32980894919
2026-09-01 10:31:05,7900.0,7910.75,Put VEX 4,VEX,-976127.608,7541.275232457779,9244.32980894919
2026-09-01 10:31:05,7950.0,7960.75,Call GEX 5,GEX,165040.394,7541.275232457779,9244.32980894919
2026-09-01 10:31:05,8000.0,8010.75,Put CEX 1,CEX,-3102933.808,7541.275232457779,9244.32980894919
2026-09-01 10:31:05,8000.0,8010.75,Put DEX 1,DEX,-2541.985,7541.275232457779,9244.32980894919
2026-09-01 10:31:05,8000.0,8010.75,Put GEX 3,GEX,-405722.251,7541.275232457779,9244.32980894919
2026-09-01 10:31:05,8000.0,8010.75,Put VEX 1,VEX,-10217861.589,7541.275232457779,9244.32980894919
2026-09-01 10:31:52,7000.0,7009.25,Call CEX 3,CEX,1439557.266,7550.438124565454,9243.40702348894
2026-09-01 10:31:52,7000.0,7009.25,Call DEX 1,DEX,878.035,7550.438124565454,9243.40702348894
2026-09-01 10:31:52,7000.0,7009.25,Put GEX 1,GEX,-709341.708,7550.438124565454,9243.40702348894
2026-09-01 10:31:52,7000.0,7009.25,Call VEX 1,VEX,6553196.315,7550.438124565454,9243.40702348894
2026-09-01 10:31:52,7300.0,7309.75,Call DEX 2,DEX,261.634,7550.438124565454,9243.40702348894
2026-09-01 10:31:52,7300.0,7309.75,Call VEX 5,VEX,1599193.099,7550.438124565454,9243.40702348894
2026-09-01 10:31:52,7400.0,7410.0,Call DEX 4,DEX,206.034,7550.438124565454,9243.40702348894
2026-09-01 10:31:52,7400.0,7410.0,Call VEX 3,VEX,2105580.975,7550.438124565454,9243.40702348894
2026-09-01 10:31:52,7450.0,7460.0,Call DEX 3,DEX,209.41,7550.438124565454,9243.40702348894
2026-09-01 10:31:52,7450.0,7460.0,Call VEX 4,VEX,1857529.876,7550.438124565454,9243.40702348894
2026-09-01 10:31:52,7500.0,7510.0,Call CEX 4,CEX,1398691.69,7550.438124565454,9243.40702348894
2026-09-01 10:31:52,7500.0,7510.0,Call DEX 5,DEX,156.836,7550.438124565454,9243.40702348894
2026-09-01 10:31:52,7500.0,7510.0,Put GEX 2,GEX,-569134.473,7550.438124565454,9243.40702348894
2026-09-01 10:31:52,7500.0,7510.0,Call VEX 2,VEX,2933935.436,7550.438124565454,9243.40702348894
2026-09-01 10:31:52,7515.0,7525.0,Call CEX 5,CEX,1381909.341,7550.438124565454,9243.40702348894
2026-09-01 10:31:52,7550.0,7560.0,Put GEX 4,GEX,-368868.965,7550.438124565454,9243.40702348894
2026-09-01 10:31:52,7600.0,7610.25,Call CEX 1,CEX,2102660.612,7550.438124565454,9243.40702348894
2026-09-01 10:31:52,7625.0,7635.25,Call CEX 2,CEX,1621146.087,7550.438124565454,9243.40702348894
2026-09-01 10:31:52,7625.0,7635.25,Put GEX 5,GEX,-342522.047,7550.438124565454,9243.40702348894
2026-09-01 10:31:52,7650.0,7660.25,Put CEX 2,CEX,-2354460.558,7550.438124565454,9243.40702348894
2026-09-01 10:31:52,7650.0,7660.25,Put DEX 5,DEX,-59.966,7550.438124565454,9243.40702348894
2026-09-01 10:31:52,7675.0,7685.25,Put CEX 3,CEX,-2082522.471,7550.438124565454,9243.40702348894
2026-09-01 10:31:52,7700.0,7710.25,Put CEX 4,CEX,-1822430.335,7550.438124565454,9243.40702348894
2026-09-01 10:31:52,7700.0,7710.25,Put DEX 2,DEX,-181.231,7550.438124565454,9243.40702348894
2026-09-01 10:31:52,7700.0,7710.25,Put VEX 5,VEX,-861027.512,7550.438124565454,9243.40702348894
2026-09-01 10:31:52,7750.0,7760.25,Put CEX 5,CEX,-1346733.448,7550.438124565454,9243.40702348894
2026-09-01 10:31:52,7750.0,7760.25,Put DEX 3,DEX,-84.363,7550.438124565454,9243.40702348894
2026-09-01 10:31:52,7750.0,7760.25,Call GEX 3,GEX,291726.91,7550.438124565454,9243.40702348894
2026-09-01 10:31:52,7750.0,7760.25,Put VEX 3,VEX,-1058174.443,7550.438124565454,9243.40702348894
2026-09-01 10:31:52,7800.0,7810.5,Put DEX 4,DEX,-62.639,7550.438124565454,9243.40702348894
2026-09-01 10:31:52,7800.0,7810.5,Call GEX 1,GEX,525509.193,7550.438124565454,9243.40702348894
2026-09-01 10:31:52,7800.0,7810.5,Put VEX 2,VEX,-1680846.53,7550.438124565454,9243.40702348894
2026-09-01 10:31:52,7850.0,7860.5,Call GEX 4,GEX,278784.639,7550.438124565454,9243.40702348894
2026-09-01 10:31:52,7900.0,7910.5,Call GEX 2,GEX,377275.716,7550.438124565454,9243.40702348894
2026-09-01 10:31:52,7900.0,7910.5,Put VEX 4,VEX,-976554.309,7550.438124565454,9243.40702348894
2026-09-01 10:31:52,7950.0,7960.5,Call GEX 5,GEX,165249.062,7550.438124565454,9243.40702348894
2026-09-01 10:31:52,8000.0,8010.75,Put CEX 1,CEX,-3123205.329,7550.438124565454,9243.40702348894
2026-09-01 10:31:52,8000.0,8010.75,Put DEX 1,DEX,-2536.778,7550.438124565454,9243.40702348894
2026-09-01 10:31:52,8000.0,8010.75,Put GEX 3,GEX,-415797.913,7550.438124565454,9243.40702348894
2026-09-01 10:31:52,8000.0,8010.75,Put VEX 1,VEX,-10254386.737,7550.438124565454,9243.40702348894
2026-09-01 10:32:39,7000.0,7009.5,Call CEX 3,CEX,1454236.546,7528.336693892481,9245.60700621847
2026-09-01 10:32:39,7000.0,7009.5,Call DEX 1,DEX,912.933,7528.336693892481,9245.60700621847
2026-09-01 10:32:39,7000.0,7009.5,Put GEX 1,GEX,-707432.959,7528.336693892481,9245.60700621847
2026-09-01 10:32:39,7000.0,7009.5,Call VEX 1,VEX,6560096.414,7528.336693892481,9245.60700621847
2026-09-01 10:32:39,7300.0,7310.0,Call DEX 2,DEX,262.013,7528.336693892481,9245.60700621847
2026-09-01 10:32:39,7300.0,7310.0,Call VEX 5,VEX,1599641.761,7528.336693892481,9245.60700621847
2026-09-01 10:32:39,7400.0,7410.0,Call DEX 4,DEX,207.112,7528.336693892481,9245.60700621847
2026-09-01 10:32:39,7400.0,7410.0,Call VEX 3,VEX,2107381.928,7528.336693892481,9245.60700621847
2026-09-01 10:32:39,7450.0,7460.25,Call DEX 3,DEX,215.168,7528.336693892481,9245.60700621847
2026-09-01 10:32:39,7450.0,7460.25,Call VEX 4,VEX,1863142.832,7528.336693892481,9245.60700621847
2026-09-01 10:32:39,7500.0,7510.25,Call CEX 4,CEX,1427402.962,7528.336693892481,9245.60700621847
2026-09-01 10:32:39,7500.0,7510.25,Call DEX 5,DEX,157.741,7528.336693892481,9245.60700621847
2026-09-01 10:32:39,7500.0,7510.25,Put GEX 2,GEX,-568407.183,7528.336693892481,9245.60700621847
2026-09-01 10:32:39,7500.0,7510.25,Call VEX 2,VEX,2938831.563,7528.336693892481,9245.60700621847
2026-09-01 10:32:39,7515.0,7525.25,Call CEX 5,CEX,1394957.096,7528.336693892481,9245.60700621847
2026-09-01 10:32:39,7550.0,7560.25,Put GEX 4,GEX,-368289.706,7528.336693892481,9245.60700621847
2026-09-01 10:32:39,7600.0,7610.25,Call CEX 1,CEX,2165699.511,7528.336693892481,9245.60700621847
2026-09-01 10:32:39,7625.0,7635.5,Call CEX 2,CEX,1676933.225,7528.336693892481,9245.60700621847
2026-09-01 10:32:39,7650.0,7660.5,Put CEX 2,CEX,-2407734.277,7528.336693892481,9245.60700621847
2026-09-01 10:32:39,7650.0,7660.5,Put DEX 4,DEX,-60.108,7528.336693892481,9245.60700621847
2026-09-01 10:32:39,7650.0,7660.5,Put GEX 5,GEX,-359201.206,7528.336693892481,9245.60700621847
2026-09-01 10:32:39,7675.0,7685.5,Put CEX 5,CEX,-1155004.709,7528.336693892481,9245.60700621847
2026-09-01 10:32:39,7700.0,7710.5,Put CEX 3,CEX,-1408399.248,7528.336693892481,9245.60700621847
2026-09-01 10:32:39,7700.0,7710.5,Put DEX 2,DEX,-167.836,7528.336693892481,9245.60700621847
2026-09-01 10:32:39,7700.0,7710.5,Put VEX 5,VEX,-846086.898,7528.336693892481,9245.60700621847
2026-09-01 10:32:39,7750.0,7760.5,Put CEX 4,CEX,-1229329.704,7528.336693892481,9245.60700621847
2026-09-01 10:32:39,7750.0,7760.5,Put DEX 3,DEX,-77.905,7528.336693892481,9245.60700621847
2026-09-01 10:32:39,7750.0,7760.5,Call GEX 3,GEX,296601.686,7528.336693892481,9245.60700621847
2026-09-01 10:32:39,7750.0,7760.5,Put VEX 3,VEX,-1051637.135,7528.336693892481,9245.60700621847
2026-09-01 10:32:39,7800.0,7810.5,Put DEX 5,DEX,-60.045,7528.336693892481,9245.60700621847
2026-09-01 10:32:39,7800.0,7810.5,Call GEX 1,GEX,527068.753,7528.336693892481,9245.60700621847
2026-09-01 10:32:39,7800.0,7810.5,Put VEX 2,VEX,-1678614.108,7528.336693892481,9245.60700621847
2026-09-01 10:32:39,7850.0,7860.75,Call GEX 4,GEX,279534.653,7528.336693892481,9245.60700621847
2026-09-01 10:32:39,7900.0,7910.75,Call GEX 2,GEX,378235.702,7528.336693892481,9245.60700621847
2026-09-01 10:32:39,7900.0,7910.75,Put VEX 4,VEX,-976991.271,7528.336693892481,9245.60700621847
2026-09-01 10:32:39,7950.0,7960.75,Call GEX 5,GEX,165518.296,7528.336693892481,9245.60700621847
2026-09-01 10:32:39,8000.0,8011.0,Put CEX 1,CEX,-3104951.523,7528.336693892481,9245.60700621847
2026-09-01 10:32:39,8000.0,8011.0,Put DEX 1,DEX,-2538.237,7528.336693892481,9245.60700621847
2026-09-01 10:32:39,8000.0,8011.0,Put GEX 3,GEX,-404477.894,7528.336693892481,9245.60700621847
2026-09-01 10:32:39,8000.0,8011.0,Put VEX 1,VEX,-10252583.916,7528.336693892481,9245.60700621847
2026-09-01 10:33:27,7000.0,7009.0,Call CEX 3,CEX,1396514.012,7551.566073494444,9243.355936581744
2026-09-01 10:33:27,7000.0,7009.0,Call DEX 1,DEX,889.13,7551.566073494444,9243.355936581744
2026-09-01 10:33:27,7000.0,7009.0,Put GEX 1,GEX,-766047.323,7551.566073494444,9243.355936581744
2026-09-01 10:33:27,7000.0,7009.0,Call VEX 1,VEX,6159900.269,7551.566073494444,9243.355936581744
2026-09-01 10:33:27,7300.0,7309.25,Call DEX 2,DEX,262.62,7551.566073494444,9243.355936581744
2026-09-01 10:33:27,7300.0,7309.25,Call VEX 5,VEX,1593866.917,7551.566073494444,9243.355936581744
2026-09-01 10:33:27,7400.0,7409.5,Call DEX 3,DEX,207.264,7551.566073494444,9243.355936581744
2026-09-01 10:33:27,7400.0,7409.5,Call VEX 3,VEX,2105691.676,7551.566073494444,9243.355936581744
2026-09-01 10:33:27,7450.0,7459.5,Call DEX 4,DEX,204.01,7551.566073494444,9243.355936581744
2026-09-01 10:33:27,7450.0,7459.5,Call VEX 4,VEX,1856763.815,7551.566073494444,9243.355936581744
2026-09-01 10:33:27,7500.0,7509.5,Call CEX 4,CEX,1395607.645,7551.566073494444,9243.355936581744
2026-09-01 10:33:27,7500.0,7509.5,Call DEX 5,DEX,151.724,7551.566073494444,9243.355936581744
2026-09-01 10:33:27,7500.0,7509.5,Put GEX 2,GEX,-568849.988,7551.566073494444,9243.355936581744
2026-09-01 10:33:27,7500.0,7509.5,Call VEX 2,VEX,2928490.415,7551.566073494444,9243.355936581744
2026-09-01 10:33:27,7550.0,7559.5,Put GEX 4,GEX,-368168.51,7551.566073494444,9243.355936581744
2026-09-01 10:33:27,7600.0,7609.75,Call CEX 1,CEX,1844013.065,7551.566073494444,9243.355936581744
2026-09-01 10:33:27,7610.0,7619.75,Call CEX 5,CEX,1283381.731,7551.566073494444,9243.355936581744
2026-09-01 10:33:27,7625.0,7634.75,Call CEX 2,CEX,1571526.302,7551.566073494444,9243.355936581744
2026-09-01 10:33:27,7625.0,7634.75,Put GEX 5,GEX,-334330.579,7551.566073494444,9243.355936581744
2026-09-01 10:33:27,7650.0,7659.75,Put CEX 2,CEX,-2366437.922,7551.566073494444,9243.355936581744
2026-09-01 10:33:27,7650.0,7659.75,Put DEX 5,DEX,-60.637,7551.566073494444,9243.355936581744
2026-09-01 10:33:27,7675.0,7684.75,Put CEX 3,CEX,-2331333.488,7551.566073494444,9243.355936581744
2026-09-01 10:33:27,7690.0,7699.75,Put CEX 5,CEX,-1568839.1,7551.566073494444,9243.355936581744
2026-09-01 10:33:27,7700.0,7709.75,Put CEX 4,CEX,-2117231.034,7551.566073494444,9243.355936581744
2026-09-01 10:33:27,7700.0,7709.75,Put DEX 2,DEX,-181.961,7551.566073494444,9243.355936581744
2026-09-01 10:33:27,7700.0,7709.75,Put VEX 5,VEX,-877413.27,7551.566073494444,9243.355936581744
2026-09-01 10:33:27,7750.0,7759.75,Put DEX 3,DEX,-84.829,7551.566073494444,9243.355936581744
2026-09-01 10:33:27,7750.0,7759.75,Call GEX 3,GEX,290106.48,7551.566073494444,9243.355936581744
2026-09-01 10:33:27,7750.0,7759.75,Put VEX 3,VEX,-1066216.839,7551.566073494444,9243.355936581744
2026-09-01 10:33:27,7800.0,7810.0,Put DEX 4,DEX,-63.619,7551.566073494444,9243.355936581744
2026-09-01 10:33:27,7800.0,7810.0,Call GEX 1,GEX,524494.344,7551.566073494444,9243.355936581744
2026-09-01 10:33:27,7800.0,7810.0,Put VEX 2,VEX,-1683782.226,7551.566073494444,9243.355936581744
2026-09-01 10:33:27,7850.0,7860.0,Call GEX 4,GEX,278148.955,7551.566073494444,9243.355936581744
2026-09-01 10:33:27,7900.0,7910.0,Call GEX 2,GEX,376718.086,7551.566073494444,9243.355936581744
2026-09-01 10:33:27,7900.0,7910.0,Put VEX 4,VEX,-974904.478,7551.566073494444,9243.355936581744
2026-09-01 10:33:27,7950.0,7960.0,Call GEX 5,GEX,164739.368,7551.566073494444,9243.355936581744
2026-09-01 10:33:27,8000.0,8010.25,Put CEX 1,CEX,-3129899.66,7551.566073494444,9243.355936581744
2026-09-01 10:33:27,8000.0,8010.25,Put DEX 1,DEX,-2529.14,7551.566073494444,9243.355936581744
2026-09-01 10:33:27,8000.0,8010.25,Put GEX 3,GEX,-420882.647,7551.566073494444,9243.355936581744
2026-09-01 10:33:27,8000.0,8010.25,Put VEX 1,VEX,-10269187.985,7551.566073494444,9243.355936581744
2026-09-01 10:34:15,7000.0,7009.5,Call CEX 3,CEX,1445662.45,7530.78368875866,9242.726993070395
2026-09-01 10:34:15,7000.0,7009.5,Call DEX 1,DEX,875.9,7530.78368875866,9242.726993070395
2026-09-01 10:34:15,7000.0,7009.5,Put GEX 1,GEX,-702869.303,7530.78368875866,9242.726993070395
2026-09-01 10:34:15,7000.0,7009.5,Call VEX 1,VEX,6604288.417,7530.78368875866,9242.726993070395
2026-09-01 10:34:15,7300.0,7310.0,Call DEX 2,DEX,261.981,7530.78368875866,9242.726993070395
2026-09-01 10:34:15,7300.0,7310.0,Call VEX 5,VEX,1601321.702,7530.78368875866,9242.726993070395
2026-09-01 10:34:15,7400.0,7410.0,Call DEX 4,DEX,207.857,7530.78368875866,9242.726993070395
2026-09-01 10:34:15,7400.0,7410.0,Call VEX 3,VEX,2106826.073,7530.78368875866,9242.726993070395
2026-09-01 10:34:15,7450.0,7460.25,Call DEX 3,DEX,214.381,7530.78368875866,9242.726993070395
2026-09-01 10:34:15,7450.0,7460.25,Call VEX 4,VEX,1861817.168,7530.78368875866,9242.726993070395
2026-09-01 10:34:15,7500.0,7510.25,Call CEX 4,CEX,1432460.177,7530.78368875866,9242.726993070395
2026-09-01 10:34:15,7500.0,7510.25,Call DEX 5,DEX,156.022,7530.78368875866,9242.726993070395
2026-09-01 10:34:15,7500.0,7510.25,Put GEX 2,GEX,-569063.509,7530.78368875866,9242.726993070395
2026-09-01 10:34:15,7500.0,7510.25,Call VEX 2,VEX,2933101.157,7530.78368875866,9242.726993070395
2026-09-01 10:34:15,7515.0,7525.25,Call CEX 5,CEX,1407409.454,7530.78368875866,9242.726993070395
2026-09-01 10:34:15,7550.0,7560.25,Put GEX 4,GEX,-369200.536,7530.78368875866,9242.726993070395
2026-09-01 10:34:15,7600.0,7610.25,Call CEX 1,CEX,2198733.908,7530.78368875866,9242.726993070395
2026-09-01 10:34:15,7625.0,7635.5,Call CEX 2,CEX,1610911.884,7530.78368875866,9242.726993070395
2026-09-01 10:34:15,7625.0,7635.5,Put GEX 5,GEX,-357319.195,7530.78368875866,9242.726993070395
2026-09-01 10:34:15,7650.0,7660.5,Put CEX 2,CEX,-2439044.116,7530.78368875866,9242.726993070395
2026-09-01 10:34:15,7650.0,7660.5,Put DEX 4,DEX,-61.337,7530.78368875866,9242.726993070395
2026-09-01 10:34:15,7675.0,7685.5,Put CEX 5,CEX,-1157510.038,7530.78368875866,9242.726993070395
2026-09-01 10:34:15,7700.0,7710.5,Put CEX 3,CEX,-1413812.432,7530.78368875866,9242.726993070395
2026-09-01 10:34:15,7700.0,7710.5,Put DEX 2,DEX,-169.678,7530.78368875866,9242.726993070395
2026-09-01 10:34:15,7700.0,7710.5,Put VEX 5,VEX,-859386.28,7530.78368875866,9242.726993070395
2026-09-01 10:34:15,7750.0,7760.5,Put CEX 4,CEX,-1231099.771,7530.78368875866,9242.726993070395
2026-09-01 10:34:15,7750.0,7760.5,Put DEX 3,DEX,-78.75,7530.78368875866,9242.726993070395
2026-09-01 10:34:15,7750.0,7760.5,Call GEX 3,GEX,294719.842,7530.78368875866,9242.726993070395
2026-09-01 10:34:15,7750.0,7760.5,Put VEX 3,VEX,-1055994.903,7530.78368875866,9242.726993070395
2026-09-01 10:34:15,7800.0,7810.5,Put DEX 5,DEX,-60.752,7530.78368875866,9242.726993070395
2026-09-01 10:34:15,7800.0,7810.5,Call GEX 1,GEX,524177.052,7530.78368875866,9242.726993070395
2026-09-01 10:34:15,7800.0,7810.5,Put VEX 2,VEX,-1679819.6,7530.78368875866,9242.726993070395
2026-09-01 10:34:15,7850.0,7860.75,Call GEX 4,GEX,278139.561,7530.78368875866,9242.726993070395
2026-09-01 10:34:15,7900.0,7910.75,Call GEX 2,GEX,376606.052,7530.78368875866,9242.726993070395
2026-09-01 10:34:15,7900.0,7910.75,Put VEX 4,VEX,-976130.825,7530.78368875866,9242.726993070395
2026-09-01 10:34:15,7950.0,7960.75,Call GEX 5,GEX,164793.724,7530.78368875866,9242.726993070395
2026-09-01 10:34:15,8000.0,8011.0,Put CEX 1,CEX,-3116711.993,7530.78368875866,9242.726993070395
2026-09-01 10:34:15,8000.0,8011.0,Put DEX 1,DEX,-2540.679,7530.78368875866,9242.726993070395
2026-09-01 10:34:15,8000.0,8011.0,Put GEX 3,GEX,-406272.032,7530.78368875866,9242.726993070395
2026-09-01 10:34:15,8000.0,8011.0,Put VEX 1,VEX,-10252608.96,7530.78368875866,9242.726993070395
2026-09-01 10:35:02,7000.0,7008.75,Call CEX 3,CEX,1411426.728,7550.2110039257,9241.4551173227
2026-09-01 10:35:02,7000.0,7008.75,Call DEX 1,DEX,886.846,7550.2110039257,9241.4551173227
2026-09-01 10:35:02,7000.0,7008.75,Put GEX 1,GEX,-741765.358,7550.2110039257,9241.4551173227
2026-09-01 10:35:02,7000.0,7008.75,Call VEX 1,VEX,6306402.463,7550.2110039257,9241.4551173227
2026-09-01 10:35:02,7300.0,7309.25,Call DEX 2,DEX,263.609,7550.2110039257,9241.4551173227
2026-09-01 10:35:02,7300.0,7309.25,Call VEX 5,VEX,1583930.849,7550.2110039257,9241.4551173227
2026-09-01 10:35:02,7400.0,7409.25,Call DEX 3,DEX,208.094,7550.2110039257,9241.4551173227
2026-09-01 10:35:02,7400.0,7409.25,Call VEX 3,VEX,2105293.72,7550.2110039257,9241.4551173227
2026-09-01 10:35:02,7450.0,7459.5,Call DEX 4,DEX,206.561,7550.2110039257,9241.4551173227
2026-09-01 10:35:02,7450.0,7459.5,Call VEX 4,VEX,1859091.884,7550.2110039257,9241.4551173227
2026-09-01 10:35:02,7500.0,7509.5,Call CEX 4,CEX,1397854.253,7550.2110039257,9241.4551173227
2026-09-01 10:35:02,7500.0,7509.5,Call DEX 5,DEX,156.632,7550.2110039257,9241.4551173227
2026-09-01 10:35:02,7500.0,7509.5,Put GEX 2,GEX,-564187.876,7550.2110039257,9241.4551173227
2026-09-01 10:35:02,7500.0,7509.5,Call VEX 2,VEX,2947035.296,7550.2110039257,9241.4551173227
2026-09-01 10:35:02,7550.0,7559.5,Put GEX 4,GEX,-362753.867,7550.2110039257,9241.4551173227
2026-09-01 10:35:02,7600.0,7609.5,Call CEX 1,CEX,1780862.514,7550.2110039257,9241.4551173227
2026-09-01 10:35:02,7610.0,7619.75,Call CEX 5,CEX,1252864.52,7550.2110039257,9241.4551173227
2026-09-01 10:35:02,7625.0,7634.75,Call CEX 2,CEX,1777875.633,7550.2110039257,9241.4551173227
2026-09-01 10:35:02,7650.0,7659.75,Put CEX 3,CEX,-2280891.626,7550.2110039257,9241.4551173227
2026-09-01 10:35:02,7650.0,7659.75,Put DEX 5,DEX,-57.37,7550.2110039257,9241.4551173227
2026-09-01 10:35:02,7650.0,7659.75,Put GEX 5,GEX,-339315.672,7550.2110039257,9241.4551173227
2026-09-01 10:35:02,7675.0,7684.75,Put CEX 2,CEX,-2339797.879,7550.2110039257,9241.4551173227
2026-09-01 10:35:02,7690.0,7699.75,Put CEX 5,CEX,-1548906.261,7550.2110039257,9241.4551173227
2026-09-01 10:35:02,7700.0,7709.75,Put CEX 4,CEX,-2108378.18,7550.2110039257,9241.4551173227
2026-09-01 10:35:02,7700.0,7709.75,Put DEX 2,DEX,-177.222,7550.2110039257,9241.4551173227
2026-09-01 10:35:02,7700.0,7709.75,Put VEX 5,VEX,-845145.961,7550.2110039257,9241.4551173227
2026-09-01 10:35:02,7750.0,7759.75,Put DEX 3,DEX,-82.212,7550.2110039257,9241.4551173227
2026-09-01 10:35:02,7750.0,7759.75,Call GEX 3,GEX,292590.271,7550.2110039257,9241.4551173227
2026-09-01 10:35:02,7750.0,7759.75,Put VEX 3,VEX,-1054516.284,7550.2110039257,9241.4551173227
2026-09-01 10:35:02,7800.0,7810.0,Put DEX 4,DEX,-60.787,7550.2110039257,9241.4551173227
2026-09-01 10:35:02,7800.0,7810.0,Call GEX 1,GEX,530501.986,7550.2110039257,9241.4551173227
2026-09-01 10:35:02,7800.0,7810.0,Put VEX 2,VEX,-1676715.174,7550.2110039257,9241.4551173227
2026-09-01 10:35:02,7850.0,7860.0,Call GEX 4,GEX,280552.863,7550.2110039257,9241.4551173227
2026-09-01 10:35:02,7900.0,7910.0,Call GEX 2,GEX,379947.852,7550.2110039257,9241.4551173227
2026-09-01 10:35:02,7900.0,7910.0,Put VEX 4,VEX,-977497.459,7550.2110039257,9241.4551173227
2026-09-01 10:35:02,7950.0,7960.0,Call GEX 5,GEX,166229.029,7550.2110039257,9241.4551173227
2026-09-01 10:35:02,8000.0,8010.25,Put CEX 1,CEX,-3145716.569,7550.2110039257,9241.4551173227
2026-09-01 10:35:02,8000.0,8010.25,Put DEX 1,DEX,-2528.751,7550.2110039257,9241.4551173227
2026-09-01 10:35:02,8000.0,8010.25,Put GEX 3,GEX,-413193.573,7550.2110039257,9241.4551173227
2026-09-01 10:35:02,8000.0,8010.25,Put VEX 1,VEX,-10289673.048,7550.2110039257,9241.4551173227
2026-09-01 10:35:51,7000.0,7009.5,Call CEX 3,CEX,1406218.657,7538.306116832444,9239.097508499352
2026-09-01 10:35:51,7000.0,7009.5,Call DEX 1,DEX,889.198,7538.306116832444,9239.097508499352
2026-09-01 10:35:51,7000.0,7009.5,Put GEX 1,GEX,-733695.165,7538.306116832444,9239.097508499352
2026-09-01 10:35:51,7000.0,7009.5,Call VEX 1,VEX,6300362.873,7538.306116832444,9239.097508499352
2026-09-01 10:35:51,7300.0,7309.75,Call DEX 2,DEX,263.974,7538.306116832444,9239.097508499352
2026-09-01 10:35:51,7300.0,7309.75,Call VEX 5,VEX,1590117.959,7538.306116832444,9239.097508499352
2026-09-01 10:35:51,7400.0,7410.0,Call DEX 3,DEX,209.67,7538.306116832444,9239.097508499352
2026-09-01 10:35:51,7400.0,7410.0,Call VEX 3,VEX,2108716.183,7538.306116832444,9239.097508499352
2026-09-01 10:35:51,7450.0,7460.0,Call DEX 4,DEX,208.042,7538.306116832444,9239.097508499352
2026-09-01 10:35:51,7450.0,7460.0,Call VEX 4,VEX,1862074.174,7538.306116832444,9239.097508499352
2026-09-01 10:35:51,7500.0,7510.0,Call CEX 4,CEX,1400871.939,7538.306116832444,9239.097508499352
2026-09-01 10:35:51,7500.0,7510.0,Call DEX 5,DEX,163.527,7538.306116832444,9239.097508499352
2026-09-01 10:35:51,7500.0,7510.0,Put GEX 2,GEX,-563299.292,7538.306116832444,9239.097508499352
2026-09-01 10:35:51,7500.0,7510.0,Call VEX 2,VEX,2961560.268,7538.306116832444,9239.097508499352
2026-09-01 10:35:51,7515.0,7525.0,Call CEX 5,CEX,1214132.9,7538.306116832444,9239.097508499352
2026-09-01 10:35:51,7550.0,7560.25,Put GEX 5,GEX,-362802.284,7538.306116832444,9239.097508499352
2026-09-01 10:35:51,7600.0,7610.25,Call CEX 1,CEX,1943107.744,7538.306116832444,9239.097508499352
2026-09-01 10:35:51,7625.0,7635.25,Call CEX 2,CEX,1912580.524,7538.306116832444,9239.097508499352
2026-09-01 10:35:51,7650.0,7660.25,Put CEX 2,CEX,-2232529.363,7538.306116832444,9239.097508499352
2026-09-01 10:35:51,7650.0,7660.25,Put DEX 5,DEX,-55.057,7538.306116832444,9239.097508499352
2026-09-01 10:35:51,7650.0,7660.25,Put GEX 4,GEX,-365535.589,7538.306116832444,9239.097508499352
2026-09-01 10:35:51,7675.0,7685.25,Put CEX 3,CEX,-2189853.124,7538.306116832444,9239.097508499352
2026-09-01 10:35:51,7700.0,7710.25,Put CEX 4,CEX,-1920741.96,7538.306116832444,9239.097508499352
2026-09-01 10:35:51,7700.0,7710.25,Put DEX 2,DEX,-174.278,7538.306116832444,9239.097508499352
2026-09-01 10:35:51,7700.0,7710.25,Put VEX 5,VEX,-816994.293,7538.306116832444,9239.097508499352
2026-09-01 10:35:51,7750.0,7760.5,Put CEX 5,CEX,-1406899.718,7538.306116832444,9239.097508499352
2026-09-01 10:35:51,7750.0,7760.5,Put DEX 3,DEX,-80.862,7538.306116832444,9239.097508499352
2026-09-01 10:35:51,7750.0,7760.5,Call GEX 3,GEX,296995.674,7538.306116832444,9239.097508499352
2026-09-01 10:35:51,7750.0,7760.5,Put VEX 3,VEX,-1042546.6,7538.306116832444,9239.097508499352
2026-09-01 10:35:51,7800.0,7810.5,Put DEX 4,DEX,-59.323,7538.306116832444,9239.097508499352
2026-09-01 10:35:51,7800.0,7810.5,Call GEX 1,GEX,534183.259,7538.306116832444,9239.097508499352
2026-09-01 10:35:51,7800.0,7810.5,Put VEX 2,VEX,-1670038.209,7538.306116832444,9239.097508499352
2026-09-01 10:35:51,7850.0,7860.5,Call GEX 4,GEX,282739.919,7538.306116832444,9239.097508499352
2026-09-01 10:35:51,7900.0,7910.75,Call GEX 2,GEX,382789.02,7538.306116832444,9239.097508499352
2026-09-01 10:35:51,7900.0,7910.75,Put VEX 4,VEX,-978142.069,7538.306116832444,9239.097508499352
2026-09-01 10:35:51,7950.0,7960.75,Call GEX 5,GEX,167207.922,7538.306116832444,9239.097508499352
2026-09-01 10:35:51,8000.0,8010.75,Put CEX 1,CEX,-3129865.34,7538.306116832444,9239.097508499352
2026-09-01 10:35:51,8000.0,8010.75,Put DEX 1,DEX,-2532.822,7538.306116832444,9239.097508499352
2026-09-01 10:35:51,8000.0,8010.75,Put GEX 3,GEX,-403832.459,7538.306116832444,9239.097508499352
2026-09-01 10:35:51,8000.0,8010.75,Put VEX 1,VEX,-10266965.543,7538.306116832444,9239.097508499352
2026-09-01 10:36:40,7000.0,7008.5,Call CEX 4,CEX,1380865.121,7537.263866803359,9240.435219862926
2026-09-01 10:36:40,7000.0,7008.5,Call DEX 1,DEX,894.463,7537.263866803359,9240.435219862926
2026-09-01 10:36:40,7000.0,7008.5,Put GEX 1,GEX,-766140.011,7537.263866803359,9240.435219862926
2026-09-01 10:36:40,7000.0,7008.5,Call VEX 1,VEX,6071001.915,7537.263866803359,9240.435219862926
2026-09-01 10:36:40,7300.0,7309.0,Call DEX 2,DEX,266.117,7537.263866803359,9240.435219862926
2026-09-01 10:36:40,7300.0,7309.0,Call VEX 5,VEX,1561540.474,7537.263866803359,9240.435219862926
2026-09-01 10:36:40,7400.0,7409.0,Call DEX 3,DEX,211.12,7537.263866803359,9240.435219862926
2026-09-01 10:36:40,7400.0,7409.0,Call VEX 3,VEX,2103364.009,7537.263866803359,9240.435219862926
2026-09-01 10:36:40,7450.0,7459.25,Call DEX 4,DEX,209.274,7537.263866803359,9240.435219862926
2026-09-01 10:36:40,7450.0,7459.25,Call VEX 4,VEX,1862480.64,7537.263866803359,9240.435219862926
2026-09-01 10:36:40,7500.0,7509.25,Call CEX 3,CEX,1396213.681,7537.263866803359,9240.435219862926
2026-09-01 10:36:40,7500.0,7509.25,Call DEX 5,DEX,161.31,7537.263866803359,9240.435219862926
2026-09-01 10:36:40,7500.0,7509.25,Put GEX 2,GEX,-559837.863,7537.263866803359,9240.435219862926
2026-09-01 10:36:40,7500.0,7509.25,Call VEX 2,VEX,2962661.261,7537.263866803359,9240.435219862926
2026-09-01 10:36:40,7550.0,7559.25,Call CEX 5,CEX,1213911.8,7537.263866803359,9240.435219862926
2026-09-01 10:36:40,7550.0,7559.25,Put GEX 4,GEX,-357290.869,7537.263866803359,9240.435219862926
2026-09-01 10:36:40,7600.0,7609.25,Call CEX 2,CEX,1701464.984,7537.263866803359,9240.435219862926
2026-09-01 10:36:40,7625.0,7634.25,Call CEX 1,CEX,1930789.193,7537.263866803359,9240.435219862926
2026-09-01 10:36:40,7650.0,7659.5,Put CEX 3,CEX,-2182133.679,7537.263866803359,9240.435219862926
2026-09-01 10:36:40,7650.0,7659.5,Put DEX 5,DEX,-54.824,7537.263866803359,9240.435219862926
2026-09-01 10:36:40,7650.0,7659.5,Put GEX 5,GEX,-338712.469,7537.263866803359,9240.435219862926
2026-09-01 10:36:40,7675.0,7684.5,Put CEX 2,CEX,-2442106.953,7537.263866803359,9240.435219862926
2026-09-01 10:36:40,7690.0,7699.5,Put CEX 5,CEX,-1633694.013,7537.263866803359,9240.435219862926
2026-09-01 10:36:40,7700.0,7709.5,Put CEX 4,CEX,-2160188.327,7537.263866803359,9240.435219862926
2026-09-01 10:36:40,7700.0,7709.5,Put DEX 2,DEX,-173.957,7537.263866803359,9240.435219862926
2026-09-01 10:36:40,7700.0,7709.5,Put VEX 5,VEX,-824254.92,7537.263866803359,9240.435219862926
2026-09-01 10:36:40,7750.0,7759.5,Put DEX 3,DEX,-80.392,7537.263866803359,9240.435219862926
2026-09-01 10:36:40,7750.0,7759.5,Call GEX 3,GEX,295834.539,7537.263866803359,9240.435219862926
2026-09-01 10:36:40,7750.0,7759.5,Put VEX 3,VEX,-1048601.518,7537.263866803359,9240.435219862926
2026-09-01 10:36:40,7800.0,7809.5,Put DEX 4,DEX,-58.992,7537.263866803359,9240.435219862926
2026-09-01 10:36:40,7800.0,7809.5,Call GEX 1,GEX,535745.279,7537.263866803359,9240.435219862926
2026-09-01 10:36:40,7800.0,7809.5,Put VEX 2,VEX,-1671334.587,7537.263866803359,9240.435219862926
2026-09-01 10:36:40,7850.0,7859.75,Call GEX 4,GEX,282670.99,7537.263866803359,9240.435219862926
2026-09-01 10:36:40,7900.0,7909.75,Call GEX 2,GEX,382269.512,7537.263866803359,9240.435219862926
2026-09-01 10:36:40,7900.0,7909.75,Put VEX 4,VEX,-976871.543,7537.263866803359,9240.435219862926
2026-09-01 10:36:40,7950.0,7959.75,Call GEX 5,GEX,166896.754,7537.263866803359,9240.435219862926
2026-09-01 10:36:40,8000.0,8009.75,Put CEX 1,CEX,-3154405.692,7537.263866803359,9240.435219862926
2026-09-01 10:36:40,8000.0,8009.75,Put DEX 1,DEX,-2520.377,7537.263866803359,9240.435219862926
2026-09-01 10:36:40,8000.0,8009.75,Put GEX 3,GEX,-427126.089,7537.263866803359,9240.435219862926
2026-09-01 10:36:40,8000.0,8009.75,Put VEX 1,VEX,-10308811.446,7537.263866803359,9240.435219862926
2026-09-01 10:37:27,7000.0,7009.25,Call CEX 4,CEX,1399255.57,7549.09501145508,9244.730477383291
2026-09-01 10:37:27,7000.0,7009.25,Call DEX 1,DEX,894.176,7549.09501145508,9244.730477383291
2026-09-01 10:37:27,7000.0,7009.25,Put GEX 1,GEX,-746537.594,7549.09501145508,9244.730477383291
2026-09-01 10:37:27,7000.0,7009.25,Call VEX 1,VEX,6230563.142,7549.09501145508,9244.730477383291
2026-09-01 10:37:27,7300.0,7309.75,Call DEX 2,DEX,264.415,7549.09501145508,9244.730477383291
2026-09-01 10:37:27,7300.0,7309.75,Call VEX 5,VEX,1584389.125,7549.09501145508,9244.730477383291
2026-09-01 10:37:27,7400.0,7409.75,Call DEX 3,DEX,210.209,7549.09501145508,9244.730477383291
2026-09-01 10:37:27,7400.0,7409.75,Call VEX 3,VEX,2106251.19,7549.09501145508,9244.730477383291
2026-09-01 10:37:27,7450.0,7460.0,Call DEX 4,DEX,207.445,7549.09501145508,9244.730477383291
2026-09-01 10:37:27,7450.0,7460.0,Call VEX 4,VEX,1860003.727,7549.09501145508,9244.730477383291
2026-09-01 10:37:27,7500.0,7510.0,Call CEX 3,CEX,1403097.869,7549.09501145508,9244.730477383291
2026-09-01 10:37:27,7500.0,7510.0,Call DEX 5,DEX,160.367,7549.09501145508,9244.730477383291
2026-09-01 10:37:27,7500.0,7510.0,Put GEX 2,GEX,-565848.334,7549.09501145508,9244.730477383291
2026-09-01 10:37:27,7500.0,7510.0,Call VEX 2,VEX,2949508.012,7549.09501145508,9244.730477383291
2026-09-01 10:37:27,7550.0,7560.0,Put GEX 4,GEX,-365020.856,7549.09501145508,9244.730477383291
2026-09-01 10:37:27,7600.0,7610.0,Call CEX 1,CEX,1871350.793,7549.09501145508,9244.730477383291
2026-09-01 10:37:27,7610.0,7620.0,Call CEX 5,CEX,1236604.852,7549.09501145508,9244.730477383291
2026-09-01 10:37:27,7625.0,7635.0,Call CEX 2,CEX,1815602.934,7549.09501145508,9244.730477383291
2026-09-01 10:37:27,7650.0,7660.25,Put CEX 2,CEX,-2374530.005,7549.09501145508,9244.730477383291
2026-09-01 10:37:27,7650.0,7660.25,Put DEX 5,DEX,-58.181,7549.09501145508,9244.730477383291
2026-09-01 10:37:27,7650.0,7660.25,Put GEX 5,GEX,-347107.73,7549.09501145508,9244.730477383291
2026-09-01 10:37:27,7675.0,7685.25,Put CEX 3,CEX,-2242072.775,7549.09501145508,9244.730477383291
2026-09-01 10:37:27,7700.0,7710.25,Put CEX 4,CEX,-2003465.719,7549.09501145508,9244.730477383291
2026-09-01 10:37:27,7700.0,7710.25,Put DEX 2,DEX,-178.77,7549.09501145508,9244.730477383291
2026-09-01 10:37:27,7700.0,7710.25,Put VEX 5,VEX,-849098.107,7549.09501145508,9244.730477383291
2026-09-01 10:37:27,7750.0,7760.25,Put CEX 5,CEX,-1456561.403,7549.09501145508,9244.730477383291
2026-09-01 10:37:27,7750.0,7760.25,Put DEX 3,DEX,-83.143,7549.09501145508,9244.730477383291
2026-09-01 10:37:27,7750.0,7760.25,Call GEX 3,GEX,294603.339,7549.09501145508,9244.730477383291
2026-09-01 10:37:27,7750.0,7760.25,Put VEX 3,VEX,-1054946.632,7549.09501145508,9244.730477383291
2026-09-01 10:37:27,7800.0,7810.25,Put DEX 4,DEX,-61.984,7549.09501145508,9244.730477383291
2026-09-01 10:37:27,7800.0,7810.25,Call GEX 1,GEX,530369.024,7549.09501145508,9244.730477383291
2026-09-01 10:37:27,7800.0,7810.25,Put VEX 2,VEX,-1677340.708,7549.09501145508,9244.730477383291
2026-09-01 10:37:27,7850.0,7860.5,Call GEX 4,GEX,280707.163,7549.09501145508,9244.730477383291
2026-09-01 10:37:27,7900.0,7910.5,Call GEX 2,GEX,379674.638,7549.09501145508,9244.730477383291
2026-09-01 10:37:27,7900.0,7910.5,Put VEX 4,VEX,-975423.994,7549.09501145508,9244.730477383291
2026-09-01 10:37:27,7950.0,7960.5,Call GEX 5,GEX,165884.02,7549.09501145508,9244.730477383291
2026-09-01 10:37:27,8000.0,8010.5,Put CEX 1,CEX,-3126924.999,7549.09501145508,9244.730477383291
2026-09-01 10:37:27,8000.0,8010.5,Put DEX 1,DEX,-2530.281,7549.09501145508,9244.730477383291
2026-09-01 10:37:27,8000.0,8010.5,Put GEX 3,GEX,-419605.717,7549.09501145508,9244.730477383291
2026-09-01 10:37:27,8000.0,8010.5,Put VEX 1,VEX,-10269794.35,7549.09501145508,9244.730477383291
2026-09-01 10:38:15,7000.0,7009.5,Call CEX 3,CEX,1428199.452,7532.214833142443,9247.274296829612
2026-09-01 10:38:15,7000.0,7009.5,Call DEX 1,DEX,922.692,7532.214833142443,9247.274296829612
2026-09-01 10:38:15,7000.0,7009.5,Put GEX 1,GEX,-718719.101,7532.214833142443,9247.274296829612
2026-09-01 10:38:15,7000.0,7009.5,Call VEX 1,VEX,6434318.121,7532.214833142443,9247.274296829612
2026-09-01 10:38:15,7300.0,7310.0,Call DEX 2,DEX,263.968,7532.214833142443,9247.274296829612
2026-09-01 10:38:15,7300.0,7310.0,Call VEX 5,VEX,1593498.931,7532.214833142443,9247.274296829612
2026-09-01 10:38:15,7400.0,7410.0,Call DEX 4,DEX,209.987,7532.214833142443,9247.274296829612
2026-09-01 10:38:15,7400.0,7410.0,Call VEX 3,VEX,2107668.522,7532.214833142443,9247.274296829612
2026-09-01 10:38:15,7450.0,7460.25,Call DEX 3,DEX,217.013,7532.214833142443,9247.274296829612
2026-09-01 10:38:15,7450.0,7460.25,Call VEX 4,VEX,1862777.029,7532.214833142443,9247.274296829612
2026-09-01 10:38:15,7500.0,7510.25,Call CEX 4,CEX,1425548.081,7532.214833142443,9247.274296829612
2026-09-01 10:38:15,7500.0,7510.25,Call DEX 5,DEX,159.871,7532.214833142443,9247.274296829612
2026-09-01 10:38:15,7500.0,7510.25,Put GEX 2,GEX,-567201.074,7532.214833142443,9247.274296829612
2026-09-01 10:38:15,7500.0,7510.25,Call VEX 2,VEX,2946496.956,7532.214833142443,9247.274296829612
2026-09-01 10:38:15,7550.0,7560.25,Put GEX 4,GEX,-367645.056,7532.214833142443,9247.274296829612
2026-09-01 10:38:15,7600.0,7610.25,Call CEX 1,CEX,2078163.632,7532.214833142443,9247.274296829612
2026-09-01 10:38:15,7610.0,7620.25,Call CEX 5,CEX,1251748.921,7532.214833142443,9247.274296829612
2026-09-01 10:38:15,7625.0,7635.25,Call CEX 2,CEX,1782880.703,7532.214833142443,9247.274296829612
2026-09-01 10:38:15,7650.0,7660.5,Put CEX 2,CEX,-2460839.927,7532.214833142443,9247.274296829612
2026-09-01 10:38:15,7650.0,7660.5,Put DEX 5,DEX,-59.669,7532.214833142443,9247.274296829612
2026-09-01 10:38:15,7650.0,7660.5,Put GEX 5,GEX,-359015.37,7532.214833142443,9247.274296829612
2026-09-01 10:38:15,7675.0,7685.5,Put CEX 4,CEX,-1507927.718,7532.214833142443,9247.274296829612
2026-09-01 10:38:15,7700.0,7710.5,Put CEX 3,CEX,-1511817.255,7532.214833142443,9247.274296829612
2026-09-01 10:38:15,7700.0,7710.5,Put DEX 2,DEX,-180.645,7532.214833142443,9247.274296829612
2026-09-01 10:38:15,7700.0,7710.5,Put VEX 5,VEX,-845548.384,7532.214833142443,9247.274296829612
2026-09-01 10:38:15,7750.0,7760.5,Put CEX 5,CEX,-1240413.788,7532.214833142443,9247.274296829612
2026-09-01 10:38:15,7750.0,7760.5,Put DEX 3,DEX,-78.021,7532.214833142443,9247.274296829612
2026-09-01 10:38:15,7750.0,7760.5,Call GEX 3,GEX,298225.054,7532.214833142443,9247.274296829612
2026-09-01 10:38:15,7750.0,7760.5,Put VEX 3,VEX,-1050668.309,7532.214833142443,9247.274296829612
2026-09-01 10:38:15,7800.0,7810.5,Put DEX 4,DEX,-60.195,7532.214833142443,9247.274296829612
2026-09-01 10:38:15,7800.0,7810.5,Call GEX 1,GEX,529013.726,7532.214833142443,9247.274296829612
2026-09-01 10:38:15,7800.0,7810.5,Put VEX 2,VEX,-1676413.07,7532.214833142443,9247.274296829612
2026-09-01 10:38:15,7850.0,7860.75,Call GEX 4,GEX,279687.142,7532.214833142443,9247.274296829612
2026-09-01 10:38:15,7900.0,7910.75,Call GEX 2,GEX,378335.361,7532.214833142443,9247.274296829612
2026-09-01 10:38:15,7900.0,7910.75,Put VEX 4,VEX,-974023.162,7532.214833142443,9247.274296829612
2026-09-01 10:38:15,7950.0,7960.75,Call GEX 5,GEX,165479.131,7532.214833142443,9247.274296829612
2026-09-01 10:38:15,8000.0,8010.75,Put CEX 1,CEX,-3102990.31,7532.214833142443,9247.274296829612
2026-09-01 10:38:15,8000.0,8010.75,Put DEX 1,DEX,-2539.41,7532.214833142443,9247.274296829612
2026-09-01 10:38:15,8000.0,8010.75,Put GEX 3,GEX,-410422.445,7532.214833142443,9247.274296829612
2026-09-01 10:38:15,8000.0,8010.75,Put VEX 1,VEX,-10234387.483,7532.214833142443,9247.274296829612
2026-09-01 10:39:02,7000.0,7010.0,Call CEX 3,CEX,1462649.41,7530.514911590534,9244.876356505549
2026-09-01 10:39:02,7000.0,7010.0,Call DEX 1,DEX,915.466,7530.514911590534,9244.876356505549
2026-09-01 10:39:02,7000.0,7010.0,Put GEX 1,GEX,-696288.783,7530.514911590534,9244.876356505549
2026-09-01 10:39:02,7000.0,7010.0,Call VEX 1,VEX,6609510.047,7530.514911590534,9244.876356505549
2026-09-01 10:39:02,7300.0,7310.5,Call DEX 2,DEX,262.096,7530.514911590534,9244.876356505549
2026-09-01 10:39:02,7300.0,7310.5,Call VEX 5,VEX,1607262.562,7530.514911590534,9244.876356505549
2026-09-01 10:39:02,7400.0,7410.5,Call DEX 4,DEX,207.831,7530.514911590534,9244.876356505549
2026-09-01 10:39:02,7400.0,7410.5,Call VEX 3,VEX,2108871.095,7530.514911590534,9244.876356505549
2026-09-01 10:39:02,7450.0,7460.75,Call DEX 3,DEX,214.816,7530.514911590534,9244.876356505549
2026-09-01 10:39:02,7450.0,7460.75,Call VEX 4,VEX,1862594.181,7530.514911590534,9244.876356505549
2026-09-01 10:39:02,7500.0,7510.75,Call CEX 4,CEX,1445535.909,7530.514911590534,9244.876356505549
2026-09-01 10:39:02,7500.0,7510.75,Call DEX 5,DEX,155.764,7530.514911590534,9244.876356505549
2026-09-01 10:39:02,7500.0,7510.75,Put GEX 2,GEX,-572569.089,7530.514911590534,9244.876356505549
2026-09-01 10:39:02,7500.0,7510.75,Call VEX 2,VEX,2932479.498,7530.514911590534,9244.876356505549
2026-09-01 10:39:02,7550.0,7560.75,Put GEX 4,GEX,-372568.474,7530.514911590534,9244.876356505549
2026-09-01 10:39:02,7600.0,7611.0,Call CEX 1,CEX,2185844.465,7530.514911590534,9244.876356505549
2026-09-01 10:39:02,7610.0,7621.0,Call CEX 5,CEX,1287144.331,7530.514911590534,9244.876356505549
2026-09-01 10:39:02,7625.0,7636.0,Call CEX 2,CEX,1650190.459,7530.514911590534,9244.876356505549
2026-09-01 10:39:02,7625.0,7636.0,Put GEX 5,GEX,-371301.115,7530.514911590534,9244.876356505549
2026-09-01 10:39:02,7650.0,7661.0,Put CEX 2,CEX,-2508294.217,7530.514911590534,9244.876356505549
2026-09-01 10:39:02,7650.0,7661.0,Put DEX 4,DEX,-62.479,7530.514911590534,9244.876356505549
2026-09-01 10:39:02,7675.0,7686.0,Put CEX 5,CEX,-1108868.048,7530.514911590534,9244.876356505549
2026-09-01 10:39:02,7700.0,7711.0,Put CEX 3,CEX,-1420275.995,7530.514911590534,9244.876356505549
2026-09-01 10:39:02,7700.0,7711.0,Put DEX 2,DEX,-171.184,7530.514911590534,9244.876356505549
2026-09-01 10:39:02,7700.0,7711.0,Put VEX 5,VEX,-866390.521,7530.514911590534,9244.876356505549
2026-09-01 10:39:02,7750.0,7761.25,Put CEX 4,CEX,-1220847.279,7530.514911590534,9244.876356505549
2026-09-01 10:39:02,7750.0,7761.25,Put DEX 3,DEX,-80.145,7530.514911590534,9244.876356505549
2026-09-01 10:39:02,7750.0,7761.25,Call GEX 3,GEX,297228.447,7530.514911590534,9244.876356505549
2026-09-01 10:39:02,7750.0,7761.25,Put VEX 3,VEX,-1055013.174,7530.514911590534,9244.876356505549
2026-09-01 10:39:02,7800.0,7811.25,Put DEX 5,DEX,-61.621,7530.514911590534,9244.876356505549
2026-09-01 10:39:02,7800.0,7811.25,Call GEX 1,GEX,523130.337,7530.514911590534,9244.876356505549
2026-09-01 10:39:02,7800.0,7811.25,Put VEX 2,VEX,-1679034.255,7530.514911590534,9244.876356505549
2026-09-01 10:39:02,7850.0,7861.25,Call GEX 4,GEX,277465.774,7530.514911590534,9244.876356505549
2026-09-01 10:39:02,7900.0,7911.25,Call GEX 2,GEX,375881.368,7530.514911590534,9244.876356505549
2026-09-01 10:39:02,7900.0,7911.25,Put VEX 4,VEX,-973716.145,7530.514911590534,9244.876356505549
2026-09-01 10:39:02,7950.0,7961.5,Call GEX 5,GEX,164237.096,7530.514911590534,9244.876356505549
2026-09-01 10:39:02,8000.0,8011.5,Put CEX 1,CEX,-3069076.373,7530.514911590534,9244.876356505549
2026-09-01 10:39:02,8000.0,8011.5,Put DEX 1,DEX,-2524.993,7530.514911590534,9244.876356505549
2026-09-01 10:39:02,8000.0,8011.5,Put GEX 3,GEX,-400591.617,7530.514911590534,9244.876356505549
2026-09-01 10:39:02,8000.0,8011.5,Put VEX 1,VEX,-10192039.689,7530.514911590534,9244.876356505549
2026-09-01 10:39:50,7000.0,7009.5,Call CEX 4,CEX,1411082.4,7529.172206268209,9238.169851575773
2026-09-01 10:39:50,7000.0,7009.5,Call DEX 1,DEX,923.47,7529.172206268209,9238.169851575773
2026-09-01 10:39:50,7000.0,7009.5,Put GEX 1,GEX,-739577.659,7529.172206268209,9238.169851575773
2026-09-01 10:39:50,7000.0,7009.5,Call VEX 1,VEX,6279855.739,7529.172206268209,9238.169851575773
2026-09-01 10:39:50,7300.0,7310.0,Call DEX 2,DEX,264.471,7529.172206268209,9238.169851575773
2026-09-01 10:39:50,7300.0,7310.0,Call VEX 5,VEX,1583905.375,7529.172206268209,9238.169851575773
2026-09-01 10:39:50,7400.0,7410.0,Call DEX 4,DEX,210.871,7529.172206268209,9238.169851575773
2026-09-01 10:39:50,7400.0,7410.0,Call VEX 3,VEX,2106127.364,7529.172206268209,9238.169851575773
2026-09-01 10:39:50,7450.0,7460.25,Call DEX 3,DEX,218.268,7529.172206268209,9238.169851575773
2026-09-01 10:39:50,7450.0,7460.25,Call VEX 4,VEX,1863677.36,7529.172206268209,9238.169851575773
2026-09-01 10:39:50,7500.0,7510.25,Call CEX 3,CEX,1433302.682,7529.172206268209,9238.169851575773
2026-09-01 10:39:50,7500.0,7510.25,Call DEX 5,DEX,161.447,7529.172206268209,9238.169851575773
2026-09-01 10:39:50,7500.0,7510.25,Put GEX 2,GEX,-564810.676,7529.172206268209,9238.169851575773
2026-09-01 10:39:50,7500.0,7510.25,Call VEX 2,VEX,2951622.916,7529.172206268209,9238.169851575773
2026-09-01 10:39:50,7550.0,7560.25,Call CEX 5,CEX,1257021.385,7529.172206268209,9238.169851575773
2026-09-01 10:39:50,7550.0,7560.25,Put GEX 4,GEX,-364708.485,7529.172206268209,9238.169851575773
2026-09-01 10:39:50,7600.0,7610.5,Call CEX 1,CEX,2098036.444,7529.172206268209,9238.169851575773
2026-09-01 10:39:50,7625.0,7635.5,Call CEX 2,CEX,1852656.598,7529.172206268209,9238.169851575773
2026-09-01 10:39:50,7650.0,7660.5,Put CEX 2,CEX,-2451735.414,7529.172206268209,9238.169851575773
2026-09-01 10:39:50,7650.0,7660.5,Put DEX 5,DEX,-58.753,7529.172206268209,9238.169851575773
2026-09-01 10:39:50,7650.0,7660.5,Put GEX 5,GEX,-363455.412,7529.172206268209,9238.169851575773
2026-09-01 10:39:50,7675.0,7685.5,Put CEX 3,CEX,-1551487.657,7529.172206268209,9238.169851575773
2026-09-01 10:39:50,7700.0,7710.5,Put CEX 4,CEX,-1424598.087,7529.172206268209,9238.169851575773
2026-09-01 10:39:50,7700.0,7710.5,Put DEX 2,DEX,-166.24,7529.172206268209,9238.169851575773
2026-09-01 10:39:50,7700.0,7710.5,Put VEX 5,VEX,-835242.686,7529.172206268209,9238.169851575773
2026-09-01 10:39:50,7750.0,7760.5,Put CEX 5,CEX,-1250000.999,7529.172206268209,9238.169851575773
2026-09-01 10:39:50,7750.0,7760.5,Put DEX 3,DEX,-77.035,7529.172206268209,9238.169851575773
2026-09-01 10:39:50,7750.0,7760.5,Call GEX 3,GEX,298029.608,7529.172206268209,9238.169851575773
2026-09-01 10:39:50,7750.0,7760.5,Put VEX 3,VEX,-1049528.271,7529.172206268209,9238.169851575773
2026-09-01 10:39:50,7800.0,7810.75,Put DEX 4,DEX,-59.504,7529.172206268209,9238.169851575773
2026-09-01 10:39:50,7800.0,7810.75,Call GEX 1,GEX,528690.842,7529.172206268209,9238.169851575773
2026-09-01 10:39:50,7800.0,7810.75,Put VEX 2,VEX,-1673738.498,7529.172206268209,9238.169851575773
2026-09-01 10:39:50,7850.0,7860.75,Call GEX 4,GEX,279618.659,7529.172206268209,9238.169851575773
2026-09-01 10:39:50,7900.0,7910.75,Call GEX 2,GEX,378750.061,7529.172206268209,9238.169851575773
2026-09-01 10:39:50,7900.0,7910.75,Put VEX 4,VEX,-975029.206,7529.172206268209,9238.169851575773
2026-09-01 10:39:50,7950.0,7960.75,Call GEX 5,GEX,165601.91,7529.172206268209,9238.169851575773
2026-09-01 10:39:50,8000.0,8011.0,Put CEX 1,CEX,-3113305.533,7529.172206268209,9238.169851575773
2026-09-01 10:39:50,8000.0,8011.0,Put DEX 1,DEX,-2536.22,7529.172206268209,9238.169851575773
2026-09-01 10:39:50,8000.0,8011.0,Put GEX 3,GEX,-411513.674,7529.172206268209,9238.169851575773
2026-09-01 10:39:50,8000.0,8011.0,Put VEX 1,VEX,-10240137.929,7529.172206268209,9238.169851575773
2026-09-01 10:40:39,7000.0,7009.75,Call CEX 4,CEX,1421369.825,7528.615358489004,9238.612345979074
2026-09-01 10:40:39,7000.0,7009.75,Call DEX 1,DEX,888.233,7528.615358489004,9238.612345979074
2026-09-01 10:40:39,7000.0,7009.75,Put GEX 1,GEX,-718271.708,7528.615358489004,9238.612345979074
2026-09-01 10:40:39,7000.0,7009.75,Call VEX 1,VEX,6430168.262,7528.615358489004,9238.612345979074
2026-09-01 10:40:39,7300.0,7310.0,Call DEX 2,DEX,263.346,7528.615358489004,9238.612345979074
2026-09-01 10:40:39,7300.0,7310.0,Call VEX 5,VEX,1592961.771,7528.615358489004,9238.612345979074
2026-09-01 10:40:39,7400.0,7410.25,Call DEX 4,DEX,209.303,7528.615358489004,9238.612345979074
2026-09-01 10:40:39,7400.0,7410.25,Call VEX 3,VEX,2107196.752,7528.615358489004,9238.612345979074
2026-09-01 10:40:39,7450.0,7460.25,Call DEX 3,DEX,217.297,7528.615358489004,9238.612345979074
2026-09-01 10:40:39,7450.0,7460.25,Call VEX 4,VEX,1865133.701,7528.615358489004,9238.612345979074
2026-09-01 10:40:39,7500.0,7510.25,Call CEX 3,CEX,1438278.232,7528.615358489004,9238.612345979074
2026-09-01 10:40:39,7500.0,7510.25,Call DEX 5,DEX,161.218,7528.615358489004,9238.612345979074
2026-09-01 10:40:39,7500.0,7510.25,Put GEX 2,GEX,-566385.111,7528.615358489004,9238.612345979074
2026-09-01 10:40:39,7500.0,7510.25,Call VEX 2,VEX,2951492.262,7528.615358489004,9238.612345979074
2026-09-01 10:40:39,7550.0,7560.5,Call CEX 5,CEX,1259086.219,7528.615358489004,9238.612345979074
2026-09-01 10:40:39,7550.0,7560.5,Put GEX 5,GEX,-366031.845,7528.615358489004,9238.612345979074
2026-09-01 10:40:39,7600.0,7610.5,Call CEX 1,CEX,2104550.511,7528.615358489004,9238.612345979074
2026-09-01 10:40:39,7625.0,7635.5,Call CEX 2,CEX,1876191.635,7528.615358489004,9238.612345979074
2026-09-01 10:40:39,7650.0,7660.5,Put CEX 2,CEX,-2468851.921,7528.615358489004,9238.612345979074
2026-09-01 10:40:39,7650.0,7660.5,Put DEX 5,DEX,-58.652,7528.615358489004,9238.612345979074
2026-09-01 10:40:39,7650.0,7660.5,Put GEX 4,GEX,-367169.434,7528.615358489004,9238.612345979074
2026-09-01 10:40:39,7675.0,7685.5,Put CEX 5,CEX,-1156804.67,7528.615358489004,9238.612345979074
2026-09-01 10:40:39,7700.0,7710.5,Put CEX 3,CEX,-1426449.754,7528.615358489004,9238.612345979074
2026-09-01 10:40:39,7700.0,7710.5,Put DEX 2,DEX,-165.857,7528.615358489004,9238.612345979074
2026-09-01 10:40:39,7700.0,7710.5,Put VEX 5,VEX,-832840.308,7528.615358489004,9238.612345979074
2026-09-01 10:40:39,7750.0,7760.75,Put CEX 4,CEX,-1249880.34,7528.615358489004,9238.612345979074
2026-09-01 10:40:39,7750.0,7760.75,Put DEX 3,DEX,-76.969,7528.615358489004,9238.612345979074
2026-09-01 10:40:39,7750.0,7760.75,Call GEX 3,GEX,297737.937,7528.615358489004,9238.612345979074
2026-09-01 10:40:39,7750.0,7760.75,Put VEX 3,VEX,-1048395.833,7528.615358489004,9238.612345979074
2026-09-01 10:40:39,7800.0,7810.75,Put DEX 4,DEX,-59.649,7528.615358489004,9238.612345979074
2026-09-01 10:40:39,7800.0,7810.75,Call GEX 1,GEX,527986.969,7528.615358489004,9238.612345979074
2026-09-01 10:40:39,7800.0,7810.75,Put VEX 2,VEX,-1674645.595,7528.615358489004,9238.612345979074
2026-09-01 10:40:39,7850.0,7860.75,Call GEX 4,GEX,279827.748,7528.615358489004,9238.612345979074
2026-09-01 10:40:39,7900.0,7911.0,Call GEX 2,GEX,379049.618,7528.615358489004,9238.612345979074
2026-09-01 10:40:39,7900.0,7911.0,Put VEX 4,VEX,-974619.506,7528.615358489004,9238.612345979074
2026-09-01 10:40:39,7950.0,7961.0,Call GEX 5,GEX,165788.779,7528.615358489004,9238.612345979074
2026-09-01 10:40:39,8000.0,8011.0,Put CEX 1,CEX,-3112816.764,7528.615358489004,9238.612345979074
2026-09-01 10:40:39,8000.0,8011.0,Put DEX 1,DEX,-2539.149,7528.615358489004,9238.612345979074
2026-09-01 10:40:39,8000.0,8011.0,Put GEX 3,GEX,-411609.113,7528.615358489004,9238.612345979074
2026-09-01 10:40:39,8000.0,8011.0,Put VEX 1,VEX,-10240078.785,7528.615358489004,9238.612345979074
2026-09-01 10:41:27,7000.0,7009.25,Call CEX 3,CEX,1447703.367,7550.909246980351,9243.21670501075
2026-09-01 10:41:27,7000.0,7009.25,Call DEX 1,DEX,920.0,7550.909246980351,9243.21670501075
2026-09-01 10:41:27,7000.0,7009.25,Put GEX 1,GEX,-708970.778,7550.909246980351,9243.21670501075
2026-09-01 10:41:27,7000.0,7009.25,Call VEX 1,VEX,6508049.356,7550.909246980351,9243.21670501075
2026-09-01 10:41:27,7300.0,7309.75,Call DEX 2,DEX,263.704,7550.909246980351,9243.21670501075
2026-09-01 10:41:27,7300.0,7309.75,Call VEX 5,VEX,1592798.888,7550.909246980351,9243.21670501075
2026-09-01 10:41:27,7400.0,7409.75,Call DEX 3,DEX,208.419,7550.909246980351,9243.21670501075
2026-09-01 10:41:27,7400.0,7409.75,Call VEX 3,VEX,2107666.703,7550.909246980351,9243.21670501075
2026-09-01 10:41:27,7450.0,7459.75,Call DEX 4,DEX,205.503,7550.909246980351,9243.21670501075
2026-09-01 10:41:27,7450.0,7459.75,Call VEX 4,VEX,1857286.42,7550.909246980351,9243.21670501075
2026-09-01 10:41:27,7500.0,7510.0,Call CEX 4,CEX,1415043.252,7550.909246980351,9243.21670501075
2026-09-01 10:41:27,7500.0,7510.0,Call DEX 5,DEX,157.447,7550.909246980351,9243.21670501075
2026-09-01 10:41:27,7500.0,7510.0,Put GEX 2,GEX,-569895.362,7550.909246980351,9243.21670501075
2026-09-01 10:41:27,7500.0,7510.0,Call VEX 2,VEX,2940100.927,7550.909246980351,9243.21670501075
2026-09-01 10:41:27,7550.0,7560.0,Put GEX 4,GEX,-369973.772,7550.909246980351,9243.21670501075
2026-09-01 10:41:27,7600.0,7610.0,Call CEX 1,CEX,2106286.308,7550.909246980351,9243.21670501075
2026-09-01 10:41:27,7610.0,7620.0,Call CEX 5,CEX,1288260.477,7550.909246980351,9243.21670501075
2026-09-01 10:41:27,7625.0,7635.0,Call CEX 2,CEX,1773509.706,7550.909246980351,9243.21670501075
2026-09-01 10:41:27,7625.0,7635.0,Put GEX 5,GEX,-354101.9,7550.909246980351,9243.21670501075
2026-09-01 10:41:27,7650.0,7660.0,Put CEX 2,CEX,-2496815.846,7550.909246980351,9243.21670501075
2026-09-01 10:41:27,7650.0,7660.0,Put DEX 5,DEX,-60.337,7550.909246980351,9243.21670501075
2026-09-01 10:41:27,7675.0,7685.25,Put CEX 3,CEX,-1944749.047,7550.909246980351,9243.21670501075
2026-09-01 10:41:27,7700.0,7710.25,Put CEX 4,CEX,-1855362.474,7550.909246980351,9243.21670501075
2026-09-01 10:41:27,7700.0,7710.25,Put DEX 2,DEX,-181.694,7550.909246980351,9243.21670501075
2026-09-01 10:41:27,7700.0,7710.25,Put VEX 5,VEX,-862525.436,7550.909246980351,9243.21670501075
2026-09-01 10:41:27,7750.0,7760.25,Put CEX 5,CEX,-1367299.298,7550.909246980351,9243.21670501075
2026-09-01 10:41:27,7750.0,7760.25,Put DEX 3,DEX,-84.861,7550.909246980351,9243.21670501075
2026-09-01 10:41:27,7750.0,7760.25,Call GEX 3,GEX,293219.987,7550.909246980351,9243.21670501075
2026-09-01 10:41:27,7750.0,7760.25,Put VEX 3,VEX,-1058960.299,7550.909246980351,9243.21670501075
2026-09-01 10:41:27,7800.0,7810.25,Put DEX 4,DEX,-63.773,7550.909246980351,9243.21670501075
2026-09-01 10:41:27,7800.0,7810.25,Call GEX 1,GEX,524440.651,7550.909246980351,9243.21670501075
2026-09-01 10:41:27,7800.0,7810.25,Put VEX 2,VEX,-1679000.717,7550.909246980351,9243.21670501075
2026-09-01 10:41:27,7850.0,7860.5,Call GEX 4,GEX,277932.897,7550.909246980351,9243.21670501075
2026-09-01 10:41:27,7900.0,7910.5,Call GEX 2,GEX,377478.753,7550.909246980351,9243.21670501075
2026-09-01 10:41:27,7900.0,7910.5,Put VEX 4,VEX,-973771.226,7550.909246980351,9243.21670501075
2026-09-01 10:41:27,7950.0,7960.5,Call GEX 5,GEX,164402.617,7550.909246980351,9243.21670501075
2026-09-01 10:41:27,8000.0,8010.5,Put CEX 1,CEX,-3102239.525,7550.909246980351,9243.21670501075
2026-09-01 10:41:27,8000.0,8010.5,Put DEX 1,DEX,-2538.246,7550.909246980351,9243.21670501075
2026-09-01 10:41:27,8000.0,8010.5,Put GEX 3,GEX,-415028.498,7550.909246980351,9243.21670501075
2026-09-01 10:41:27,8000.0,8010.5,Put VEX 1,VEX,-10246019.959,7550.909246980351,9243.21670501075
2026-09-01 10:42:15,7000.0,7009.5,Call CEX 3,CEX,1421170.867,7543.622824796452,9244.287308045676
2026-09-01 10:42:15,7000.0,7009.5,Call DEX 1,DEX,923.675,7543.622824796452,9244.287308045676
2026-09-01 10:42:15,7000.0,7009.5,Put GEX 1,GEX,-723770.791,7543.622824796452,9244.287308045676
2026-09-01 10:42:15,7000.0,7009.5,Call VEX 1,VEX,6335604.104,7543.622824796452,9244.287308045676
2026-09-01 10:42:15,7300.0,7309.75,Call DEX 2,DEX,264.878,7543.622824796452,9244.287308045676
2026-09-01 10:42:15,7300.0,7309.75,Call VEX 5,VEX,1580183.22,7543.622824796452,9244.287308045676
2026-09-01 10:42:15,7400.0,7410.0,Call DEX 3,DEX,209.664,7543.622824796452,9244.287308045676
2026-09-01 10:42:15,7400.0,7410.0,Call VEX 3,VEX,2108783.7,7543.622824796452,9244.287308045676
2026-09-01 10:42:15,7450.0,7460.0,Call DEX 4,DEX,208.862,7543.622824796452,9244.287308045676
2026-09-01 10:42:15,7450.0,7460.0,Call VEX 4,VEX,1862729.173,7543.622824796452,9244.287308045676
2026-09-01 10:42:15,7500.0,7510.0,Call CEX 4,CEX,1412762.729,7543.622824796452,9244.287308045676
2026-09-01 10:42:15,7500.0,7510.0,Call DEX 5,DEX,163.018,7543.622824796452,9244.287308045676
2026-09-01 10:42:15,7500.0,7510.0,Put GEX 2,GEX,-565147.598,7543.622824796452,9244.287308045676
2026-09-01 10:42:15,7500.0,7510.0,Call VEX 2,VEX,2959988.099,7543.622824796452,9244.287308045676
2026-09-01 10:42:15,7515.0,7525.0,Call CEX 5,CEX,1245979.14,7543.622824796452,9244.287308045676
2026-09-01 10:42:15,7550.0,7560.25,Put GEX 4,GEX,-363515.728,7543.622824796452,9244.287308045676
2026-09-01 10:42:15,7600.0,7610.25,Call CEX 2,CEX,1924666.95,7543.622824796452,9244.287308045676
2026-09-01 10:42:15,7625.0,7635.25,Call CEX 1,CEX,1976127.4,7543.622824796452,9244.287308045676
2026-09-01 10:42:15,7650.0,7660.25,Put CEX 2,CEX,-2355055.059,7543.622824796452,9244.287308045676
2026-09-01 10:42:15,7650.0,7660.25,Put DEX 5,DEX,-56.084,7543.622824796452,9244.287308045676
2026-09-01 10:42:15,7650.0,7660.25,Put GEX 5,GEX,-359744.472,7543.622824796452,9244.287308045676
2026-09-01 10:42:15,7675.0,7685.25,Put CEX 3,CEX,-2228352.342,7543.622824796452,9244.287308045676
2026-09-01 10:42:15,7700.0,7710.25,Put CEX 4,CEX,-1970903.49,7543.622824796452,9244.287308045676
2026-09-01 10:42:15,7700.0,7710.25,Put DEX 2,DEX,-175.927,7543.622824796452,9244.287308045676
2026-09-01 10:42:15,7700.0,7710.25,Put VEX 5,VEX,-828048.257,7543.622824796452,9244.287308045676
2026-09-01 10:42:15,7750.0,7760.5,Put CEX 5,CEX,-1455107.224,7543.622824796452,9244.287308045676
2026-09-01 10:42:15,7750.0,7760.5,Put DEX 3,DEX,-82.223,7543.622824796452,9244.287308045676
2026-09-01 10:42:15,7750.0,7760.5,Call GEX 3,GEX,297066.623,7543.622824796452,9244.287308045676
2026-09-01 10:42:15,7750.0,7760.5,Put VEX 3,VEX,-1046468.981,7543.622824796452,9244.287308045676
2026-09-01 10:42:15,7800.0,7810.5,Put DEX 4,DEX,-60.838,7543.622824796452,9244.287308045676
2026-09-01 10:42:15,7800.0,7810.5,Call GEX 1,GEX,531807.214,7543.622824796452,9244.287308045676
2026-09-01 10:42:15,7800.0,7810.5,Put VEX 2,VEX,-1670418.364,7543.622824796452,9244.287308045676
2026-09-01 10:42:15,7850.0,7860.5,Call GEX 4,GEX,281424.154,7543.622824796452,9244.287308045676
2026-09-01 10:42:15,7900.0,7910.5,Call GEX 2,GEX,381547.217,7543.622824796452,9244.287308045676
2026-09-01 10:42:15,7900.0,7910.5,Put VEX 4,VEX,-976326.881,7543.622824796452,9244.287308045676
2026-09-01 10:42:15,7950.0,7960.75,Call GEX 5,GEX,166113.992,7543.622824796452,9244.287308045676
2026-09-01 10:42:15,8000.0,8010.75,Put CEX 1,CEX,-3127984.909,7543.622824796452,9244.287308045676
2026-09-01 10:42:15,8000.0,8010.75,Put DEX 1,DEX,-2533.901,7543.622824796452,9244.287308045676
2026-09-01 10:42:15,8000.0,8010.75,Put GEX 3,GEX,-416557.617,7543.622824796452,9244.287308045676
2026-09-01 10:42:15,8000.0,8010.75,Put VEX 1,VEX,-10262089.842,7543.622824796452,9244.287308045676
2026-09-01 10:43:03,7000.0,7009.75,Call CEX 4,CEX,1409854.857,7538.469799455598,9239.527378653487
2026-09-01 10:43:03,7000.0,7009.75,Call DEX 1,DEX,887.907,7538.469799455598,9239.527378653487
2026-09-01 10:43:03,7000.0,7009.75,Put GEX 1,GEX,-720262.791,7538.469799455598,9239.527378653487
2026-09-01 10:43:03,7000.0,7009.75,Call VEX 1,VEX,6362453.941,7538.469799455598,9239.527378653487
2026-09-01 10:43:03,7300.0,7310.25,Call DEX 2,DEX,264.984,7538.469799455598,9239.527378653487
2026-09-01 10:43:03,7300.0,7310.25,Call VEX 5,VEX,1579001.905,7538.469799455598,9239.527378653487
2026-09-01 10:43:03,7400.0,7410.5,Call DEX 4,DEX,211.721,7538.469799455598,9239.527378653487
2026-09-01 10:43:03,7400.0,7410.5,Call VEX 3,VEX,2106897.681,7538.469799455598,9239.527378653487
2026-09-01 10:43:03,7450.0,7460.5,Call DEX 3,DEX,213.769,7538.469799455598,9239.527378653487
2026-09-01 10:43:03,7450.0,7460.5,Call VEX 4,VEX,1862304.169,7538.469799455598,9239.527378653487
2026-09-01 10:43:03,7500.0,7510.5,Call CEX 3,CEX,1427413.638,7538.469799455598,9239.527378653487
2026-09-01 10:43:03,7500.0,7510.5,Call DEX 5,DEX,164.388,7538.469799455598,9239.527378653487
2026-09-01 10:43:03,7500.0,7510.5,Put GEX 2,GEX,-564882.684,7538.469799455598,9239.527378653487
2026-09-01 10:43:03,7500.0,7510.5,Call VEX 2,VEX,2962079.885,7538.469799455598,9239.527378653487
2026-09-01 10:43:03,7515.0,7525.5,Call CEX 5,CEX,1250710.864,7538.469799455598,9239.527378653487
2026-09-01 10:43:03,7550.0,7560.5,Put GEX 5,GEX,-364259.113,7538.469799455598,9239.527378653487
2026-09-01 10:43:03,7600.0,7610.75,Call CEX 1,CEX,2019162.55,7538.469799455598,9239.527378653487
2026-09-01 10:43:03,7625.0,7635.75,Call CEX 2,CEX,1977383.338,7538.469799455598,9239.527378653487
2026-09-01 10:43:03,7650.0,7660.75,Put CEX 2,CEX,-2430093.737,7538.469799455598,9239.527378653487
2026-09-01 10:43:03,7650.0,7660.75,Put DEX 5,DEX,-56.913,7538.469799455598,9239.527378653487
2026-09-01 10:43:03,7650.0,7660.75,Put GEX 4,GEX,-369871.758,7538.469799455598,9239.527378653487
2026-09-01 10:43:03,7675.0,7685.75,Put CEX 3,CEX,-1893114.609,7538.469799455598,9239.527378653487
2026-09-01 10:43:03,7700.0,7710.75,Put CEX 4,CEX,-1775951.649,7538.469799455598,9239.527378653487
2026-09-01 10:43:03,7700.0,7710.75,Put DEX 2,DEX,-177.009,7538.469799455598,9239.527378653487
2026-09-01 10:43:03,7700.0,7710.75,Put VEX 5,VEX,-828017.504,7538.469799455598,9239.527378653487
2026-09-01 10:43:03,7750.0,7761.0,Put CEX 5,CEX,-1267836.811,7538.469799455598,9239.527378653487
2026-09-01 10:43:03,7750.0,7761.0,Put DEX 3,DEX,-82.594,7538.469799455598,9239.527378653487
2026-09-01 10:43:03,7750.0,7761.0,Call GEX 3,GEX,299708.981,7538.469799455598,9239.527378653487
2026-09-01 10:43:03,7750.0,7761.0,Put VEX 3,VEX,-1043334.939,7538.469799455598,9239.527378653487
2026-09-01 10:43:03,7800.0,7811.0,Put DEX 4,DEX,-61.355,7538.469799455598,9239.527378653487
2026-09-01 10:43:03,7800.0,7811.0,Call GEX 1,GEX,531468.313,7538.469799455598,9239.527378653487
2026-09-01 10:43:03,7800.0,7811.0,Put VEX 2,VEX,-1670520.537,7538.469799455598,9239.527378653487
2026-09-01 10:43:03,7850.0,7861.0,Call GEX 4,GEX,280988.26,7538.469799455598,9239.527378653487
2026-09-01 10:43:03,7900.0,7911.0,Call GEX 2,GEX,380254.456,7538.469799455598,9239.527378653487
2026-09-01 10:43:03,7900.0,7911.0,Put VEX 4,VEX,-974952.369,7538.469799455598,9239.527378653487
2026-09-01 10:43:03,7950.0,7961.25,Call GEX 5,GEX,165941.568,7538.469799455598,9239.527378653487
2026-09-01 10:43:03,8000.0,8011.25,Put CEX 1,CEX,-3121295.643,7538.469799455598,9239.527378653487
2026-09-01 10:43:03,8000.0,8011.25,Put DEX 1,DEX,-2536.39,7538.469799455598,9239.527378653487
2026-09-01 10:43:03,8000.0,8011.25,Put GEX 3,GEX,-412766.803,7538.469799455598,9239.527378653487
2026-09-01 10:43:03,8000.0,8011.25,Put VEX 1,VEX,-10250335.802,7538.469799455598,9239.527378653487
2026-09-01 10:43:49,7000.0,7009.0,Call CEX 3,CEX,1412450.013,7550.534080280709,9239.218786649106
2026-09-01 10:43:49,7000.0,7009.0,Call DEX 1,DEX,887.127,7550.534080280709,9239.218786649106
2026-09-01 10:43:49,7000.0,7009.0,Put GEX 1,GEX,-716844.486,7550.534080280709,9239.218786649106
2026-09-01 10:43:49,7000.0,7009.0,Call VEX 1,VEX,6385902.267,7550.534080280709,9239.218786649106
2026-09-01 10:43:49,7300.0,7309.5,Call DEX 2,DEX,264.324,7550.534080280709,9239.218786649106
2026-09-01 10:43:49,7300.0,7309.5,Call VEX 5,VEX,1585119.279,7550.534080280709,9239.218786649106
2026-09-01 10:43:49,7400.0,7409.5,Call DEX 3,DEX,211.26,7550.534080280709,9239.218786649106
2026-09-01 10:43:49,7400.0,7409.5,Call VEX 3,VEX,2107188.795,7550.534080280709,9239.218786649106
2026-09-01 10:43:49,7450.0,7459.75,Call DEX 4,DEX,208.334,7550.534080280709,9239.218786649106
2026-09-01 10:43:49,7450.0,7459.75,Call VEX 4,VEX,1860667.254,7550.534080280709,9239.218786649106
2026-09-01 10:43:49,7500.0,7509.75,Call CEX 4,CEX,1410197.119,7550.534080280709,9239.218786649106
2026-09-01 10:43:49,7500.0,7509.75,Call DEX 5,DEX,163.201,7550.534080280709,9239.218786649106
2026-09-01 10:43:49,7500.0,7509.75,Put GEX 2,GEX,-565265.339,7550.534080280709,9239.218786649106
2026-09-01 10:43:49,7500.0,7509.75,Call VEX 2,VEX,2959372.23,7550.534080280709,9239.218786649106
2026-09-01 10:43:49,7515.0,7524.75,Call CEX 5,CEX,1239928.411,7550.534080280709,9239.218786649106
2026-09-01 10:43:49,7550.0,7559.75,Put GEX 4,GEX,-363534.579,7550.534080280709,9239.218786649106
2026-09-01 10:43:49,7600.0,7609.75,Call CEX 2,CEX,1696147.443,7550.534080280709,9239.218786649106
2026-09-01 10:43:49,7625.0,7634.75,Call CEX 1,CEX,1999480.007,7550.534080280709,9239.218786649106
2026-09-01 10:43:49,7650.0,7660.0,Put CEX 2,CEX,-2384628.015,7550.534080280709,9239.218786649106
2026-09-01 10:43:49,7650.0,7660.0,Put DEX 5,DEX,-56.378,7550.534080280709,9239.218786649106
2026-09-01 10:43:49,7650.0,7660.0,Put GEX 5,GEX,-354017.87,7550.534080280709,9239.218786649106
2026-09-01 10:43:49,7675.0,7685.0,Put CEX 3,CEX,-2351893.226,7550.534080280709,9239.218786649106
2026-09-01 10:43:49,7700.0,7710.0,Put CEX 4,CEX,-2101287.799,7550.534080280709,9239.218786649106
2026-09-01 10:43:49,7700.0,7710.0,Put DEX 2,DEX,-176.23,7550.534080280709,9239.218786649106
2026-09-01 10:43:49,7700.0,7710.0,Put VEX 5,VEX,-834283.169,7550.534080280709,9239.218786649106
2026-09-01 10:43:49,7750.0,7760.0,Put CEX 5,CEX,-1509994.993,7550.534080280709,9239.218786649106
2026-09-01 10:43:49,7750.0,7760.0,Put DEX 3,DEX,-82.426,7550.534080280709,9239.218786649106
2026-09-01 10:43:49,7750.0,7760.0,Call GEX 3,GEX,294153.763,7550.534080280709,9239.218786649106
2026-09-01 10:43:49,7750.0,7760.0,Put VEX 3,VEX,-1051141.781,7550.534080280709,9239.218786649106
2026-09-01 10:43:49,7800.0,7810.0,Put DEX 4,DEX,-61.478,7550.534080280709,9239.218786649106
2026-09-01 10:43:49,7800.0,7810.0,Call GEX 1,GEX,530931.33,7550.534080280709,9239.218786649106
2026-09-01 10:43:49,7800.0,7810.0,Put VEX 2,VEX,-1673122.149,7550.534080280709,9239.218786649106
2026-09-01 10:43:49,7850.0,7860.25,Call GEX 4,GEX,281391.269,7550.534080280709,9239.218786649106
2026-09-01 10:43:49,7900.0,7910.25,Call GEX 2,GEX,380553.45,7550.534080280709,9239.218786649106
2026-09-01 10:43:49,7900.0,7910.25,Put VEX 4,VEX,-974576.016,7550.534080280709,9239.218786649106
2026-09-01 10:43:49,7950.0,7960.25,Call GEX 5,GEX,165943.965,7550.534080280709,9239.218786649106
2026-09-01 10:43:49,8000.0,8010.25,Put CEX 1,CEX,-3132154.534,7550.534080280709,9239.218786649106
2026-09-01 10:43:49,8000.0,8010.25,Put DEX 1,DEX,-2530.84,7550.534080280709,9239.218786649106
2026-09-01 10:43:49,8000.0,8010.25,Put GEX 3,GEX,-421384.603,7550.534080280709,9239.218786649106
2026-09-01 10:43:49,8000.0,8010.25,Put VEX 1,VEX,-10278377.066,7550.534080280709,9239.218786649106
2026-09-01 10:44:38,7000.0,7009.0,Call CEX 3,CEX,1413052.935,7550.612216169503,9240.932902362909
2026-09-01 10:44:38,7000.0,7009.0,Call DEX 1,DEX,924.11,7550.612216169503,9240.932902362909
2026-09-01 10:44:38,7000.0,7009.0,Put GEX 1,GEX,-728809.627,7550.612216169503,9240.932902362909
2026-09-01 10:44:38,7000.0,7009.0,Call VEX 1,VEX,6306773.704,7550.612216169503,9240.932902362909
2026-09-01 10:44:38,7300.0,7309.25,Call DEX 2,DEX,265.236,7550.612216169503,9240.932902362909
2026-09-01 10:44:38,7300.0,7309.25,Call VEX 5,VEX,1572006.551,7550.612216169503,9240.932902362909
2026-09-01 10:44:38,7400.0,7409.5,Call DEX 3,DEX,211.326,7550.612216169503,9240.932902362909
2026-09-01 10:44:38,7400.0,7409.5,Call VEX 3,VEX,2106108.922,7550.612216169503,9240.932902362909
2026-09-01 10:44:38,7450.0,7459.5,Call DEX 4,DEX,208.384,7550.612216169503,9240.932902362909
2026-09-01 10:44:38,7450.0,7459.5,Call VEX 4,VEX,1860175.024,7550.612216169503,9240.932902362909
2026-09-01 10:44:38,7500.0,7509.5,Call CEX 4,CEX,1410476.134,7550.612216169503,9240.932902362909
2026-09-01 10:44:38,7500.0,7509.5,Call DEX 5,DEX,159.97,7550.612216169503,9240.932902362909
2026-09-01 10:44:38,7500.0,7509.5,Put GEX 2,GEX,-564910.009,7550.612216169503,9240.932902362909
2026-09-01 10:44:38,7500.0,7509.5,Call VEX 2,VEX,2958298.801,7550.612216169503,9240.932902362909
2026-09-01 10:44:38,7515.0,7524.75,Call CEX 5,CEX,1248196.207,7550.612216169503,9240.932902362909
2026-09-01 10:44:38,7550.0,7559.75,Put GEX 4,GEX,-363399.198,7550.612216169503,9240.932902362909
2026-09-01 10:44:38,7600.0,7609.75,Call CEX 2,CEX,1821750.834,7550.612216169503,9240.932902362909
2026-09-01 10:44:38,7625.0,7634.75,Call CEX 1,CEX,1979073.529,7550.612216169503,9240.932902362909
2026-09-01 10:44:38,7650.0,7659.75,Put CEX 2,CEX,-2419180.243,7550.612216169503,9240.932902362909
2026-09-01 10:44:38,7650.0,7659.75,Put DEX 5,DEX,-57.141,7550.612216169503,9240.932902362909
2026-09-01 10:44:38,7650.0,7659.75,Put GEX 5,GEX,-351207.764,7550.612216169503,9240.932902362909
2026-09-01 10:44:38,7675.0,7684.75,Put CEX 3,CEX,-2294687.107,7550.612216169503,9240.932902362909
2026-09-01 10:44:38,7700.0,7709.75,Put CEX 4,CEX,-2083014.294,7550.612216169503,9240.932902362909
2026-09-01 10:44:38,7700.0,7709.75,Put DEX 2,DEX,-177.383,7550.612216169503,9240.932902362909
2026-09-01 10:44:38,7700.0,7709.75,Put VEX 5,VEX,-840827.578,7550.612216169503,9240.932902362909
2026-09-01 10:44:38,7750.0,7760.0,Put CEX 5,CEX,-1491388.949,7550.612216169503,9240.932902362909
2026-09-01 10:44:38,7750.0,7760.0,Put DEX 3,DEX,-82.899,7550.612216169503,9240.932902362909
2026-09-01 10:44:38,7750.0,7760.0,Call GEX 3,GEX,294952.942,7550.612216169503,9240.932902362909
2026-09-01 10:44:38,7750.0,7760.0,Put VEX 3,VEX,-1052400.716,7550.612216169503,9240.932902362909
2026-09-01 10:44:38,7800.0,7810.0,Put DEX 4,DEX,-61.789,7550.612216169503,9240.932902362909
2026-09-01 10:44:38,7800.0,7810.0,Call GEX 1,GEX,531138.13,7550.612216169503,9240.932902362909
2026-09-01 10:44:38,7800.0,7810.0,Put VEX 2,VEX,-1672410.498,7550.612216169503,9240.932902362909
2026-09-01 10:44:38,7850.0,7860.0,Call GEX 4,GEX,280957.45,7550.612216169503,9240.932902362909
2026-09-01 10:44:38,7900.0,7910.25,Call GEX 2,GEX,380032.011,7550.612216169503,9240.932902362909
2026-09-01 10:44:38,7900.0,7910.25,Put VEX 4,VEX,-974368.568,7550.612216169503,9240.932902362909
2026-09-01 10:44:38,7950.0,7960.25,Call GEX 5,GEX,165438.653,7550.612216169503,9240.932902362909
2026-09-01 10:44:38,8000.0,8010.25,Put CEX 1,CEX,-3109475.629,7550.612216169503,9240.932902362909
2026-09-01 10:44:38,8000.0,8010.25,Put DEX 1,DEX,-2534.888,7550.612216169503,9240.932902362909
2026-09-01 10:44:38,8000.0,8010.25,Put GEX 3,GEX,-421235.746,7550.612216169503,9240.932902362909
2026-09-01 10:44:38,8000.0,8010.25,Put VEX 1,VEX,-10237748.301,7550.612216169503,9240.932902362909
2026-09-01 10:45:25,7000.0,7009.25,Call CEX 3,CEX,1418448.04,7550.78570334643,9241.679569416796
2026-09-01 10:45:25,7000.0,7009.25,Call DEX 1,DEX,884.952,7550.78570334643,9241.679569416796
2026-09-01 10:45:25,7000.0,7009.25,Put GEX 1,GEX,-711244.031,7550.78570334643,9241.679569416796
2026-09-01 10:45:25,7000.0,7009.25,Call VEX 1,VEX,6436078.154,7550.78570334643,9241.679569416796
2026-09-01 10:45:25,7300.0,7309.5,Call DEX 2,DEX,263.955,7550.78570334643,9241.679569416796
2026-09-01 10:45:25,7300.0,7309.5,Call VEX 5,VEX,1586835.41,7550.78570334643,9241.679569416796
2026-09-01 10:45:25,7400.0,7409.75,Call DEX 3,DEX,210.44,7550.78570334643,9241.679569416796
2026-09-01 10:45:25,7400.0,7409.75,Call VEX 3,VEX,2107659.053,7550.78570334643,9241.679569416796
2026-09-01 10:45:25,7450.0,7459.75,Call DEX 4,DEX,207.864,7550.78570334643,9241.679569416796
2026-09-01 10:45:25,7450.0,7459.75,Call VEX 4,VEX,1859413.81,7550.78570334643,9241.679569416796
2026-09-01 10:45:25,7500.0,7509.75,Call CEX 4,CEX,1417144.759,7550.78570334643,9241.679569416796
2026-09-01 10:45:25,7500.0,7509.75,Call DEX 5,DEX,161.826,7550.78570334643,9241.679569416796
2026-09-01 10:45:25,7500.0,7509.75,Put GEX 2,GEX,-566791.493,7550.78570334643,9241.679569416796
2026-09-01 10:45:25,7500.0,7509.75,Call VEX 2,VEX,2954815.896,7550.78570334643,9241.679569416796
2026-09-01 10:45:25,7515.0,7524.75,Call CEX 5,CEX,1259786.764,7550.78570334643,9241.679569416796
2026-09-01 10:45:25,7550.0,7560.0,Put GEX 4,GEX,-365994.152,7550.78570334643,9241.679569416796
2026-09-01 10:45:25,7600.0,7610.0,Call CEX 2,CEX,1933522.322,7550.78570334643,9241.679569416796
2026-09-01 10:45:25,7625.0,7635.0,Call CEX 1,CEX,1978429.87,7550.78570334643,9241.679569416796
2026-09-01 10:45:25,7650.0,7660.0,Put CEX 2,CEX,-2481699.564,7550.78570334643,9241.679569416796
2026-09-01 10:45:25,7650.0,7660.0,Put DEX 5,DEX,-57.889,7550.78570334643,9241.679569416796
2026-09-01 10:45:25,7650.0,7660.0,Put GEX 5,GEX,-358626.939,7550.78570334643,9241.679569416796
2026-09-01 10:45:25,7675.0,7685.0,Put CEX 3,CEX,-2167819.842,7550.78570334643,9241.679569416796
2026-09-01 10:45:25,7700.0,7710.0,Put CEX 4,CEX,-1975542.154,7550.78570334643,9241.679569416796
2026-09-01 10:45:25,7700.0,7710.0,Put DEX 2,DEX,-178.271,7550.78570334643,9241.679569416796
2026-09-01 10:45:25,7700.0,7710.0,Put VEX 5,VEX,-842485.833,7550.78570334643,9241.679569416796
2026-09-01 10:45:25,7750.0,7760.25,Put CEX 5,CEX,-1430530.511,7550.78570334643,9241.679569416796
2026-09-01 10:45:25,7750.0,7760.25,Put DEX 3,DEX,-83.547,7550.78570334643,9241.679569416796
2026-09-01 10:45:25,7750.0,7760.25,Call GEX 3,GEX,295288.536,7550.78570334643,9241.679569416796
2026-09-01 10:45:25,7750.0,7760.25,Put VEX 3,VEX,-1051302.407,7550.78570334643,9241.679569416796
2026-09-01 10:45:25,7800.0,7810.25,Put DEX 4,DEX,-62.206,7550.78570334643,9241.679569416796
2026-09-01 10:45:25,7800.0,7810.25,Call GEX 1,GEX,528879.885,7550.78570334643,9241.679569416796
2026-09-01 10:45:25,7800.0,7810.25,Put VEX 2,VEX,-1673804.313,7550.78570334643,9241.679569416796
2026-09-01 10:45:25,7850.0,7860.25,Call GEX 4,GEX,280779.987,7550.78570334643,9241.679569416796
2026-09-01 10:45:25,7900.0,7910.25,Call GEX 2,GEX,379515.348,7550.78570334643,9241.679569416796
2026-09-01 10:45:25,7900.0,7910.25,Put VEX 4,VEX,-974458.519,7550.78570334643,9241.679569416796
2026-09-01 10:45:25,7950.0,7960.5,Call GEX 5,GEX,165261.594,7550.78570334643,9241.679569416796
2026-09-01 10:45:25,8000.0,8010.5,Put CEX 1,CEX,-3113530.18,7550.78570334643,9241.679569416796
2026-09-01 10:45:25,8000.0,8010.5,Put DEX 1,DEX,-2539.01,7550.78570334643,9241.679569416796
2026-09-01 10:45:25,8000.0,8010.5,Put GEX 3,GEX,-419426.718,7550.78570334643,9241.679569416796
2026-09-01 10:45:25,8000.0,8010.5,Put VEX 1,VEX,-10230382.494,7550.78570334643,9241.679569416796
2026-09-01 10:46:14,7000.0,7009.0,Call CEX 4,CEX,1404870.395,7551.150414070937,9240.073610780946
2026-09-01 10:46:14,7000.0,7009.0,Call DEX 1,DEX,888.991,7551.150414070937,9240.073610780946
2026-09-01 10:46:14,7000.0,7009.0,Put GEX 1,GEX,-728035.511,7551.150414070937,9240.073610780946
2026-09-01 10:46:14,7000.0,7009.0,Call VEX 1,VEX,6313213.885,7551.150414070937,9240.073610780946
2026-09-01 10:46:14,7300.0,7309.25,Call DEX 2,DEX,264.717,7551.150414070937,9240.073610780946
2026-09-01 10:46:14,7300.0,7309.25,Call VEX 5,VEX,1578474.67,7551.150414070937,9240.073610780946
2026-09-01 10:46:14,7400.0,7409.5,Call DEX 3,DEX,211.148,7551.150414070937,9240.073610780946
2026-09-01 10:46:14,7400.0,7409.5,Call VEX 3,VEX,2106347.048,7551.150414070937,9240.073610780946
2026-09-01 10:46:14,7450.0,7459.5,Call DEX 4,DEX,208.191,7551.150414070937,9240.073610780946
2026-09-01 10:46:14,7450.0,7459.5,Call VEX 4,VEX,1859868.381,7551.150414070937,9240.073610780946
2026-09-01 10:46:14,7500.0,7509.5,Call CEX 3,CEX,1413044.928,7551.150414070937,9240.073610780946
2026-09-01 10:46:14,7500.0,7509.5,Call DEX 5,DEX,159.474,7551.150414070937,9240.073610780946
2026-09-01 10:46:14,7500.0,7509.5,Put GEX 2,GEX,-565276.285,7551.150414070937,9240.073610780946
2026-09-01 10:46:14,7500.0,7509.5,Call VEX 2,VEX,2956506.298,7551.150414070937,9240.073610780946
2026-09-01 10:46:14,7550.0,7559.5,Put GEX 4,GEX,-363495.567,7551.150414070937,9240.073610780946
2026-09-01 10:46:14,7600.0,7609.75,Call CEX 2,CEX,1713336.529,7551.150414070937,9240.073610780946
2026-09-01 10:46:14,7610.0,7619.75,Call CEX 5,CEX,1244438.957,7551.150414070937,9240.073610780946
2026-09-01 10:46:14,7625.0,7634.75,Call CEX 1,CEX,2008063.668,7551.150414070937,9240.073610780946
2026-09-01 10:46:14,7650.0,7659.75,Put CEX 2,CEX,-2440718.037,7551.150414070937,9240.073610780946
2026-09-01 10:46:14,7650.0,7659.75,Put DEX 5,DEX,-57.099,7551.150414070937,9240.073610780946
2026-09-01 10:46:14,7650.0,7659.75,Put GEX 5,GEX,-351291.431,7551.150414070937,9240.073610780946
2026-09-01 10:46:14,7675.0,7684.75,Put CEX 3,CEX,-2377920.895,7551.150414070937,9240.073610780946
2026-09-01 10:46:14,7690.0,7699.75,Put CEX 5,CEX,-1538733.281,7551.150414070937,9240.073610780946
2026-09-01 10:46:14,7700.0,7709.75,Put CEX 4,CEX,-2167216.063,7551.150414070937,9240.073610780946
2026-09-01 10:46:14,7700.0,7709.75,Put DEX 2,DEX,-177.032,7551.150414070937,9240.073610780946
2026-09-01 10:46:14,7700.0,7709.75,Put VEX 5,VEX,-841844.354,7551.150414070937,9240.073610780946
2026-09-01 10:46:14,7750.0,7759.75,Put DEX 3,DEX,-82.801,7551.150414070937,9240.073610780946
2026-09-01 10:46:14,7750.0,7759.75,Call GEX 3,GEX,294458.269,7551.150414070937,9240.073610780946
2026-09-01 10:46:14,7750.0,7759.75,Put VEX 3,VEX,-1053357.837,7551.150414070937,9240.073610780946
2026-09-01 10:46:14,7800.0,7810.0,Put DEX 4,DEX,-61.89,7551.150414070937,9240.073610780946
2026-09-01 10:46:14,7800.0,7810.0,Call GEX 1,GEX,530081.288,7551.150414070937,9240.073610780946
2026-09-01 10:46:14,7800.0,7810.0,Put VEX 2,VEX,-1674337.896,7551.150414070937,9240.073610780946
2026-09-01 10:46:14,7850.0,7860.0,Call GEX 4,GEX,281079.685,7551.150414070937,9240.073610780946
2026-09-01 10:46:14,7900.0,7910.0,Call GEX 2,GEX,379919.51,7551.150414070937,9240.073610780946
2026-09-01 10:46:14,7900.0,7910.0,Put VEX 4,VEX,-974467.039,7551.150414070937,9240.073610780946
2026-09-01 10:46:14,7950.0,7960.25,Call GEX 5,GEX,165435.84,7551.150414070937,9240.073610780946
2026-09-01 10:46:14,8000.0,8010.25,Put CEX 1,CEX,-3133962.775,7551.150414070937,9240.073610780946
2026-09-01 10:46:14,8000.0,8010.25,Put DEX 1,DEX,-2530.957,7551.150414070937,9240.073610780946
2026-09-01 10:46:14,8000.0,8010.25,Put GEX 3,GEX,-428362.528,7551.150414070937,9240.073610780946
2026-09-01 10:46:14,8000.0,8010.25,Put VEX 1,VEX,-10264001.269,7551.150414070937,9240.073610780946
2026-09-01 10:47:01,7000.0,7008.75,Call CEX 4,CEX,1382550.028,7551.475795328301,9238.700174421376
2026-09-01 10:47:01,7000.0,7008.75,Call DEX 1,DEX,896.965,7551.475795328301,9238.700174421376
2026-09-01 10:47:01,7000.0,7008.75,Put GEX 1,GEX,-777528.542,7551.475795328301,9238.700174421376
2026-09-01 10:47:01,7000.0,7008.75,Call VEX 1,VEX,6047366.012,7551.475795328301,9238.700174421376
2026-09-01 10:47:01,7300.0,7309.0,Call DEX 2,DEX,264.87,7551.475795328301,9238.700174421376
2026-09-01 10:47:01,7300.0,7309.0,Call VEX 5,VEX,1576217.692,7551.475795328301,9238.700174421376
2026-09-01 10:47:01,7400.0,7409.25,Call DEX 3,DEX,209.148,7551.475795328301,9238.700174421376
2026-09-01 10:47:01,7400.0,7409.25,Call VEX 3,VEX,2104335.732,7551.475795328301,9238.700174421376
2026-09-01 10:47:01,7450.0,7459.25,Call DEX 4,DEX,205.956,7551.475795328301,9238.700174421376
2026-09-01 10:47:01,7450.0,7459.25,Call VEX 4,VEX,1855935.599,7551.475795328301,9238.700174421376
2026-09-01 10:47:01,7500.0,7509.25,Call CEX 3,CEX,1419810.683,7551.475795328301,9238.700174421376
2026-09-01 10:47:01,7500.0,7509.25,Call DEX 5,DEX,154.678,7551.475795328301,9238.700174421376
2026-09-01 10:47:01,7500.0,7509.25,Put GEX 2,GEX,-566608.562,7551.475795328301,9238.700174421376
2026-09-01 10:47:01,7500.0,7509.25,Call VEX 2,VEX,2939540.952,7551.475795328301,9238.700174421376
2026-09-01 10:47:01,7550.0,7559.5,Put GEX 4,GEX,-365664.059,7551.475795328301,9238.700174421376
2026-09-01 10:47:01,7600.0,7609.5,Call CEX 1,CEX,1871552.71,7551.475795328301,9238.700174421376
2026-09-01 10:47:01,7610.0,7619.5,Call CEX 5,CEX,1298433.791,7551.475795328301,9238.700174421376
2026-09-01 10:47:01,7625.0,7634.5,Call CEX 2,CEX,1796199.28,7551.475795328301,9238.700174421376
2026-09-01 10:47:01,7625.0,7634.5,Put GEX 5,GEX,-333694.534,7551.475795328301,9238.700174421376
2026-09-01 10:47:01,7650.0,7659.5,Put CEX 2,CEX,-2469669.274,7551.475795328301,9238.700174421376
2026-09-01 10:47:01,7650.0,7659.5,Put DEX 5,DEX,-59.82,7551.475795328301,9238.700174421376
2026-09-01 10:47:01,7675.0,7684.5,Put CEX 3,CEX,-2459183.027,7551.475795328301,9238.700174421376
2026-09-01 10:47:01,7690.0,7699.5,Put CEX 5,CEX,-1655682.295,7551.475795328301,9238.700174421376
2026-09-01 10:47:01,7700.0,7709.5,Put CEX 4,CEX,-2226394.013,7551.475795328301,9238.700174421376
2026-09-01 10:47:01,7700.0,7709.5,Put DEX 2,DEX,-181.408,7551.475795328301,9238.700174421376
2026-09-01 10:47:01,7700.0,7709.5,Put VEX 5,VEX,-873538.766,7551.475795328301,9238.700174421376
2026-09-01 10:47:01,7750.0,7759.75,Put DEX 3,DEX,-84.537,7551.475795328301,9238.700174421376
2026-09-01 10:47:01,7750.0,7759.75,Call GEX 3,GEX,290011.739,7551.475795328301,9238.700174421376
2026-09-01 10:47:01,7750.0,7759.75,Put VEX 3,VEX,-1068196.271,7551.475795328301,9238.700174421376
2026-09-01 10:47:01,7800.0,7809.75,Put DEX 4,DEX,-63.909,7551.475795328301,9238.700174421376
2026-09-01 10:47:01,7800.0,7809.75,Call GEX 1,GEX,524844.77,7551.475795328301,9238.700174421376
2026-09-01 10:47:01,7800.0,7809.75,Put VEX 2,VEX,-1681559.559,7551.475795328301,9238.700174421376
2026-09-01 10:47:01,7850.0,7859.75,Call GEX 4,GEX,278044.246,7551.475795328301,9238.700174421376
2026-09-01 10:47:01,7900.0,7909.75,Call GEX 2,GEX,377118.708,7551.475795328301,9238.700174421376
2026-09-01 10:47:01,7900.0,7909.75,Put VEX 4,VEX,-973251.787,7551.475795328301,9238.700174421376
2026-09-01 10:47:01,7950.0,7960.0,Call GEX 5,GEX,163763.202,7551.475795328301,9238.700174421376
2026-09-01 10:47:01,8000.0,8010.0,Put CEX 1,CEX,-3139624.542,7551.475795328301,9238.700174421376
2026-09-01 10:47:01,8000.0,8010.0,Put DEX 1,DEX,-2527.502,7551.475795328301,9238.700174421376
2026-09-01 10:47:01,8000.0,8010.0,Put GEX 3,GEX,-433836.356,7551.475795328301,9238.700174421376
2026-09-01 10:47:01,8000.0,8010.0,Put VEX 1,VEX,-10272459.798,7551.475795328301,9238.700174421376
2026-09-01 10:47:49,7000.0,7009.0,Call CEX 4,CEX,1433735.685,7552.885390183936,9240.468583424366
2026-09-01 10:47:49,7000.0,7009.0,Call DEX 1,DEX,883.753,7552.885390183936,9240.468583424366
2026-09-01 10:47:49,7000.0,7009.0,Put GEX 1,GEX,-714851.822,7552.885390183936,9240.468583424366
2026-09-01 10:47:49,7000.0,7009.0,Call VEX 1,VEX,6506451.72,7552.885390183936,9240.468583424366
2026-09-01 10:47:49,7300.0,7309.25,Call DEX 2,DEX,263.071,7552.885390183936,9240.468583424366
2026-09-01 10:47:49,7300.0,7309.25,Call VEX 5,VEX,1592387.161,7552.885390183936,9240.468583424366
2026-09-01 10:47:49,7400.0,7409.5,Call DEX 3,DEX,207.968,7552.885390183936,9240.468583424366
2026-09-01 10:47:49,7400.0,7409.5,Call VEX 3,VEX,2105034.568,7552.885390183936,9240.468583424366
2026-09-01 10:47:49,7450.0,7459.5,Call DEX 4,DEX,204.74,7552.885390183936,9240.468583424366
2026-09-01 10:47:49,7450.0,7459.5,Call VEX 4,VEX,1854233.926,7552.885390183936,9240.468583424366
2026-09-01 10:47:49,7500.0,7509.5,Call CEX 5,CEX,1421252.729,7552.885390183936,9240.468583424366
2026-09-01 10:47:49,7500.0,7509.5,Call DEX 5,DEX,152.063,7552.885390183936,9240.468583424366
2026-09-01 10:47:49,7500.0,7509.5,Put GEX 2,GEX,-571501.394,7552.885390183936,9240.468583424366
2026-09-01 10:47:49,7500.0,7509.5,Call VEX 2,VEX,2929925.154,7552.885390183936,9240.468583424366
2026-09-01 10:47:49,7515.0,7524.5,Call CEX 3,CEX,1460764.041,7552.885390183936,9240.468583424366
2026-09-01 10:47:49,7550.0,7559.5,Put GEX 4,GEX,-370765.982,7552.885390183936,9240.468583424366
2026-09-01 10:47:49,7600.0,7609.75,Call CEX 1,CEX,2080853.65,7552.885390183936,9240.468583424366
2026-09-01 10:47:49,7625.0,7634.75,Call CEX 2,CEX,1710086.759,7552.885390183936,9240.468583424366
2026-09-01 10:47:49,7625.0,7634.75,Put GEX 5,GEX,-356440.82,7552.885390183936,9240.468583424366
2026-09-01 10:47:49,7650.0,7659.75,Put CEX 2,CEX,-2577478.424,7552.885390183936,9240.468583424366
2026-09-01 10:47:49,7650.0,7659.75,Put DEX 5,DEX,-62.107,7552.885390183936,9240.468583424366
2026-09-01 10:47:49,7675.0,7684.75,Put CEX 3,CEX,-2275740.296,7552.885390183936,9240.468583424366
2026-09-01 10:47:49,7700.0,7709.75,Put CEX 4,CEX,-2101090.396,7552.885390183936,9240.468583424366
2026-09-01 10:47:49,7700.0,7709.75,Put DEX 2,DEX,-184.279,7552.885390183936,9240.468583424366
2026-09-01 10:47:49,7700.0,7709.75,Put VEX 5,VEX,-887555.255,7552.885390183936,9240.468583424366
2026-09-01 10:47:49,7750.0,7759.75,Put CEX 5,CEX,-1514324.45,7552.885390183936,9240.468583424366
2026-09-01 10:47:49,7750.0,7759.75,Put DEX 3,DEX,-86.464,7552.885390183936,9240.468583424366
2026-09-01 10:47:49,7750.0,7759.75,Call GEX 3,GEX,288297.265,7552.885390183936,9240.468583424366
2026-09-01 10:47:49,7750.0,7759.75,Put VEX 3,VEX,-1069065.903,7552.885390183936,9240.468583424366
2026-09-01 10:47:49,7800.0,7810.0,Put DEX 4,DEX,-65.33,7552.885390183936,9240.468583424366
2026-09-01 10:47:49,7800.0,7810.0,Call GEX 1,GEX,519542.384,7552.885390183936,9240.468583424366
2026-09-01 10:47:49,7800.0,7810.0,Put VEX 2,VEX,-1684169.788,7552.885390183936,9240.468583424366
2026-09-01 10:47:49,7850.0,7860.0,Call GEX 4,GEX,276328.649,7552.885390183936,9240.468583424366
2026-09-01 10:47:49,7900.0,7910.0,Call GEX 2,GEX,374775.165,7552.885390183936,9240.468583424366
2026-09-01 10:47:49,7900.0,7910.0,Put VEX 4,VEX,-971945.383,7552.885390183936,9240.468583424366
2026-09-01 10:47:49,7950.0,7960.0,Call GEX 5,GEX,163033.469,7552.885390183936,9240.468583424366
2026-09-01 10:47:49,8000.0,8010.25,Put CEX 1,CEX,-3116165.461,7552.885390183936,9240.468583424366
2026-09-01 10:47:49,8000.0,8010.25,Put DEX 1,DEX,-2538.63,7552.885390183936,9240.468583424366
2026-09-01 10:47:49,8000.0,8010.25,Put GEX 3,GEX,-426061.181,7552.885390183936,9240.468583424366
2026-09-01 10:47:49,8000.0,8010.25,Put VEX 1,VEX,-10237564.907,7552.885390183936,9240.468583424366
2026-09-01 10:48:36,7000.0,7009.0,Call CEX 3,CEX,1425754.17,7552.075725403292,9237.907569986182
2026-09-01 10:48:36,7000.0,7009.0,Call DEX 1,DEX,886.45,7552.075725403292,9237.907569986182
2026-09-01 10:48:36,7000.0,7009.0,Put GEX 1,GEX,-723802.886,7552.075725403292,9237.907569986182
2026-09-01 10:48:36,7000.0,7009.0,Call VEX 1,VEX,6435966.788,7552.075725403292,9237.907569986182
2026-09-01 10:48:36,7300.0,7309.5,Call DEX 2,DEX,263.343,7552.075725403292,9237.907569986182
2026-09-01 10:48:36,7300.0,7309.5,Call VEX 5,VEX,1592615.245,7552.075725403292,9237.907569986182
2026-09-01 10:48:36,7400.0,7409.5,Call DEX 3,DEX,208.013,7552.075725403292,9237.907569986182
2026-09-01 10:48:36,7400.0,7409.5,Call VEX 3,VEX,2105790.75,7552.075725403292,9237.907569986182
2026-09-01 10:48:36,7450.0,7459.75,Call DEX 4,DEX,204.786,7552.075725403292,9237.907569986182
2026-09-01 10:48:36,7450.0,7459.75,Call VEX 4,VEX,1854435.139,7552.075725403292,9237.907569986182
2026-09-01 10:48:36,7500.0,7509.75,Call CEX 4,CEX,1422274.326,7552.075725403292,9237.907569986182
2026-09-01 10:48:36,7500.0,7509.75,Call DEX 5,DEX,153.221,7552.075725403292,9237.907569986182
2026-09-01 10:48:36,7500.0,7509.75,Put GEX 2,GEX,-570343.3,7552.075725403292,9237.907569986182
2026-09-01 10:48:36,7500.0,7509.75,Call VEX 2,VEX,2934065.531,7552.075725403292,9237.907569986182
2026-09-01 10:48:36,7550.0,7559.75,Put GEX 4,GEX,-368916.543,7552.075725403292,9237.907569986182
2026-09-01 10:48:36,7600.0,7609.75,Call CEX 1,CEX,2112658.297,7552.075725403292,9237.907569986182
2026-09-01 10:48:36,7610.0,7619.75,Call CEX 5,CEX,1325181.059,7552.075725403292,9237.907569986182
2026-09-01 10:48:36,7625.0,7634.75,Call CEX 2,CEX,1814224.325,7552.075725403292,9237.907569986182
2026-09-01 10:48:36,7625.0,7634.75,Put GEX 5,GEX,-358779.959,7552.075725403292,9237.907569986182
2026-09-01 10:48:36,7650.0,7660.0,Put CEX 2,CEX,-2591564.428,7552.075725403292,9237.907569986182
2026-09-01 10:48:36,7650.0,7660.0,Put DEX 5,DEX,-61.375,7552.075725403292,9237.907569986182
2026-09-01 10:48:36,7675.0,7685.0,Put CEX 3,CEX,-2150569.331,7552.075725403292,9237.907569986182
2026-09-01 10:48:36,7700.0,7710.0,Put CEX 4,CEX,-1999682.403,7552.075725403292,9237.907569986182
2026-09-01 10:48:36,7700.0,7710.0,Put DEX 2,DEX,-182.904,7552.075725403292,9237.907569986182
2026-09-01 10:48:36,7700.0,7710.0,Put VEX 5,VEX,-874402.944,7552.075725403292,9237.907569986182
2026-09-01 10:48:36,7750.0,7760.0,Put CEX 5,CEX,-1487414.045,7552.075725403292,9237.907569986182
2026-09-01 10:48:36,7750.0,7760.0,Put DEX 3,DEX,-85.4,7552.075725403292,9237.907569986182
2026-09-01 10:48:36,7750.0,7760.0,Call GEX 3,GEX,290671.319,7552.075725403292,9237.907569986182
2026-09-01 10:48:36,7750.0,7760.0,Put VEX 3,VEX,-1065293.987,7552.075725403292,9237.907569986182
2026-09-01 10:48:36,7800.0,7810.0,Put DEX 4,DEX,-64.555,7552.075725403292,9237.907569986182
2026-09-01 10:48:36,7800.0,7810.0,Call GEX 1,GEX,522229.134,7552.075725403292,9237.907569986182
2026-09-01 10:48:36,7800.0,7810.0,Put VEX 2,VEX,-1681279.557,7552.075725403292,9237.907569986182
2026-09-01 10:48:36,7850.0,7860.25,Call GEX 4,GEX,277381.494,7552.075725403292,9237.907569986182
2026-09-01 10:48:36,7900.0,7910.25,Call GEX 2,GEX,375723.526,7552.075725403292,9237.907569986182
2026-09-01 10:48:36,7900.0,7910.25,Put VEX 4,VEX,-972717.661,7552.075725403292,9237.907569986182
2026-09-01 10:48:36,7950.0,7960.25,Call GEX 5,GEX,163509.738,7552.075725403292,9237.907569986182
2026-09-01 10:48:36,8000.0,8010.25,Put CEX 1,CEX,-3116249.047,7552.075725403292,9237.907569986182
2026-09-01 10:48:36,8000.0,8010.25,Put DEX 1,DEX,-2536.772,7552.075725403292,9237.907569986182
2026-09-01 10:48:36,8000.0,8010.25,Put GEX 3,GEX,-424522.703,7552.075725403292,9237.907569986182
2026-09-01 10:48:36,8000.0,8010.25,Put VEX 1,VEX,-10236393.59,7552.075725403292,9237.907569986182
2026-09-01 10:49:24,7000.0,7009.5,Call CEX 4,CEX,1433708.911,7553.3644760378365,9242.48280909025
2026-09-01 10:49:24,7000.0,7009.5,Call DEX 1,DEX,883.863,7553.3644760378365,9242.48280909025
2026-09-01 10:49:24,7000.0,7009.5,Put GEX 1,GEX,-721047.099,7553.3644760378365,9242.48280909025
2026-09-01 10:49:24,7000.0,7009.5,Call VEX 1,VEX,6486582.098,7553.3644760378365,9242.48280909025
2026-09-01 10:49:24,7300.0,7309.75,Call DEX 2,DEX,262.456,7553.3644760378365,9242.48280909025
2026-09-01 10:49:24,7300.0,7309.75,Call VEX 5,VEX,1599411.289,7553.3644760378365,9242.48280909025
2026-09-01 10:49:24,7400.0,7410.0,Call DEX 3,DEX,207.071,7553.3644760378365,9242.48280909025
2026-09-01 10:49:24,7400.0,7410.0,Call VEX 3,VEX,2104804.623,7553.3644760378365,9242.48280909025
2026-09-01 10:49:24,7450.0,7460.0,Call DEX 4,DEX,203.498,7553.3644760378365,9242.48280909025
2026-09-01 10:49:24,7450.0,7460.0,Call VEX 4,VEX,1854271.52,7553.3644760378365,9242.48280909025
2026-09-01 10:49:24,7500.0,7510.0,Call CEX 5,CEX,1433362.344,7553.3644760378365,9242.48280909025
2026-09-01 10:49:24,7500.0,7510.0,Call DEX 5,DEX,153.059,7553.3644760378365,9242.48280909025
2026-09-01 10:49:24,7500.0,7510.0,Put GEX 2,GEX,-572438.376,7553.3644760378365,9242.48280909025
2026-09-01 10:49:24,7500.0,7510.0,Call VEX 2,VEX,2923578.786,7553.3644760378365,9242.48280909025
2026-09-01 10:49:24,7515.0,7525.0,Call CEX 3,CEX,1648491.619,7553.3644760378365,9242.48280909025
2026-09-01 10:49:24,7550.0,7560.25,Put GEX 4,GEX,-372460.587,7553.3644760378365,9242.48280909025
2026-09-01 10:49:24,7600.0,7610.25,Call CEX 1,CEX,2239289.387,7553.3644760378365,9242.48280909025
2026-09-01 10:49:24,7625.0,7635.25,Call CEX 2,CEX,1652901.798,7553.3644760378365,9242.48280909025
2026-09-01 10:49:24,7625.0,7635.25,Put GEX 5,GEX,-364642.089,7553.3644760378365,9242.48280909025
2026-09-01 10:49:24,7650.0,7660.25,Put CEX 2,CEX,-2621914.363,7553.3644760378365,9242.48280909025
2026-09-01 10:49:24,7650.0,7660.25,Put DEX 5,DEX,-63.37,7553.3644760378365,9242.48280909025
2026-09-01 10:49:24,7675.0,7685.25,Put CEX 3,CEX,-2149349.358,7553.3644760378365,9242.48280909025
2026-09-01 10:49:24,7700.0,7710.25,Put CEX 4,CEX,-2043438.391,7553.3644760378365,9242.48280909025
2026-09-01 10:49:24,7700.0,7710.25,Put DEX 2,DEX,-185.835,7553.3644760378365,9242.48280909025
2026-09-01 10:49:24,7700.0,7710.25,Put VEX 5,VEX,-895202.719,7553.3644760378365,9242.48280909025
2026-09-01 10:49:24,7750.0,7760.5,Put CEX 5,CEX,-1475504.152,7553.3644760378365,9242.48280909025
2026-09-01 10:49:24,7750.0,7760.5,Put DEX 3,DEX,-87.146,7553.3644760378365,9242.48280909025
2026-09-01 10:49:24,7750.0,7760.5,Call GEX 3,GEX,288816.743,7553.3644760378365,9242.48280909025
2026-09-01 10:49:24,7750.0,7760.5,Put VEX 3,VEX,-1071017.027,7553.3644760378365,9242.48280909025
2026-09-01 10:49:24,7800.0,7810.5,Put DEX 4,DEX,-65.989,7553.3644760378365,9242.48280909025
2026-09-01 10:49:24,7800.0,7810.5,Call GEX 1,GEX,518186.723,7553.3644760378365,9242.48280909025
2026-09-01 10:49:24,7800.0,7810.5,Put VEX 2,VEX,-1686399.387,7553.3644760378365,9242.48280909025
2026-09-01 10:49:24,7850.0,7860.5,Call GEX 4,GEX,275618.338,7553.3644760378365,9242.48280909025
2026-09-01 10:49:24,7900.0,7910.5,Call GEX 2,GEX,373972.152,7553.3644760378365,9242.48280909025
2026-09-01 10:49:24,7900.0,7910.5,Put VEX 4,VEX,-971663.339,7553.3644760378365,9242.48280909025
2026-09-01 10:49:24,7950.0,7960.75,Call GEX 5,GEX,162529.534,7553.3644760378365,9242.48280909025
2026-09-01 10:49:24,8000.0,8010.75,Put CEX 1,CEX,-3114820.899,7553.3644760378365,9242.48280909025
2026-09-01 10:49:24,8000.0,8010.75,Put DEX 1,DEX,-2540.298,7553.3644760378365,9242.48280909025
2026-09-01 10:49:24,8000.0,8010.75,Put GEX 3,GEX,-423929.22,7553.3644760378365,9242.48280909025
2026-09-01 10:49:24,8000.0,8010.75,Put VEX 1,VEX,-10228861.48,7553.3644760378365,9242.48280909025
2026-09-01 10:50:11,7000.0,7009.25,Call CEX 5,CEX,1425421.312,7553.445756762077,9243.530968470322
2026-09-01 10:50:11,7000.0,7009.25,Call DEX 1,DEX,886.369,7553.445756762077,9243.530968470322
2026-09-01 10:50:11,7000.0,7009.25,Put GEX 1,GEX,-735802.141,7553.445756762077,9243.530968470322
2026-09-01 10:50:11,7000.0,7009.25,Call VEX 1,VEX,6395231.741,7553.445756762077,9243.530968470322
2026-09-01 10:50:11,7300.0,7309.75,Call DEX 2,DEX,262.937,7553.445756762077,9243.530968470322
2026-09-01 10:50:11,7300.0,7309.75,Call VEX 5,VEX,1588822.244,7553.445756762077,9243.530968470322
2026-09-01 10:50:11,7400.0,7409.75,Call DEX 3,DEX,206.356,7553.445756762077,9243.530968470322
2026-09-01 10:50:11,7400.0,7409.75,Call VEX 3,VEX,2103162.568,7553.445756762077,9243.530968470322
2026-09-01 10:50:11,7450.0,7459.75,Call DEX 4,DEX,203.003,7553.445756762077,9243.530968470322
2026-09-01 10:50:11,7450.0,7459.75,Call VEX 4,VEX,1854377.45,7553.445756762077,9243.530968470322
2026-09-01 10:50:11,7500.0,7510.0,Call CEX 4,CEX,1429231.76,7553.445756762077,9243.530968470322
2026-09-01 10:50:11,7500.0,7510.0,Call DEX 5,DEX,148.239,7553.445756762077,9243.530968470322
2026-09-01 10:50:11,7500.0,7510.0,Put GEX 2,GEX,-573129.023,7553.445756762077,9243.530968470322
2026-09-01 10:50:11,7500.0,7510.0,Call VEX 2,VEX,2916000.074,7553.445756762077,9243.530968470322
2026-09-01 10:50:11,7515.0,7525.0,Call CEX 2,CEX,1639203.682,7553.445756762077,9243.530968470322
2026-09-01 10:50:11,7550.0,7560.0,Put GEX 4,GEX,-372745.125,7553.445756762077,9243.530968470322
2026-09-01 10:50:11,7600.0,7610.0,Call CEX 1,CEX,2100891.352,7553.445756762077,9243.530968470322
2026-09-01 10:50:11,7625.0,7635.0,Call CEX 3,CEX,1522937.384,7553.445756762077,9243.530968470322
2026-09-01 10:50:11,7625.0,7635.0,Put GEX 5,GEX,-360115.599,7553.445756762077,9243.530968470322
2026-09-01 10:50:11,7650.0,7660.0,Put CEX 2,CEX,-2627666.854,7553.445756762077,9243.530968470322
2026-09-01 10:50:11,7650.0,7660.0,Put DEX 5,DEX,-64.524,7553.445756762077,9243.530968470322
2026-09-01 10:50:11,7675.0,7685.25,Put CEX 3,CEX,-2185454.446,7553.445756762077,9243.530968470322
2026-09-01 10:50:11,7700.0,7710.25,Put CEX 4,CEX,-2098193.121,7553.445756762077,9243.530968470322
2026-09-01 10:50:11,7700.0,7710.25,Put DEX 2,DEX,-187.865,7553.445756762077,9243.530968470322
2026-09-01 10:50:11,7700.0,7710.25,Put VEX 5,VEX,-910415.924,7553.445756762077,9243.530968470322
2026-09-01 10:50:11,7750.0,7760.25,Put CEX 5,CEX,-1529502.138,7553.445756762077,9243.530968470322
2026-09-01 10:50:11,7750.0,7760.25,Put DEX 3,DEX,-88.336,7553.445756762077,9243.530968470322
2026-09-01 10:50:11,7750.0,7760.25,Call GEX 3,GEX,288607.956,7553.445756762077,9243.530968470322
2026-09-01 10:50:11,7750.0,7760.25,Put VEX 3,VEX,-1076897.325,7553.445756762077,9243.530968470322
2026-09-01 10:50:11,7800.0,7810.25,Put DEX 4,DEX,-66.965,7553.445756762077,9243.530968470322
2026-09-01 10:50:11,7800.0,7810.25,Call GEX 1,GEX,516957.209,7553.445756762077,9243.530968470322
2026-09-01 10:50:11,7800.0,7810.25,Put VEX 2,VEX,-1687934.702,7553.445756762077,9243.530968470322
2026-09-01 10:50:11,7850.0,7860.25,Call GEX 4,GEX,274667.669,7553.445756762077,9243.530968470322
2026-09-01 10:50:11,7900.0,7910.5,Call GEX 2,GEX,372471.405,7553.445756762077,9243.530968470322
2026-09-01 10:50:11,7900.0,7910.5,Put VEX 4,VEX,-969760.568,7553.445756762077,9243.530968470322
2026-09-01 10:50:11,7950.0,7960.5,Call GEX 5,GEX,161871.21,7553.445756762077,9243.530968470322
2026-09-01 10:50:11,8000.0,8010.5,Put CEX 1,CEX,-3123941.371,7553.445756762077,9243.530968470322
2026-09-01 10:50:11,8000.0,8010.5,Put DEX 1,DEX,-2533.142,7553.445756762077,9243.530968470322
2026-09-01 10:50:11,8000.0,8010.5,Put GEX 3,GEX,-432345.7,7553.445756762077,9243.530968470322
2026-09-01 10:50:11,8000.0,8010.5,Put VEX 1,VEX,-10255024.277,7553.445756762077,9243.530968470322
2026-09-01 10:50:59,7000.0,7009.25,Call CEX 5,CEX,1442716.948,7552.583288365088,9244.734322878629
2026-09-01 10:50:59,7000.0,7009.25,Call DEX 1,DEX,880.948,7552.583288365088,9244.734322878629
2026-09-01 10:50:59,7000.0,7009.25,Put GEX 1,GEX,-713859.806,7552.583288365088,9244.734322878629
2026-09-01 10:50:59,7000.0,7009.25,Call VEX 1,VEX,6551879.096,7552.583288365088,9244.734322878629
2026-09-01 10:50:59,7300.0,7309.75,Call DEX 2,DEX,261.687,7552.583288365088,9244.734322878629
2026-09-01 10:50:59,7300.0,7309.75,Call VEX 5,VEX,1603879.297,7552.583288365088,9244.734322878629
2026-09-01 10:50:59,7400.0,7409.75,Call DEX 4,DEX,205.614,7552.583288365088,9244.734322878629
2026-09-01 10:50:59,7400.0,7409.75,Call VEX 3,VEX,2104753.328,7552.583288365088,9244.734322878629
2026-09-01 10:50:59,7450.0,7460.0,Call DEX 3,DEX,207.177,7552.583288365088,9244.734322878629
2026-09-01 10:50:59,7450.0,7460.0,Call VEX 4,VEX,1852935.176,7552.583288365088,9244.734322878629
2026-09-01 10:50:59,7500.0,7510.0,Call CEX 4,CEX,1456812.164,7552.583288365088,9244.734322878629
2026-09-01 10:50:59,7500.0,7510.0,Call DEX 5,DEX,151.326,7552.583288365088,9244.734322878629
2026-09-01 10:50:59,7500.0,7510.0,Put GEX 2,GEX,-575232.418,7552.583288365088,9244.734322878629
2026-09-01 10:50:59,7500.0,7510.0,Call VEX 2,VEX,2914545.205,7552.583288365088,9244.734322878629
2026-09-01 10:50:59,7515.0,7525.0,Call CEX 3,CEX,1508803.347,7552.583288365088,9244.734322878629
2026-09-01 10:50:59,7550.0,7560.0,Put GEX 5,GEX,-378257.665,7552.583288365088,9244.734322878629
2026-09-01 10:50:59,7600.0,7610.0,Call CEX 1,CEX,2354445.922,7552.583288365088,9244.734322878629
2026-09-01 10:50:59,7625.0,7635.0,Call CEX 2,CEX,1510233.336,7552.583288365088,9244.734322878629
2026-09-01 10:50:59,7625.0,7635.0,Put GEX 4,GEX,-383879.041,7552.583288365088,9244.734322878629
2026-09-01 10:50:59,7650.0,7660.25,Put CEX 2,CEX,-2639543.991,7552.583288365088,9244.734322878629
2026-09-01 10:50:59,7650.0,7660.25,Put DEX 4,DEX,-65.816,7552.583288365088,9244.734322878629
2026-09-01 10:50:59,7675.0,7685.25,Put CEX 4,CEX,-1707039.46,7552.583288365088,9244.734322878629
2026-09-01 10:50:59,7700.0,7710.25,Put CEX 3,CEX,-1747094.542,7552.583288365088,9244.734322878629
2026-09-01 10:50:59,7700.0,7710.25,Put DEX 2,DEX,-189.192,7552.583288365088,9244.734322878629
2026-09-01 10:50:59,7700.0,7710.25,Put VEX 5,VEX,-907946.31,7552.583288365088,9244.734322878629
2026-09-01 10:50:59,7750.0,7760.25,Put CEX 5,CEX,-1261409.567,7552.583288365088,9244.734322878629
2026-09-01 10:50:59,7750.0,7760.25,Put DEX 3,DEX,-82.649,7552.583288365088,9244.734322878629
2026-09-01 10:50:59,7750.0,7760.25,Call GEX 3,GEX,289886.827,7552.583288365088,9244.734322878629
2026-09-01 10:50:59,7750.0,7760.25,Put VEX 3,VEX,-1072963.234,7552.583288365088,9244.734322878629
2026-09-01 10:50:59,7800.0,7810.25,Put DEX 5,DEX,-65.365,7552.583288365088,9244.734322878629
2026-09-01 10:50:59,7800.0,7810.25,Call GEX 1,GEX,515536.485,7552.583288365088,9244.734322878629
2026-09-01 10:50:59,7800.0,7810.25,Put VEX 2,VEX,-1686902.623,7552.583288365088,9244.734322878629
2026-09-01 10:50:59,7850.0,7860.5,Call GEX 4,GEX,273379.345,7552.583288365088,9244.734322878629
2026-09-01 10:50:59,7900.0,7910.5,Call GEX 2,GEX,372016.719,7552.583288365088,9244.734322878629
2026-09-01 10:50:59,7900.0,7910.5,Put VEX 4,VEX,-969457.92,7552.583288365088,9244.734322878629
2026-09-01 10:50:59,7950.0,7960.5,Call GEX 5,GEX,161708.761,7552.583288365088,9244.734322878629
2026-09-01 10:50:59,8000.0,8010.5,Put CEX 1,CEX,-3090833.322,7552.583288365088,9244.734322878629
2026-09-01 10:50:59,8000.0,8010.5,Put DEX 1,DEX,-2546.556,7552.583288365088,9244.734322878629
2026-09-01 10:50:59,8000.0,8010.5,Put GEX 3,GEX,-418340.279,7552.583288365088,9244.734322878629
2026-09-01 10:50:59,8000.0,8010.5,Put VEX 1,VEX,-10201325.14,7552.583288365088,9244.734322878629
2026-09-01 10:51:47,7000.0,7008.75,Call CEX 5,CEX,1424625.597,7553.427642442299,9241.478905834354
2026-09-01 10:51:47,7000.0,7008.75,Call DEX 1,DEX,886.884,7553.427642442299,9241.478905834354
2026-09-01 10:51:47,7000.0,7008.75,Put GEX 1,GEX,-735401.543,7553.427642442299,9241.478905834354
2026-09-01 10:51:47,7000.0,7008.75,Call VEX 1,VEX,6389919.19,7553.427642442299,9241.478905834354
2026-09-01 10:51:47,7300.0,7309.25,Call DEX 2,DEX,263.91,7553.427642442299,9241.478905834354
2026-09-01 10:51:47,7300.0,7309.25,Call VEX 5,VEX,1577320.447,7553.427642442299,9241.478905834354
2026-09-01 10:51:47,7400.0,7409.25,Call DEX 3,DEX,206.477,7553.427642442299,9241.478905834354
2026-09-01 10:51:47,7400.0,7409.25,Call VEX 3,VEX,2103734.271,7553.427642442299,9241.478905834354
2026-09-01 10:51:47,7450.0,7459.5,Call DEX 4,DEX,203.72,7553.427642442299,9241.478905834354
2026-09-01 10:51:47,7450.0,7459.5,Call VEX 4,VEX,1853310.846,7553.427642442299,9241.478905834354
2026-09-01 10:51:47,7500.0,7509.5,Call CEX 4,CEX,1431236.489,7553.427642442299,9241.478905834354
2026-09-01 10:51:47,7500.0,7509.5,Call DEX 5,DEX,149.067,7553.427642442299,9241.478905834354
2026-09-01 10:51:47,7500.0,7509.5,Put GEX 2,GEX,-572209.479,7553.427642442299,9241.478905834354
2026-09-01 10:51:47,7500.0,7509.5,Call VEX 2,VEX,2918461.41,7553.427642442299,9241.478905834354
2026-09-01 10:51:47,7515.0,7524.5,Call CEX 3,CEX,1470024.264,7553.427642442299,9241.478905834354
2026-09-01 10:51:47,7550.0,7559.5,Put GEX 4,GEX,-369509.535,7553.427642442299,9241.478905834354
2026-09-01 10:51:47,7600.0,7609.5,Call CEX 1,CEX,1991765.016,7553.427642442299,9241.478905834354
2026-09-01 10:51:47,7625.0,7634.5,Call CEX 2,CEX,1618616.578,7553.427642442299,9241.478905834354
2026-09-01 10:51:47,7625.0,7634.5,Put GEX 5,GEX,-348260.774,7553.427642442299,9241.478905834354
2026-09-01 10:51:47,7650.0,7659.75,Put CEX 2,CEX,-2599568.614,7553.427642442299,9241.478905834354
2026-09-01 10:51:47,7650.0,7659.75,Put DEX 5,DEX,-63.276,7553.427642442299,9241.478905834354
2026-09-01 10:51:47,7675.0,7684.75,Put CEX 3,CEX,-2429236.353,7553.427642442299,9241.478905834354
2026-09-01 10:51:47,7690.0,7699.75,Put CEX 5,CEX,-1693240.219,7553.427642442299,9241.478905834354
2026-09-01 10:51:47,7700.0,7709.75,Put CEX 4,CEX,-2288255.243,7553.427642442299,9241.478905834354
2026-09-01 10:51:47,7700.0,7709.75,Put DEX 2,DEX,-186.083,7553.427642442299,9241.478905834354
2026-09-01 10:51:47,7700.0,7709.75,Put VEX 5,VEX,-906891.125,7553.427642442299,9241.478905834354
2026-09-01 10:51:47,7750.0,7759.75,Put DEX 3,DEX,-87.09,7553.427642442299,9241.478905834354
2026-09-01 10:51:47,7750.0,7759.75,Call GEX 3,GEX,285608.168,7553.427642442299,9241.478905834354
2026-09-01 10:51:47,7750.0,7759.75,Put VEX 3,VEX,-1078869.519,7553.427642442299,9241.478905834354
2026-09-01 10:51:47,7800.0,7809.75,Put DEX 4,DEX,-66.234,7553.427642442299,9241.478905834354
2026-09-01 10:51:47,7800.0,7809.75,Call GEX 1,GEX,517360.718,7553.427642442299,9241.478905834354
2026-09-01 10:51:47,7800.0,7809.75,Put VEX 2,VEX,-1688300.349,7553.427642442299,9241.478905834354
2026-09-01 10:51:47,7850.0,7860.0,Call GEX 4,GEX,273829.537,7553.427642442299,9241.478905834354
2026-09-01 10:51:47,7900.0,7910.0,Call GEX 2,GEX,373106.127,7553.427642442299,9241.478905834354
2026-09-01 10:51:47,7900.0,7910.0,Put VEX 4,VEX,-970243.237,7553.427642442299,9241.478905834354
2026-09-01 10:51:47,7950.0,7960.0,Call GEX 5,GEX,161996.372,7553.427642442299,9241.478905834354
2026-09-01 10:51:47,8000.0,8010.0,Put CEX 1,CEX,-3134402.695,7553.427642442299,9241.478905834354
2026-09-01 10:51:47,8000.0,8010.0,Put DEX 1,DEX,-2530.913,7553.427642442299,9241.478905834354
2026-09-01 10:51:47,8000.0,8010.0,Put GEX 3,GEX,-435274.256,7553.427642442299,9241.478905834354
2026-09-01 10:51:47,8000.0,8010.0,Put VEX 1,VEX,-10266804.053,7553.427642442299,9241.478905834354
2026-09-01 10:52:35,7000.0,7009.0,Call CEX 4,CEX,1433226.114,7547.721394034192,9239.719013795457
2026-09-01 10:52:35,7000.0,7009.0,Call DEX 1,DEX,920.828,7547.721394034192,9239.719013795457
2026-09-01 10:52:35,7000.0,7009.0,Put GEX 1,GEX,-730168.863,7547.721394034192,9239.719013795457
2026-09-01 10:52:35,7000.0,7009.0,Call VEX 1,VEX,6420022.251,7547.721394034192,9239.719013795457
2026-09-01 10:52:35,7300.0,7309.5,Call DEX 2,DEX,262.583,7547.721394034192,9239.719013795457
2026-09-01 10:52:35,7300.0,7309.5,Call VEX 5,VEX,1597771.018,7547.721394034192,9239.719013795457
2026-09-01 10:52:35,7400.0,7409.75,Call DEX 4,DEX,207.002,7547.721394034192,9239.719013795457
2026-09-01 10:52:35,7400.0,7409.75,Call VEX 3,VEX,2104677.006,7547.721394034192,9239.719013795457
2026-09-01 10:52:35,7450.0,7459.75,Call DEX 3,DEX,208.698,7547.721394034192,9239.719013795457
2026-09-01 10:52:35,7450.0,7459.75,Call VEX 4,VEX,1855038.611,7547.721394034192,9239.719013795457
2026-09-01 10:52:35,7500.0,7509.75,Call CEX 3,CEX,1454926.19,7547.721394034192,9239.719013795457
2026-09-01 10:52:35,7500.0,7509.75,Call DEX 5,DEX,154.217,7547.721394034192,9239.719013795457
2026-09-01 10:52:35,7500.0,7509.75,Put GEX 2,GEX,-570958.127,7547.721394034192,9239.719013795457
2026-09-01 10:52:35,7500.0,7509.75,Call VEX 2,VEX,2924338.892,7547.721394034192,9239.719013795457
2026-09-01 10:52:35,7550.0,7559.75,Put GEX 5,GEX,-371045.812,7547.721394034192,9239.719013795457
2026-09-01 10:52:35,7600.0,7610.0,Call CEX 1,CEX,2272193.975,7547.721394034192,9239.719013795457
2026-09-01 10:52:35,7610.0,7620.0,Call CEX 5,CEX,1373294.02,7547.721394034192,9239.719013795457
2026-09-01 10:52:35,7625.0,7635.0,Call CEX 2,CEX,1715868.443,7547.721394034192,9239.719013795457
2026-09-01 10:52:35,7625.0,7635.0,Put GEX 4,GEX,-375183.105,7547.721394034192,9239.719013795457
2026-09-01 10:52:35,7650.0,7660.0,Put CEX 2,CEX,-2666187.85,7547.721394034192,9239.719013795457
2026-09-01 10:52:35,7650.0,7660.0,Put DEX 5,DEX,-63.619,7547.721394034192,9239.719013795457
2026-09-01 10:52:35,7675.0,7685.0,Put CEX 3,CEX,-1435710.123,7547.721394034192,9239.719013795457
2026-09-01 10:52:35,7700.0,7710.0,Put CEX 4,CEX,-1380748.73,7547.721394034192,9239.719013795457
2026-09-01 10:52:35,7700.0,7710.0,Put DEX 2,DEX,-186.262,7547.721394034192,9239.719013795457
2026-09-01 10:52:35,7700.0,7710.0,Put VEX 5,VEX,-878233.5,7547.721394034192,9239.719013795457
2026-09-01 10:52:35,7750.0,7760.0,Put CEX 5,CEX,-1055678.873,7547.721394034192,9239.719013795457
2026-09-01 10:52:35,7750.0,7760.0,Put DEX 3,DEX,-87.204,7547.721394034192,9239.719013795457
2026-09-01 10:52:35,7750.0,7760.0,Call GEX 3,GEX,289887.162,7547.721394034192,9239.719013795457
2026-09-01 10:52:35,7750.0,7760.0,Put VEX 3,VEX,-1059728.429,7547.721394034192,9239.719013795457
2026-09-01 10:52:35,7800.0,7810.25,Put DEX 4,DEX,-63.711,7547.721394034192,9239.719013795457
2026-09-01 10:52:35,7800.0,7810.25,Call GEX 1,GEX,520741.869,7547.721394034192,9239.719013795457
2026-09-01 10:52:35,7800.0,7810.25,Put VEX 2,VEX,-1682689.985,7547.721394034192,9239.719013795457
2026-09-01 10:52:35,7850.0,7860.25,Call GEX 4,GEX,274920.929,7547.721394034192,9239.719013795457
2026-09-01 10:52:35,7900.0,7910.25,Call GEX 2,GEX,373580.39,7547.721394034192,9239.719013795457
2026-09-01 10:52:35,7900.0,7910.25,Put VEX 4,VEX,-970641.887,7547.721394034192,9239.719013795457
2026-09-01 10:52:35,7950.0,7960.25,Call GEX 5,GEX,162355.952,7547.721394034192,9239.719013795457
2026-09-01 10:52:35,8000.0,8010.5,Put CEX 1,CEX,-3104425.891,7547.721394034192,9239.719013795457
2026-09-01 10:52:35,8000.0,8010.5,Put DEX 1,DEX,-2536.524,7547.721394034192,9239.719013795457
2026-09-01 10:52:35,8000.0,8010.5,Put GEX 3,GEX,-425806.984,7547.721394034192,9239.719013795457
2026-09-01 10:52:35,8000.0,8010.5,Put VEX 1,VEX,-10235241.554,7547.721394034192,9239.719013795457
2026-09-01 10:53:23,7000.0,7008.25,Call CEX 5,CEX,1411073.447,7553.164546735887,9238.860605061413
2026-09-01 10:53:23,7000.0,7008.25,Call DEX 1,DEX,890.302,7553.164546735887,9238.860605061413
2026-09-01 10:53:23,7000.0,7008.25,Put GEX 1,GEX,-744604.642,7553.164546735887,9238.860605061413
2026-09-01 10:53:23,7000.0,7008.25,Call VEX 1,VEX,6297173.482,7553.164546735887,9238.860605061413
2026-09-01 10:53:23,7300.0,7308.5,Call DEX 2,DEX,264.527,7553.164546735887,9238.860605061413
2026-09-01 10:53:23,7300.0,7308.5,Call VEX 5,VEX,1573506.178,7553.164546735887,9238.860605061413
2026-09-01 10:53:23,7400.0,7408.75,Call DEX 3,DEX,208.299,7553.164546735887,9238.860605061413
2026-09-01 10:53:23,7400.0,7408.75,Call VEX 3,VEX,2101761.692,7553.164546735887,9238.860605061413
2026-09-01 10:53:23,7450.0,7458.75,Call DEX 4,DEX,205.002,7553.164546735887,9238.860605061413
2026-09-01 10:53:23,7450.0,7458.75,Call VEX 4,VEX,1854733.787,7553.164546735887,9238.860605061413
2026-09-01 10:53:23,7500.0,7508.75,Call CEX 4,CEX,1433638.174,7553.164546735887,9238.860605061413
2026-09-01 10:53:23,7500.0,7508.75,Call DEX 5,DEX,151.72,7553.164546735887,9238.860605061413
2026-09-01 10:53:23,7500.0,7508.75,Put GEX 2,GEX,-568723.568,7553.164546735887,9238.860605061413
2026-09-01 10:53:23,7500.0,7508.75,Call VEX 2,VEX,2927850.562,7553.164546735887,9238.860605061413
2026-09-01 10:53:23,7515.0,7523.75,Call CEX 3,CEX,1475422.386,7553.164546735887,9238.860605061413
2026-09-01 10:53:23,7550.0,7559.0,Put GEX 4,GEX,-368248.423,7553.164546735887,9238.860605061413
2026-09-01 10:53:23,7600.0,7609.0,Call CEX 1,CEX,1946910.263,7553.164546735887,9238.860605061413
2026-09-01 10:53:23,7625.0,7634.0,Call CEX 2,CEX,1742882.864,7553.164546735887,9238.860605061413
2026-09-01 10:53:23,7625.0,7634.0,Put GEX 5,GEX,-348565.731,7553.164546735887,9238.860605061413
2026-09-01 10:53:23,7650.0,7659.0,Put CEX 2,CEX,-2608330.883,7553.164546735887,9238.860605061413
2026-09-01 10:53:23,7650.0,7659.0,Put DEX 5,DEX,-62.262,7553.164546735887,9238.860605061413
2026-09-01 10:53:23,7675.0,7684.0,Put CEX 3,CEX,-2439510.096,7553.164546735887,9238.860605061413
2026-09-01 10:53:23,7690.0,7699.0,Put CEX 5,CEX,-1693563.129,7553.164546735887,9238.860605061413
2026-09-01 10:53:23,7700.0,7709.0,Put CEX 4,CEX,-2287278.257,7553.164546735887,9238.860605061413
2026-09-01 10:53:23,7700.0,7709.0,Put DEX 2,DEX,-184.429,7553.164546735887,9238.860605061413
2026-09-01 10:53:23,7700.0,7709.0,Put VEX 5,VEX,-895394.214,7553.164546735887,9238.860605061413
2026-09-01 10:53:23,7750.0,7759.0,Put DEX 3,DEX,-86.303,7553.164546735887,9238.860605061413
2026-09-01 10:53:23,7750.0,7759.0,Call GEX 3,GEX,282732.774,7553.164546735887,9238.860605061413
2026-09-01 10:53:23,7750.0,7759.0,Put VEX 3,VEX,-1069419.858,7553.164546735887,9238.860605061413
2026-09-01 10:53:23,7800.0,7809.25,Put DEX 4,DEX,-65.275,7553.164546735887,9238.860605061413
2026-09-01 10:53:23,7800.0,7809.25,Call GEX 1,GEX,520579.015,7553.164546735887,9238.860605061413
2026-09-01 10:53:23,7800.0,7809.25,Put VEX 2,VEX,-1685104.45,7553.164546735887,9238.860605061413
2026-09-01 10:53:23,7850.0,7859.25,Call GEX 4,GEX,274790.193,7553.164546735887,9238.860605061413
2026-09-01 10:53:23,7900.0,7909.25,Call GEX 2,GEX,373934.675,7553.164546735887,9238.860605061413
2026-09-01 10:53:23,7900.0,7909.25,Put VEX 4,VEX,-970781.876,7553.164546735887,9238.860605061413
2026-09-01 10:53:23,7950.0,7959.25,Call GEX 5,GEX,162491.398,7553.164546735887,9238.860605061413
2026-09-01 10:53:23,8000.0,8009.5,Put CEX 1,CEX,-3128359.965,7553.164546735887,9238.860605061413
2026-09-01 10:53:23,8000.0,8009.5,Put DEX 1,DEX,-2530.662,7553.164546735887,9238.860605061413
2026-09-01 10:53:23,8000.0,8009.5,Put GEX 3,GEX,-433501.039,7553.164546735887,9238.860605061413
2026-09-01 10:53:23,8000.0,8009.5,Put VEX 1,VEX,-10263076.109,7553.164546735887,9238.860605061413
2026-09-01 10:54:10,7000.0,7009.0,Call CEX 5,CEX,1410528.777,7553.583923224334,9247.153771709218
2026-09-01 10:54:10,7000.0,7009.0,Call DEX 1,DEX,890.347,7553.583923224334,9247.153771709218
2026-09-01 10:54:10,7000.0,7009.0,Put GEX 1,GEX,-755052.294,7553.583923224334,9247.153771709218
2026-09-01 10:54:10,7000.0,7009.0,Call VEX 1,VEX,6257337.658,7553.583923224334,9247.153771709218
2026-09-01 10:54:10,7300.0,7309.25,Call DEX 2,DEX,263.324,7553.583923224334,9247.153771709218
2026-09-01 10:54:10,7300.0,7309.25,Call VEX 5,VEX,1585058.876,7553.583923224334,9247.153771709218
2026-09-01 10:54:10,7400.0,7409.5,Call DEX 3,DEX,206.483,7553.583923224334,9247.153771709218
2026-09-01 10:54:10,7400.0,7409.5,Call VEX 3,VEX,2103074.77,7553.583923224334,9247.153771709218
2026-09-01 10:54:10,7450.0,7459.5,Call DEX 4,DEX,203.159,7553.583923224334,9247.153771709218
2026-09-01 10:54:10,7450.0,7459.5,Call VEX 4,VEX,1852537.823,7553.583923224334,9247.153771709218
2026-09-01 10:54:10,7500.0,7509.5,Call CEX 4,CEX,1435546.68,7553.583923224334,9247.153771709218
2026-09-01 10:54:10,7500.0,7509.5,Call DEX 5,DEX,149.036,7553.583923224334,9247.153771709218
2026-09-01 10:54:10,7500.0,7509.5,Put GEX 2,GEX,-571084.914,7553.583923224334,9247.153771709218
2026-09-01 10:54:10,7500.0,7509.5,Call VEX 2,VEX,2917855.443,7553.583923224334,9247.153771709218
2026-09-01 10:54:10,7515.0,7524.5,Call CEX 3,CEX,1505805.396,7553.583923224334,9247.153771709218
2026-09-01 10:54:10,7550.0,7559.5,Put GEX 4,GEX,-370301.603,7553.583923224334,9247.153771709218
2026-09-01 10:54:10,7600.0,7609.75,Call CEX 1,CEX,2144912.346,7553.583923224334,9247.153771709218
2026-09-01 10:54:10,7625.0,7634.75,Call CEX 2,CEX,1619587.384,7553.583923224334,9247.153771709218
2026-09-01 10:54:10,7625.0,7634.75,Put GEX 5,GEX,-369230.593,7553.583923224334,9247.153771709218
2026-09-01 10:54:10,7650.0,7659.75,Put CEX 2,CEX,-2679096.359,7553.583923224334,9247.153771709218
2026-09-01 10:54:10,7650.0,7659.75,Put DEX 5,DEX,-64.51,7553.583923224334,9247.153771709218
2026-09-01 10:54:10,7675.0,7684.75,Put CEX 3,CEX,-2203231.811,7553.583923224334,9247.153771709218
2026-09-01 10:54:10,7700.0,7709.75,Put CEX 4,CEX,-1998851.709,7553.583923224334,9247.153771709218
2026-09-01 10:54:10,7700.0,7709.75,Put DEX 2,DEX,-187.605,7553.583923224334,9247.153771709218
2026-09-01 10:54:10,7700.0,7709.75,Put VEX 5,VEX,-905739.201,7553.583923224334,9247.153771709218
2026-09-01 10:54:10,7750.0,7759.75,Put CEX 5,CEX,-1528605.261,7553.583923224334,9247.153771709218
2026-09-01 10:54:10,7750.0,7759.75,Put DEX 3,DEX,-87.978,7553.583923224334,9247.153771709218
2026-09-01 10:54:10,7750.0,7759.75,Call GEX 3,GEX,288196.169,7553.583923224334,9247.153771709218
2026-09-01 10:54:10,7750.0,7759.75,Put VEX 3,VEX,-1076362.43,7553.583923224334,9247.153771709218
2026-09-01 10:54:10,7800.0,7810.0,Put DEX 4,DEX,-67.074,7553.583923224334,9247.153771709218
2026-09-01 10:54:10,7800.0,7810.0,Call GEX 1,GEX,517681.36,7553.583923224334,9247.153771709218
2026-09-01 10:54:10,7800.0,7810.0,Put VEX 2,VEX,-1686607.227,7553.583923224334,9247.153771709218
2026-09-01 10:54:10,7850.0,7860.0,Call GEX 4,GEX,273637.269,7553.583923224334,9247.153771709218
2026-09-01 10:54:10,7900.0,7910.0,Call GEX 2,GEX,371989.286,7553.583923224334,9247.153771709218
2026-09-01 10:54:10,7900.0,7910.0,Put VEX 4,VEX,-968066.835,7553.583923224334,9247.153771709218
2026-09-01 10:54:10,7950.0,7960.0,Call GEX 5,GEX,161584.498,7553.583923224334,9247.153771709218
2026-09-01 10:54:10,8000.0,8010.25,Put CEX 1,CEX,-3115744.136,7553.583923224334,9247.153771709218
2026-09-01 10:54:10,8000.0,8010.25,Put DEX 1,DEX,-2533.103,7553.583923224334,9247.153771709218
2026-09-01 10:54:10,8000.0,8010.25,Put GEX 3,GEX,-438771.364,7553.583923224334,9247.153771709218
2026-09-01 10:54:10,8000.0,8010.25,Put VEX 1,VEX,-10236114.988,7553.583923224334,9247.153771709218
2026-09-01 10:54:58,7000.0,7009.25,Call CEX 5,CEX,1431991.979,7553.8865862631155,9250.52530036532
2026-09-01 10:54:58,7000.0,7009.25,Call DEX 1,DEX,890.039,7553.8865862631155,9250.52530036532
2026-09-01 10:54:58,7000.0,7009.25,Put GEX 1,GEX,-729551.761,7553.8865862631155,9250.52530036532
2026-09-01 10:54:58,7000.0,7009.25,Call VEX 1,VEX,6447513.208,7553.8865862631155,9250.52530036532
2026-09-01 10:54:58,7300.0,7309.5,Call DEX 2,DEX,262.401,7553.8865862631155,9250.52530036532
2026-09-01 10:54:58,7300.0,7309.5,Call VEX 5,VEX,1592362.908,7553.8865862631155,9250.52530036532
2026-09-01 10:54:58,7400.0,7409.75,Call DEX 3,DEX,205.465,7553.8865862631155,9250.52530036532
2026-09-01 10:54:58,7400.0,7409.75,Call VEX 3,VEX,2103186.987,7553.8865862631155,9250.52530036532
2026-09-01 10:54:58,7450.0,7459.75,Call DEX 4,DEX,202.261,7553.8865862631155,9250.52530036532
2026-09-01 10:54:58,7450.0,7459.75,Call VEX 4,VEX,1850806.739,7553.8865862631155,9250.52530036532
2026-09-01 10:54:58,7500.0,7509.75,Call CEX 4,CEX,1442534.381,7553.8865862631155,9250.52530036532
2026-09-01 10:54:58,7500.0,7509.75,Call DEX 5,DEX,149.718,7553.8865862631155,9250.52530036532
2026-09-01 10:54:58,7500.0,7509.75,Put GEX 2,GEX,-574763.41,7553.8865862631155,9250.52530036532
2026-09-01 10:54:58,7500.0,7509.75,Call VEX 2,VEX,2909780.482,7553.8865862631155,9250.52530036532
2026-09-01 10:54:58,7515.0,7524.75,Call CEX 2,CEX,1523297.467,7553.8865862631155,9250.52530036532
2026-09-01 10:54:58,7550.0,7560.0,Put GEX 5,GEX,-375448.426,7553.8865862631155,9250.52530036532
2026-09-01 10:54:58,7600.0,7610.0,Call CEX 1,CEX,2322507.795,7553.8865862631155,9250.52530036532
2026-09-01 10:54:58,7625.0,7635.0,Call CEX 3,CEX,1498068.468,7553.8865862631155,9250.52530036532
2026-09-01 10:54:58,7625.0,7635.0,Put GEX 4,GEX,-381087.609,7553.8865862631155,9250.52530036532
2026-09-01 10:54:58,7650.0,7660.0,Put CEX 2,CEX,-2689760.806,7553.8865862631155,9250.52530036532
2026-09-01 10:54:58,7650.0,7660.0,Put DEX 5,DEX,-66.221,7553.8865862631155,9250.52530036532
2026-09-01 10:54:58,7675.0,7685.0,Put CEX 3,CEX,-2073592.767,7553.8865862631155,9250.52530036532
2026-09-01 10:54:58,7700.0,7710.0,Put CEX 4,CEX,-1870726.75,7553.8865862631155,9250.52530036532
2026-09-01 10:54:58,7700.0,7710.0,Put DEX 2,DEX,-189.889,7553.8865862631155,9250.52530036532
2026-09-01 10:54:58,7700.0,7710.0,Put VEX 5,VEX,-915997.762,7553.8865862631155,9250.52530036532
2026-09-01 10:54:58,7750.0,7760.25,Put CEX 5,CEX,-1445644.857,7553.8865862631155,9250.52530036532
2026-09-01 10:54:58,7750.0,7760.25,Put DEX 3,DEX,-89.36,7553.8865862631155,9250.52530036532
2026-09-01 10:54:58,7750.0,7760.25,Call GEX 3,GEX,287968.939,7553.8865862631155,9250.52530036532
2026-09-01 10:54:58,7750.0,7760.25,Put VEX 3,VEX,-1077648.737,7553.8865862631155,9250.52530036532
2026-09-01 10:54:58,7800.0,7810.25,Put DEX 4,DEX,-68.234,7553.8865862631155,9250.52530036532
2026-09-01 10:54:58,7800.0,7810.25,Call GEX 1,GEX,514279.885,7553.8865862631155,9250.52530036532
2026-09-01 10:54:58,7800.0,7810.25,Put VEX 2,VEX,-1689023.168,7553.8865862631155,9250.52530036532
2026-09-01 10:54:58,7850.0,7860.25,Call GEX 4,GEX,271734.03,7553.8865862631155,9250.52530036532
2026-09-01 10:54:58,7900.0,7910.25,Call GEX 2,GEX,370837.586,7553.8865862631155,9250.52530036532
2026-09-01 10:54:58,7900.0,7910.25,Put VEX 4,VEX,-967239.737,7553.8865862631155,9250.52530036532
2026-09-01 10:54:58,7950.0,7960.5,Call GEX 5,GEX,161010.931,7553.8865862631155,9250.52530036532
2026-09-01 10:54:58,8000.0,8010.5,Put CEX 1,CEX,-3097875.243,7553.8865862631155,9250.52530036532
2026-09-01 10:54:58,8000.0,8010.5,Put DEX 1,DEX,-2541.811,7553.8865862631155,9250.52530036532
2026-09-01 10:54:58,8000.0,8010.5,Put GEX 3,GEX,-430786.851,7553.8865862631155,9250.52530036532
2026-09-01 10:54:58,8000.0,8010.5,Put VEX 1,VEX,-10203430.336,7553.8865862631155,9250.52530036532
2026-09-01 10:55:46,7000.0,7009.0,Call CEX 5,CEX,1434152.839,7554.910342686954,9248.711158017944
2026-09-01 10:55:46,7000.0,7009.0,Call DEX 1,DEX,884.04,7554.910342686954,9248.711158017944
2026-09-01 10:55:46,7000.0,7009.0,Put GEX 1,GEX,-731404.339,7554.910342686954,9248.711158017944
2026-09-01 10:55:46,7000.0,7009.0,Call VEX 1,VEX,6450824.111,7554.910342686954,9248.711158017944
2026-09-01 10:55:46,7300.0,7309.5,Call DEX 2,DEX,261.739,7554.910342686954,9248.711158017944
2026-09-01 10:55:46,7300.0,7309.5,Call VEX 5,VEX,1600985.792,7554.910342686954,9248.711158017944
2026-09-01 10:55:46,7400.0,7409.5,Call DEX 3,DEX,205.162,7554.910342686954,9248.711158017944
2026-09-01 10:55:46,7400.0,7409.5,Call VEX 3,VEX,2104542.674,7554.910342686954,9248.711158017944
2026-09-01 10:55:46,7450.0,7459.75,Call DEX 4,DEX,202.216,7554.910342686954,9248.711158017944
2026-09-01 10:55:46,7450.0,7459.75,Call VEX 4,VEX,1851074.482,7554.910342686954,9248.711158017944
2026-09-01 10:55:46,7500.0,7509.75,Call CEX 4,CEX,1439564.315,7554.910342686954,9248.711158017944
2026-09-01 10:55:46,7500.0,7509.75,Call DEX 5,DEX,146.863,7554.910342686954,9248.711158017944
2026-09-01 10:55:46,7500.0,7509.75,Put GEX 2,GEX,-576260.976,7554.910342686954,9248.711158017944
2026-09-01 10:55:46,7500.0,7509.75,Call VEX 2,VEX,2910197.606,7554.910342686954,9248.711158017944
2026-09-01 10:55:46,7515.0,7524.75,Call CEX 3,CEX,1514466.58,7554.910342686954,9248.711158017944
2026-09-01 10:55:46,7550.0,7559.75,Put GEX 4,GEX,-375312.887,7554.910342686954,9248.711158017944
2026-09-01 10:55:46,7600.0,7609.75,Call CEX 1,CEX,1991166.843,7554.910342686954,9248.711158017944
2026-09-01 10:55:46,7625.0,7634.75,Call CEX 2,CEX,1521602.784,7554.910342686954,9248.711158017944
2026-09-01 10:55:46,7625.0,7634.75,Put GEX 5,GEX,-372148.636,7554.910342686954,9248.711158017944
2026-09-01 10:55:46,7650.0,7660.0,Put CEX 2,CEX,-2698462.266,7554.910342686954,9248.711158017944
2026-09-01 10:55:46,7650.0,7660.0,Put DEX 5,DEX,-65.619,7554.910342686954,9248.711158017944
2026-09-01 10:55:46,7675.0,7685.0,Put CEX 3,CEX,-2257898.321,7554.910342686954,9248.711158017944
2026-09-01 10:55:46,7690.0,7700.0,Put CEX 5,CEX,-1536759.357,7554.910342686954,9248.711158017944
2026-09-01 10:55:46,7700.0,7710.0,Put CEX 4,CEX,-2060394.762,7554.910342686954,9248.711158017944
2026-09-01 10:55:46,7700.0,7710.0,Put DEX 2,DEX,-189.285,7554.910342686954,9248.711158017944
2026-09-01 10:55:46,7700.0,7710.0,Put VEX 5,VEX,-918436.242,7554.910342686954,9248.711158017944
2026-09-01 10:55:46,7750.0,7760.0,Put DEX 3,DEX,-88.948,7554.910342686954,9248.711158017944
2026-09-01 10:55:46,7750.0,7760.0,Call GEX 3,GEX,283265.845,7554.910342686954,9248.711158017944
2026-09-01 10:55:46,7750.0,7760.0,Put VEX 3,VEX,-1080980.819,7554.910342686954,9248.711158017944
2026-09-01 10:55:46,7800.0,7810.0,Put DEX 4,DEX,-68.077,7554.910342686954,9248.711158017944
2026-09-01 10:55:46,7800.0,7810.0,Call GEX 1,GEX,513263.055,7554.910342686954,9248.711158017944
2026-09-01 10:55:46,7800.0,7810.0,Put VEX 2,VEX,-1690079.397,7554.910342686954,9248.711158017944
2026-09-01 10:55:46,7850.0,7860.25,Call GEX 4,GEX,271637.041,7554.910342686954,9248.711158017944
2026-09-01 10:55:46,7900.0,7910.25,Call GEX 2,GEX,370509.802,7554.910342686954,9248.711158017944
2026-09-01 10:55:46,7900.0,7910.25,Put VEX 4,VEX,-968312.942,7554.910342686954,9248.711158017944
2026-09-01 10:55:46,7950.0,7960.25,Call GEX 5,GEX,161005.916,7554.910342686954,9248.711158017944
2026-09-01 10:55:46,8000.0,8010.25,Put CEX 1,CEX,-3110931.689,7554.910342686954,9248.711158017944
2026-09-01 10:55:46,8000.0,8010.25,Put DEX 1,DEX,-2542.998,7554.910342686954,9248.711158017944
2026-09-01 10:55:46,8000.0,8010.25,Put GEX 3,GEX,-423289.622,7554.910342686954,9248.711158017944
2026-09-01 10:55:46,8000.0,8010.25,Put VEX 1,VEX,-10215622.288,7554.910342686954,9248.711158017944
2026-09-01 10:56:35,7000.0,7009.0,Call DEX 1,DEX,888.904,7554.280205925835,9249.818930473904
2026-09-01 10:56:35,7000.0,7009.0,Put GEX 1,GEX,-725426.881,7554.280205925835,9249.818930473904
2026-09-01 10:56:35,7000.0,7009.0,Call VEX 1,VEX,6477862.432,7554.280205925835,9249.818930473904
2026-09-01 10:56:35,7300.0,7309.5,Call DEX 2,DEX,261.51,7554.280205925835,9249.818930473904
2026-09-01 10:56:35,7300.0,7309.5,Call VEX 5,VEX,1602503.378,7554.280205925835,9249.818930473904
2026-09-01 10:56:35,7400.0,7409.5,Call DEX 3,DEX,204.774,7554.280205925835,9249.818930473904
2026-09-01 10:56:35,7400.0,7409.5,Call VEX 3,VEX,2104503.431,7554.280205925835,9249.818930473904
2026-09-01 10:56:35,7450.0,7459.75,Call DEX 4,DEX,201.544,7554.280205925835,9249.818930473904
2026-09-01 10:56:35,7450.0,7459.75,Call VEX 4,VEX,1850185.145,7554.280205925835,9249.818930473904
2026-09-01 10:56:35,7500.0,7509.75,Call CEX 4,CEX,1446514.551,7554.280205925835,9249.818930473904
2026-09-01 10:56:35,7500.0,7509.75,Call DEX 5,DEX,149.242,7554.280205925835,9249.818930473904
2026-09-01 10:56:35,7500.0,7509.75,Put GEX 2,GEX,-576296.527,7554.280205925835,9249.818930473904
2026-09-01 10:56:35,7500.0,7509.75,Call VEX 2,VEX,2908175.155,7554.280205925835,9249.818930473904
2026-09-01 10:56:35,7515.0,7524.75,Call CEX 2,CEX,1538267.54,7554.280205925835,9249.818930473904
2026-09-01 10:56:35,7550.0,7559.75,Put GEX 5,GEX,-376890.641,7554.280205925835,9249.818930473904
2026-09-01 10:56:35,7600.0,7609.75,Call CEX 1,CEX,2365212.849,7554.280205925835,9249.818930473904
2026-09-01 10:56:35,7610.0,7619.75,Call CEX 5,CEX,1438600.119,7554.280205925835,9249.818930473904
2026-09-01 10:56:35,7625.0,7634.75,Call CEX 3,CEX,1493282.47,7554.280205925835,9249.818930473904
2026-09-01 10:56:35,7625.0,7634.75,Put GEX 4,GEX,-385121.948,7554.280205925835,9249.818930473904
2026-09-01 10:56:35,7650.0,7660.0,Put CEX 2,CEX,-2705125.339,7554.280205925835,9249.818930473904
2026-09-01 10:56:35,7650.0,7660.0,Put DEX 5,DEX,-66.536,7554.280205925835,9249.818930473904
2026-09-01 10:56:35,7675.0,7685.0,Put CEX 3,CEX,-2101415.056,7554.280205925835,9249.818930473904
2026-09-01 10:56:35,7700.0,7710.0,Put CEX 4,CEX,-1890133.402,7554.280205925835,9249.818930473904
2026-09-01 10:56:35,7700.0,7710.0,Put DEX 2,DEX,-190.252,7554.280205925835,9249.818930473904
2026-09-01 10:56:35,7700.0,7710.0,Put VEX 5,VEX,-918728.264,7554.280205925835,9249.818930473904
2026-09-01 10:56:35,7750.0,7760.0,Put CEX 5,CEX,-1421768.307,7554.280205925835,9249.818930473904
2026-09-01 10:56:35,7750.0,7760.0,Put DEX 3,DEX,-89.529,7554.280205925835,9249.818930473904
2026-09-01 10:56:35,7750.0,7760.0,Call GEX 3,GEX,286395.899,7554.280205925835,9249.818930473904
2026-09-01 10:56:35,7750.0,7760.0,Put VEX 3,VEX,-1078641.492,7554.280205925835,9249.818930473904
2026-09-01 10:56:35,7800.0,7810.0,Put DEX 4,DEX,-68.562,7554.280205925835,9249.818930473904
2026-09-01 10:56:35,7800.0,7810.0,Call GEX 1,GEX,512692.665,7554.280205925835,9249.818930473904
2026-09-01 10:56:35,7800.0,7810.0,Put VEX 2,VEX,-1689980.864,7554.280205925835,9249.818930473904
2026-09-01 10:56:35,7850.0,7860.25,Call GEX 4,GEX,271456.923,7554.280205925835,9249.818930473904
2026-09-01 10:56:35,7900.0,7910.25,Call GEX 2,GEX,370186.305,7554.280205925835,9249.818930473904
2026-09-01 10:56:35,7900.0,7910.25,Put VEX 4,VEX,-968207.189,7554.280205925835,9249.818930473904
2026-09-01 10:56:35,7950.0,7960.25,Call GEX 5,GEX,160849.578,7554.280205925835,9249.818930473904
2026-09-01 10:56:35,8000.0,8010.25,Put CEX 1,CEX,-3099161.417,7554.280205925835,9249.818930473904
2026-09-01 10:56:35,8000.0,8010.25,Put DEX 1,DEX,-2543.61,7554.280205925835,9249.818930473904
2026-09-01 10:56:35,8000.0,8010.25,Put GEX 3,GEX,-429627.097,7554.280205925835,9249.818930473904
2026-09-01 10:56:35,8000.0,8010.25,Put VEX 1,VEX,-10199263.242,7554.280205925835,9249.818930473904
2026-09-01 10:57:24,7000.0,7009.0,Call DEX 1,DEX,890.092,7554.48825960157,9250.120581355017
2026-09-01 10:57:24,7000.0,7009.0,Put GEX 1,GEX,-735298.817,7554.48825960157,9250.120581355017
2026-09-01 10:57:24,7000.0,7009.0,Call VEX 1,VEX,6429876.917,7554.48825960157,9250.120581355017
2026-09-01 10:57:24,7300.0,7309.25,Call DEX 2,DEX,262.153,7554.48825960157,9250.120581355017
2026-09-01 10:57:24,7300.0,7309.25,Call VEX 5,VEX,1593919.755,7554.48825960157,9250.120581355017
2026-09-01 10:57:24,7400.0,7409.5,Call DEX 3,DEX,205.196,7554.48825960157,9250.120581355017
2026-09-01 10:57:24,7400.0,7409.5,Call VEX 3,VEX,2102014.562,7554.48825960157,9250.120581355017
2026-09-01 10:57:24,7450.0,7459.5,Call DEX 4,DEX,201.637,7554.48825960157,9250.120581355017
2026-09-01 10:57:24,7450.0,7459.5,Call VEX 4,VEX,1851055.423,7554.48825960157,9250.120581355017
2026-09-01 10:57:24,7500.0,7509.5,Call CEX 4,CEX,1443132.093,7554.48825960157,9250.120581355017
2026-09-01 10:57:24,7500.0,7509.5,Call DEX 5,DEX,145.559,7554.48825960157,9250.120581355017
2026-09-01 10:57:24,7500.0,7509.5,Put GEX 2,GEX,-575336.847,7554.48825960157,9250.120581355017
2026-09-01 10:57:24,7500.0,7509.5,Call VEX 2,VEX,2904792.057,7554.48825960157,9250.120581355017
2026-09-01 10:57:24,7515.0,7524.5,Call CEX 2,CEX,1527193.467,7554.48825960157,9250.120581355017
2026-09-01 10:57:24,7550.0,7559.75,Put GEX 5,GEX,-374784.853,7554.48825960157,9250.120581355017
2026-09-01 10:57:24,7600.0,7609.75,Call CEX 1,CEX,2258676.699,7554.48825960157,9250.120581355017
2026-09-01 10:57:24,7610.0,7619.75,Call CEX 5,CEX,1441926.611,7554.48825960157,9250.120581355017
2026-09-01 10:57:24,7625.0,7634.75,Call CEX 3,CEX,1472364.426,7554.48825960157,9250.120581355017
2026-09-01 10:57:24,7625.0,7634.75,Put GEX 4,GEX,-379735.231,7554.48825960157,9250.120581355017
2026-09-01 10:57:24,7650.0,7659.75,Put CEX 2,CEX,-2718581.454,7554.48825960157,9250.120581355017
2026-09-01 10:57:24,7650.0,7659.75,Put DEX 5,DEX,-66.521,7554.48825960157,9250.120581355017
2026-09-01 10:57:24,7675.0,7684.75,Put CEX 3,CEX,-2241033.368,7554.48825960157,9250.120581355017
2026-09-01 10:57:24,7700.0,7709.75,Put CEX 4,CEX,-2028513.136,7554.48825960157,9250.120581355017
2026-09-01 10:57:24,7700.0,7709.75,Put DEX 2,DEX,-190.33,7554.48825960157,9250.120581355017
2026-09-01 10:57:24,7700.0,7709.75,Put VEX 5,VEX,-924420.424,7554.48825960157,9250.120581355017
2026-09-01 10:57:24,7750.0,7760.0,Put CEX 5,CEX,-1511544.246,7554.48825960157,9250.120581355017
2026-09-01 10:57:24,7750.0,7760.0,Put DEX 3,DEX,-89.526,7554.48825960157,9250.120581355017
2026-09-01 10:57:24,7750.0,7760.0,Call GEX 3,GEX,287383.562,7554.48825960157,9250.120581355017
2026-09-01 10:57:24,7750.0,7760.0,Put VEX 3,VEX,-1081384.741,7554.48825960157,9250.120581355017
2026-09-01 10:57:24,7800.0,7810.0,Put DEX 4,DEX,-68.66,7554.48825960157,9250.120581355017
2026-09-01 10:57:24,7800.0,7810.0,Call GEX 1,GEX,514004.929,7554.48825960157,9250.120581355017
2026-09-01 10:57:24,7800.0,7810.0,Put VEX 2,VEX,-1690445.578,7554.48825960157,9250.120581355017
2026-09-01 10:57:24,7850.0,7860.0,Call GEX 4,GEX,271349.328,7554.48825960157,9250.120581355017
2026-09-01 10:57:24,7900.0,7910.0,Call GEX 2,GEX,370127.974,7554.48825960157,9250.120581355017
2026-09-01 10:57:24,7900.0,7910.0,Put VEX 4,VEX,-968280.441,7554.48825960157,9250.120581355017
2026-09-01 10:57:24,7950.0,7960.25,Call GEX 5,GEX,160739.707,7554.48825960157,9250.120581355017
2026-09-01 10:57:24,8000.0,8010.25,Put CEX 1,CEX,-3111817.048,7554.48825960157,9250.120581355017
2026-09-01 10:57:24,8000.0,8010.25,Put DEX 1,DEX,-2535.358,7554.48825960157,9250.120581355017
2026-09-01 10:57:24,8000.0,8010.25,Put GEX 3,GEX,-439789.351,7554.48825960157,9250.120581355017
2026-09-01 10:57:24,8000.0,8010.25,Put VEX 1,VEX,-10233794.622,7554.48825960157,9250.120581355017
2026-09-01 10:58:11,7000.0,7008.75,Call DEX 1,DEX,886.698,7554.9150733650495,9249.656051374395
2026-09-01 10:58:11,7000.0,7008.75,Put GEX 1,GEX,-749455.023,7554.9150733650495,9249.656051374395
2026-09-01 10:58:11,7000.0,7008.75,Call VEX 1,VEX,6346050.602,7554.9150733650495,9249.656051374395
2026-09-01 10:58:11,7300.0,7309.25,Call DEX 2,DEX,262.822,7554.9150733650495,9249.656051374395
2026-09-01 10:58:11,7300.0,7309.25,Call VEX 5,VEX,1586803.77,7554.9150733650495,9249.656051374395
2026-09-01 10:58:11,7400.0,7409.5,Call DEX 3,DEX,205.762,7554.9150733650495,9249.656051374395
2026-09-01 10:58:11,7400.0,7409.5,Call VEX 3,VEX,2101565.253,7554.9150733650495,9249.656051374395
2026-09-01 10:58:11,7450.0,7459.5,Call DEX 4,DEX,202.261,7554.9150733650495,9249.656051374395
2026-09-01 10:58:11,7450.0,7459.5,Call VEX 4,VEX,1852261.161,7554.9150733650495,9249.656051374395
2026-09-01 10:58:11,7500.0,7509.5,Call CEX 4,CEX,1446333.092,7554.9150733650495,9249.656051374395
2026-09-01 10:58:11,7500.0,7509.5,Call DEX 5,DEX,146.435,7554.9150733650495,9249.656051374395
2026-09-01 10:58:11,7500.0,7509.5,Put GEX 2,GEX,-574267.315,7554.9150733650495,9249.656051374395
2026-09-01 10:58:11,7500.0,7509.5,Call VEX 2,VEX,2908814.309,7554.9150733650495,9249.656051374395
2026-09-01 10:58:11,7515.0,7524.5,Call CEX 2,CEX,1517105.154,7554.9150733650495,9249.656051374395
2026-09-01 10:58:11,7550.0,7559.5,Put GEX 4,GEX,-374363.885,7554.9150733650495,9249.656051374395
2026-09-01 10:58:11,7600.0,7609.75,Call CEX 1,CEX,2013528.133,7554.9150733650495,9249.656051374395
2026-09-01 10:58:11,7610.0,7619.75,Call CEX 5,CEX,1438532.994,7554.9150733650495,9249.656051374395
2026-09-01 10:58:11,7625.0,7634.75,Call CEX 3,CEX,1493558.566,7554.9150733650495,9249.656051374395
2026-09-01 10:58:11,7625.0,7634.75,Put GEX 5,GEX,-366236.868,7554.9150733650495,9249.656051374395
2026-09-01 10:58:11,7650.0,7659.75,Put CEX 2,CEX,-2719014.725,7554.9150733650495,9249.656051374395
2026-09-01 10:58:11,7650.0,7659.75,Put DEX 5,DEX,-66.018,7554.9150733650495,9249.656051374395
2026-09-01 10:58:11,7675.0,7684.75,Put CEX 3,CEX,-2430435.225,7554.9150733650495,9249.656051374395
2026-09-01 10:58:11,7690.0,7699.75,Put CEX 5,CEX,-1669148.311,7554.9150733650495,9249.656051374395
2026-09-01 10:58:11,7700.0,7709.75,Put CEX 4,CEX,-2179303.426,7554.9150733650495,9249.656051374395
2026-09-01 10:58:11,7700.0,7709.75,Put DEX 2,DEX,-189.775,7554.9150733650495,9249.656051374395
2026-09-01 10:58:11,7700.0,7709.75,Put VEX 5,VEX,-926115.754,7554.9150733650495,9249.656051374395
2026-09-01 10:58:11,7750.0,7759.75,Put DEX 3,DEX,-89.237,7554.9150733650495,9249.656051374395
2026-09-01 10:58:11,7750.0,7759.75,Call GEX 3,GEX,284897.357,7554.9150733650495,9249.656051374395
2026-09-01 10:58:11,7750.0,7759.75,Put VEX 3,VEX,-1083599.164,7554.9150733650495,9249.656051374395
2026-09-01 10:58:11,7800.0,7810.0,Put DEX 4,DEX,-68.113,7554.9150733650495,9249.656051374395
2026-09-01 10:58:11,7800.0,7810.0,Call GEX 1,GEX,513718.42,7554.9150733650495,9249.656051374395
2026-09-01 10:58:11,7800.0,7810.0,Put VEX 2,VEX,-1690549.324,7554.9150733650495,9249.656051374395
2026-09-01 10:58:11,7850.0,7860.0,Call GEX 4,GEX,271327.616,7554.9150733650495,9249.656051374395
2026-09-01 10:58:11,7900.0,7910.0,Call GEX 2,GEX,370286.606,7554.9150733650495,9249.656051374395
2026-09-01 10:58:11,7900.0,7910.0,Put VEX 4,VEX,-968343.343,7554.9150733650495,9249.656051374395
2026-09-01 10:58:11,7950.0,7960.0,Call GEX 5,GEX,160824.111,7554.9150733650495,9249.656051374395
2026-09-01 10:58:11,8000.0,8010.25,Put CEX 1,CEX,-3111362.668,7554.9150733650495,9249.656051374395
2026-09-01 10:58:11,8000.0,8010.25,Put DEX 1,DEX,-2538.576,7554.9150733650495,9249.656051374395
2026-09-01 10:58:11,8000.0,8010.25,Put GEX 3,GEX,-435390.745,7554.9150733650495,9249.656051374395
2026-09-01 10:58:11,8000.0,8010.25,Put VEX 1,VEX,-10218905.611,7554.9150733650495,9249.656051374395
2026-09-01 10:58:59,7000.0,7009.0,Call DEX 1,DEX,881.757,7555.512688764285,9249.01953693872
2026-09-01 10:58:59,7000.0,7009.0,Put GEX 1,GEX,-718785.611,7555.512688764285,9249.01953693872
2026-09-01 10:58:59,7000.0,7009.0,Call VEX 1,VEX,6521982.543,7555.512688764285,9249.01953693872
2026-09-01 10:58:59,7300.0,7309.5,Call DEX 2,DEX,260.767,7555.512688764285,9249.01953693872
2026-09-01 10:58:59,7300.0,7309.5,Call VEX 5,VEX,1612079.362,7555.512688764285,9249.01953693872
2026-09-01 10:58:59,7400.0,7409.75,Call DEX 3,DEX,204.656,7555.512688764285,9249.01953693872
2026-09-01 10:58:59,7400.0,7409.75,Call VEX 3,VEX,2105514.04,7555.512688764285,9249.01953693872
2026-09-01 10:58:59,7450.0,7459.75,Call DEX 4,DEX,201.398,7555.512688764285,9249.01953693872
2026-09-01 10:58:59,7450.0,7459.75,Call VEX 4,VEX,1851724.201,7555.512688764285,9249.01953693872
2026-09-01 10:58:59,7500.0,7509.75,Call CEX 4,CEX,1448734.248,7555.512688764285,9249.01953693872
2026-09-01 10:58:59,7500.0,7509.75,Call DEX 5,DEX,149.306,7555.512688764285,9249.01953693872
2026-09-01 10:58:59,7500.0,7509.75,Put GEX 2,GEX,-579038.285,7555.512688764285,9249.01953693872
2026-09-01 10:58:59,7500.0,7509.75,Call VEX 2,VEX,2908344.86,7555.512688764285,9249.01953693872
2026-09-01 10:58:59,7515.0,7524.75,Call CEX 3,CEX,1546355.948,7555.512688764285,9249.01953693872
2026-09-01 10:58:59,7550.0,7559.75,Put GEX 5,GEX,-378699.556,7555.512688764285,9249.01953693872
2026-09-01 10:58:59,7600.0,7610.0,Call CEX 1,CEX,2323839.522,7555.512688764285,9249.01953693872
2026-09-01 10:58:59,7610.0,7620.0,Call CEX 5,CEX,1440908.253,7555.512688764285,9249.01953693872
2026-09-01 10:58:59,7625.0,7635.0,Call CEX 2,CEX,1571985.153,7555.512688764285,9249.01953693872
2026-09-01 10:58:59,7625.0,7635.0,Put GEX 4,GEX,-390234.179,7555.512688764285,9249.01953693872
2026-09-01 10:58:59,7650.0,7660.0,Put CEX 2,CEX,-2730539.521,7555.512688764285,9249.01953693872
2026-09-01 10:58:59,7650.0,7660.0,Put DEX 5,DEX,-66.326,7555.512688764285,9249.01953693872
2026-09-01 10:58:59,7675.0,7685.0,Put CEX 3,CEX,-2183826.844,7555.512688764285,9249.01953693872
2026-09-01 10:58:59,7700.0,7710.0,Put CEX 4,CEX,-1887403.05,7555.512688764285,9249.01953693872
2026-09-01 10:58:59,7700.0,7710.0,Put DEX 2,DEX,-189.854,7555.512688764285,9249.01953693872
2026-09-01 10:58:59,7700.0,7710.0,Put VEX 5,VEX,-915926.343,7555.512688764285,9249.01953693872
2026-09-01 10:58:59,7750.0,7760.0,Put CEX 5,CEX,-1475814.855,7555.512688764285,9249.01953693872
2026-09-01 10:58:59,7750.0,7760.0,Put DEX 3,DEX,-89.233,7555.512688764285,9249.01953693872
2026-09-01 10:58:59,7750.0,7760.0,Call GEX 3,GEX,282437.282,7555.512688764285,9249.01953693872
2026-09-01 10:58:59,7750.0,7760.0,Put VEX 3,VEX,-1079946.067,7555.512688764285,9249.01953693872
2026-09-01 10:58:59,7800.0,7810.25,Put DEX 4,DEX,-68.37,7555.512688764285,9249.01953693872
2026-09-01 10:58:59,7800.0,7810.25,Call GEX 1,GEX,511598.896,7555.512688764285,9249.01953693872
2026-09-01 10:58:59,7800.0,7810.25,Put VEX 2,VEX,-1690586.158,7555.512688764285,9249.01953693872
2026-09-01 10:58:59,7850.0,7860.25,Call GEX 4,GEX,271551.493,7555.512688764285,9249.01953693872
2026-09-01 10:58:59,7900.0,7910.25,Call GEX 2,GEX,370223.75,7555.512688764285,9249.01953693872
2026-09-01 10:58:59,7900.0,7910.25,Put VEX 4,VEX,-968268.194,7555.512688764285,9249.01953693872
2026-09-01 10:58:59,7950.0,7960.25,Call GEX 5,GEX,160871.746,7555.512688764285,9249.01953693872
2026-09-01 10:58:59,8000.0,8010.5,Put CEX 1,CEX,-3088858.545,7555.512688764285,9249.01953693872
2026-09-01 10:58:59,8000.0,8010.5,Put DEX 1,DEX,-2551.486,7555.512688764285,9249.01953693872
2026-09-01 10:58:59,8000.0,8010.5,Put GEX 3,GEX,-421049.385,7555.512688764285,9249.01953693872
2026-09-01 10:58:59,8000.0,8010.5,Put VEX 1,VEX,-10169516.304,7555.512688764285,9249.01953693872
2026-09-01 10:59:46,7000.0,7008.75,Call CEX 4,CEX,1404478.642,7552.772863598203,9241.315525953449
2026-09-01 10:59:46,7000.0,7008.75,Call DEX 1,DEX,888.734,7552.772863598203,9241.315525953449
2026-09-01 10:59:46,7000.0,7008.75,Put GEX 1,GEX,-745684.581,7552.772863598203,9241.315525953449
2026-09-01 10:59:46,7000.0,7008.75,Call VEX 1,VEX,6253032.883,7552.772863598203,9241.315525953449
2026-09-01 10:59:46,7300.0,7309.25,Call DEX 2,DEX,263.98,7552.772863598203,9241.315525953449
2026-09-01 10:59:46,7300.0,7309.25,Call VEX 5,VEX,1576440.783,7552.772863598203,9241.315525953449
2026-09-01 10:59:46,7400.0,7409.5,Call DEX 3,DEX,209.259,7552.772863598203,9241.315525953449
2026-09-01 10:59:46,7400.0,7409.5,Call VEX 3,VEX,2103420.262,7552.772863598203,9241.315525953449
2026-09-01 10:59:46,7450.0,7459.5,Call DEX 4,DEX,205.895,7552.772863598203,9241.315525953449
2026-09-01 10:59:46,7450.0,7459.5,Call VEX 4,VEX,1857143.778,7552.772863598203,9241.315525953449
2026-09-01 10:59:46,7500.0,7509.5,Call CEX 3,CEX,1443436.411,7552.772863598203,9241.315525953449
2026-09-01 10:59:46,7500.0,7509.5,Call DEX 5,DEX,154.833,7552.772863598203,9241.315525953449
2026-09-01 10:59:46,7500.0,7509.5,Put GEX 2,GEX,-568394.349,7552.772863598203,9241.315525953449
2026-09-01 10:59:46,7500.0,7509.5,Call VEX 2,VEX,2939187.995,7552.772863598203,9241.315525953449
2026-09-01 10:59:46,7550.0,7559.5,Put GEX 4,GEX,-366969.36,7552.772863598203,9241.315525953449
2026-09-01 10:59:46,7600.0,7609.75,Call CEX 2,CEX,1877637.032,7552.772863598203,9241.315525953449
2026-09-01 10:59:46,7610.0,7619.75,Call CEX 5,CEX,1337385.706,7552.772863598203,9241.315525953449
2026-09-01 10:59:46,7625.0,7634.75,Call CEX 1,CEX,1967231.31,7552.772863598203,9241.315525953449
2026-09-01 10:59:46,7625.0,7634.75,Put GEX 5,GEX,-346545.088,7552.772863598203,9241.315525953449
2026-09-01 10:59:46,7650.0,7659.75,Put CEX 2,CEX,-2657636.367,7552.772863598203,9241.315525953449
2026-09-01 10:59:46,7650.0,7659.75,Put DEX 5,DEX,-60.52,7552.772863598203,9241.315525953449
2026-09-01 10:59:46,7675.0,7684.75,Put CEX 3,CEX,-2465630.585,7552.772863598203,9241.315525953449
2026-09-01 10:59:46,7690.0,7699.75,Put CEX 5,CEX,-1702397.607,7552.772863598203,9241.315525953449
2026-09-01 10:59:46,7700.0,7709.75,Put CEX 4,CEX,-2296073.239,7552.772863598203,9241.315525953449
2026-09-01 10:59:46,7700.0,7709.75,Put DEX 2,DEX,-182.021,7552.772863598203,9241.315525953449
2026-09-01 10:59:46,7700.0,7709.75,Put VEX 5,VEX,-877024.38,7552.772863598203,9241.315525953449
2026-09-01 10:59:46,7750.0,7759.75,Put DEX 3,DEX,-84.975,7552.772863598203,9241.315525953449
2026-09-01 10:59:46,7750.0,7759.75,Call GEX 3,GEX,285609.463,7552.772863598203,9241.315525953449
2026-09-01 10:59:46,7750.0,7759.75,Put VEX 3,VEX,-1065436.013,7552.772863598203,9241.315525953449
2026-09-01 10:59:46,7800.0,7810.0,Put DEX 4,DEX,-64.223,7552.772863598203,9241.315525953449
2026-09-01 10:59:46,7800.0,7810.0,Call GEX 1,GEX,522903.373,7552.772863598203,9241.315525953449
2026-09-01 10:59:46,7800.0,7810.0,Put VEX 2,VEX,-1681587.149,7552.772863598203,9241.315525953449
2026-09-01 10:59:46,7850.0,7860.0,Call GEX 4,GEX,275652.011,7552.772863598203,9241.315525953449
2026-09-01 10:59:46,7900.0,7910.0,Call GEX 2,GEX,375262.397,7552.772863598203,9241.315525953449
2026-09-01 10:59:46,7900.0,7910.0,Put VEX 4,VEX,-971494.02,7552.772863598203,9241.315525953449
2026-09-01 10:59:46,7950.0,7960.0,Call GEX 5,GEX,163036.683,7552.772863598203,9241.315525953449
2026-09-01 10:59:46,8000.0,8010.25,Put CEX 1,CEX,-3131374.482,7552.772863598203,9241.315525953449
2026-09-01 10:59:46,8000.0,8010.25,Put DEX 1,DEX,-2532.807,7552.772863598203,9241.315525953449
2026-09-01 10:59:46,8000.0,8010.25,Put GEX 3,GEX,-435726.215,7552.772863598203,9241.315525953449
2026-09-01 10:59:46,8000.0,8010.25,Put VEX 1,VEX,-10238115.973,7552.772863598203,9241.315525953449
2026-09-01 11:00:33,7000.0,7009.25,Call CEX 4,CEX,1408153.228,7551.748240440734,9240.91548216196
2026-09-01 11:00:33,7000.0,7009.25,Call DEX 1,DEX,888.236,7551.748240440734,9240.91548216196
2026-09-01 11:00:33,7000.0,7009.25,Put GEX 1,GEX,-739158.934,7551.748240440734,9240.91548216196
2026-09-01 11:00:33,7000.0,7009.25,Call VEX 1,VEX,6288687.696,7551.748240440734,9240.91548216196
2026-09-01 11:00:33,7300.0,7309.5,Call DEX 2,DEX,263.867,7551.748240440734,9240.91548216196
2026-09-01 11:00:33,7300.0,7309.5,Call VEX 5,VEX,1582940.742,7551.748240440734,9240.91548216196
2026-09-01 11:00:33,7400.0,7409.75,Call DEX 3,DEX,208.393,7551.748240440734,9240.91548216196
2026-09-01 11:00:33,7400.0,7409.75,Call VEX 3,VEX,2104694.564,7551.748240440734,9240.91548216196
2026-09-01 11:00:33,7450.0,7459.75,Call DEX 4,DEX,206.468,7551.748240440734,9240.91548216196
2026-09-01 11:00:33,7450.0,7459.75,Call VEX 4,VEX,1858427.424,7551.748240440734,9240.91548216196
2026-09-01 11:00:33,7500.0,7509.75,Call CEX 3,CEX,1442051.89,7551.748240440734,9240.91548216196
2026-09-01 11:00:33,7500.0,7509.75,Call DEX 5,DEX,156.171,7551.748240440734,9240.91548216196
2026-09-01 11:00:33,7500.0,7509.75,Put GEX 2,GEX,-569410.946,7551.748240440734,9240.91548216196
2026-09-01 11:00:33,7500.0,7509.75,Call VEX 2,VEX,2943663.664,7551.748240440734,9240.91548216196
2026-09-01 11:00:33,7515.0,7525.0,Call CEX 5,CEX,1329554.281,7551.748240440734,9240.91548216196
2026-09-01 11:00:33,7550.0,7560.0,Put GEX 4,GEX,-365936.381,7551.748240440734,9240.91548216196
2026-09-01 11:00:33,7600.0,7610.0,Call CEX 2,CEX,2032765.885,7551.748240440734,9240.91548216196
2026-09-01 11:00:33,7625.0,7635.0,Call CEX 1,CEX,2091032.204,7551.748240440734,9240.91548216196
2026-09-01 11:00:33,7625.0,7635.0,Put GEX 5,GEX,-363154.472,7551.748240440734,9240.91548216196
2026-09-01 11:00:33,7650.0,7660.0,Put CEX 2,CEX,-2734978.777,7551.748240440734,9240.91548216196
2026-09-01 11:00:33,7650.0,7660.0,Put DEX 5,DEX,-60.251,7551.748240440734,9240.91548216196
2026-09-01 11:00:33,7675.0,7685.0,Put CEX 3,CEX,-2054948.182,7551.748240440734,9240.91548216196
2026-09-01 11:00:33,7700.0,7710.25,Put CEX 4,CEX,-1926218.213,7551.748240440734,9240.91548216196
2026-09-01 11:00:33,7700.0,7710.25,Put DEX 2,DEX,-181.068,7551.748240440734,9240.91548216196
2026-09-01 11:00:33,7700.0,7710.25,Put VEX 5,VEX,-857921.467,7551.748240440734,9240.91548216196
2026-09-01 11:00:33,7750.0,7760.25,Put CEX 5,CEX,-1359220.29,7551.748240440734,9240.91548216196
2026-09-01 11:00:33,7750.0,7760.25,Put DEX 3,DEX,-84.343,7551.748240440734,9240.91548216196
2026-09-01 11:00:33,7750.0,7760.25,Call GEX 3,GEX,289791.785,7551.748240440734,9240.91548216196
2026-09-01 11:00:33,7750.0,7760.25,Put VEX 3,VEX,-1056809.387,7551.748240440734,9240.91548216196
2026-09-01 11:00:33,7800.0,7810.25,Put DEX 4,DEX,-63.578,7551.748240440734,9240.91548216196
2026-09-01 11:00:33,7800.0,7810.25,Call GEX 1,GEX,524368.521,7551.748240440734,9240.91548216196
2026-09-01 11:00:33,7800.0,7810.25,Put VEX 2,VEX,-1678716.156,7551.748240440734,9240.91548216196
2026-09-01 11:00:33,7850.0,7860.25,Call GEX 4,GEX,276726.214,7551.748240440734,9240.91548216196
2026-09-01 11:00:33,7900.0,7910.5,Call GEX 2,GEX,376338.724,7551.748240440734,9240.91548216196
2026-09-01 11:00:33,7900.0,7910.5,Put VEX 4,VEX,-972534.547,7551.748240440734,9240.91548216196
2026-09-01 11:00:33,7950.0,7960.5,Call GEX 5,GEX,163703.75,7551.748240440734,9240.91548216196
2026-09-01 11:00:33,8000.0,8010.5,Put CEX 1,CEX,-3130036.808,7551.748240440734,9240.91548216196
2026-09-01 11:00:33,8000.0,8010.5,Put DEX 1,DEX,-2537.312,7551.748240440734,9240.91548216196
2026-09-01 11:00:33,8000.0,8010.5,Put GEX 3,GEX,-423261.993,7551.748240440734,9240.91548216196
2026-09-01 11:00:33,8000.0,8010.5,Put VEX 1,VEX,-10235564.181,7551.748240440734,9240.91548216196
2026-09-01 11:01:24,7000.0,7008.75,Call CEX 4,CEX,1410789.981,7553.369573353566,9245.868398776018
2026-09-01 11:01:24,7000.0,7008.75,Call DEX 1,DEX,886.412,7553.369573353566,9245.868398776018
2026-09-01 11:01:24,7000.0,7008.75,Put GEX 1,GEX,-738860.332,7553.369573353566,9245.868398776018
2026-09-01 11:01:24,7000.0,7008.75,Call VEX 1,VEX,6309450.914,7553.369573353566,9245.868398776018
2026-09-01 11:01:24,7300.0,7309.0,Call DEX 2,DEX,263.199,7553.369573353566,9245.868398776018
2026-09-01 11:01:24,7300.0,7309.0,Call VEX 5,VEX,1582254.89,7553.369573353566,9245.868398776018
2026-09-01 11:01:24,7400.0,7409.25,Call DEX 3,DEX,208.256,7553.369573353566,9245.868398776018
2026-09-01 11:01:24,7400.0,7409.25,Call VEX 3,VEX,2103903.849,7553.369573353566,9245.868398776018
2026-09-01 11:01:24,7450.0,7459.25,Call DEX 4,DEX,205.384,7553.369573353566,9245.868398776018
2026-09-01 11:01:24,7450.0,7459.25,Call VEX 4,VEX,1855792.649,7553.369573353566,9245.868398776018
2026-09-01 11:01:24,7500.0,7509.25,Call CEX 3,CEX,1447205.741,7553.369573353566,9245.868398776018
2026-09-01 11:01:24,7500.0,7509.25,Call DEX 5,DEX,152.826,7553.369573353566,9245.868398776018
2026-09-01 11:01:24,7500.0,7509.25,Put GEX 2,GEX,-570414.071,7553.369573353566,9245.868398776018
2026-09-01 11:01:24,7500.0,7509.25,Call VEX 2,VEX,2931867.478,7553.369573353566,9245.868398776018
2026-09-01 11:01:24,7550.0,7559.5,Put GEX 4,GEX,-368429.752,7553.369573353566,9245.868398776018
2026-09-01 11:01:24,7600.0,7609.5,Call CEX 2,CEX,1892924.206,7553.369573353566,9245.868398776018
2026-09-01 11:01:24,7610.0,7619.5,Call CEX 5,CEX,1376275.459,7553.369573353566,9245.868398776018
2026-09-01 11:01:24,7625.0,7634.5,Call CEX 1,CEX,1939347.802,7553.369573353566,9245.868398776018
2026-09-01 11:01:24,7625.0,7634.5,Put GEX 5,GEX,-361382.378,7553.369573353566,9245.868398776018
2026-09-01 11:01:24,7650.0,7659.5,Put CEX 2,CEX,-2739044.087,7553.369573353566,9245.868398776018
2026-09-01 11:01:24,7650.0,7659.5,Put DEX 5,DEX,-61.929,7553.369573353566,9245.868398776018
2026-09-01 11:01:24,7675.0,7684.5,Put CEX 3,CEX,-2399927.636,7553.369573353566,9245.868398776018
2026-09-01 11:01:24,7690.0,7699.5,Put CEX 5,CEX,-1628096.74,7553.369573353566,9245.868398776018
2026-09-01 11:01:24,7700.0,7709.5,Put CEX 4,CEX,-2240590.708,7553.369573353566,9245.868398776018
2026-09-01 11:01:24,7700.0,7709.5,Put DEX 2,DEX,-183.765,7553.369573353566,9245.868398776018
2026-09-01 11:01:24,7700.0,7709.5,Put VEX 5,VEX,-885767.614,7553.369573353566,9245.868398776018
2026-09-01 11:01:24,7750.0,7759.75,Put DEX 3,DEX,-86.3,7553.369573353566,9245.868398776018
2026-09-01 11:01:24,7750.0,7759.75,Call GEX 3,GEX,287252.731,7553.369573353566,9245.868398776018
2026-09-01 11:01:24,7750.0,7759.75,Put VEX 3,VEX,-1067270.702,7553.369573353566,9245.868398776018
2026-09-01 11:01:24,7800.0,7809.75,Put DEX 4,DEX,-65.366,7553.369573353566,9245.868398776018
2026-09-01 11:01:24,7800.0,7809.75,Call GEX 1,GEX,521036.336,7553.369573353566,9245.868398776018
2026-09-01 11:01:24,7800.0,7809.75,Put VEX 2,VEX,-1682865.352,7553.369573353566,9245.868398776018
2026-09-01 11:01:24,7850.0,7859.75,Call GEX 4,GEX,275005.699,7553.369573353566,9245.868398776018
2026-09-01 11:01:24,7900.0,7909.75,Call GEX 2,GEX,373950.518,7553.369573353566,9245.868398776018
2026-09-01 11:01:24,7900.0,7909.75,Put VEX 4,VEX,-970188.434,7553.369573353566,9245.868398776018
2026-09-01 11:01:24,7950.0,7960.0,Call GEX 5,GEX,162562.081,7553.369573353566,9245.868398776018
2026-09-01 11:01:24,8000.0,8010.0,Put CEX 1,CEX,-3122297.864,7553.369573353566,9245.868398776018
2026-09-01 11:01:24,8000.0,8010.0,Put DEX 1,DEX,-2535.351,7553.369573353566,9245.868398776018
2026-09-01 11:01:24,8000.0,8010.0,Put GEX 3,GEX,-434034.014,7553.369573353566,9245.868398776018
2026-09-01 11:01:24,8000.0,8010.0,Put VEX 1,VEX,-10229736.018,7553.369573353566,9245.868398776018
2026-09-01 11:02:11,7000.0,7008.5,Call CEX 4,CEX,1400501.078,7553.26795279418,9243.601526508844
2026-09-01 11:02:11,7000.0,7008.5,Call DEX 1,DEX,889.227,7553.26795279418,9243.601526508844
2026-09-01 11:02:11,7000.0,7008.5,Put GEX 1,GEX,-752982.273,7553.26795279418,9243.601526508844
2026-09-01 11:02:11,7000.0,7008.5,Call VEX 1,VEX,6211643.765,7553.26795279418,9243.601526508844
2026-09-01 11:02:11,7300.0,7309.0,Call DEX 2,DEX,263.623,7553.26795279418,9243.601526508844
2026-09-01 11:02:11,7300.0,7309.0,Call VEX 5,VEX,1583877.227,7553.26795279418,9243.601526508844
2026-09-01 11:02:11,7400.0,7409.0,Call DEX 3,DEX,208.275,7553.26795279418,9243.601526508844
2026-09-01 11:02:11,7400.0,7409.0,Call VEX 3,VEX,2103842.741,7553.26795279418,9243.601526508844
2026-09-01 11:02:11,7450.0,7459.0,Call DEX 4,DEX,205.282,7553.26795279418,9243.601526508844
2026-09-01 11:02:11,7450.0,7459.0,Call VEX 4,VEX,1855811.679,7553.26795279418,9243.601526508844
2026-09-01 11:02:11,7500.0,7509.25,Call CEX 3,CEX,1449467.853,7553.26795279418,9243.601526508844
2026-09-01 11:02:11,7500.0,7509.25,Call DEX 5,DEX,152.167,7553.26795279418,9243.601526508844
2026-09-01 11:02:11,7500.0,7509.25,Put GEX 2,GEX,-570667.916,7553.26795279418,9243.601526508844
2026-09-01 11:02:11,7500.0,7509.25,Call VEX 2,VEX,2929841.721,7553.26795279418,9243.601526508844
2026-09-01 11:02:11,7550.0,7559.25,Put GEX 4,GEX,-368742.753,7553.26795279418,9243.601526508844
2026-09-01 11:02:11,7600.0,7609.25,Call CEX 2,CEX,1840423.072,7553.26795279418,9243.601526508844
2026-09-01 11:02:11,7610.0,7619.25,Call CEX 5,CEX,1343723.02,7553.26795279418,9243.601526508844
2026-09-01 11:02:11,7625.0,7634.25,Call CEX 1,CEX,1951989.518,7553.26795279418,9243.601526508844
2026-09-01 11:02:11,7625.0,7634.25,Put GEX 5,GEX,-359286.567,7553.26795279418,9243.601526508844
2026-09-01 11:02:11,7650.0,7659.25,Put CEX 2,CEX,-2735364.486,7553.26795279418,9243.601526508844
2026-09-01 11:02:11,7650.0,7659.25,Put DEX 5,DEX,-62.006,7553.26795279418,9243.601526508844
2026-09-01 11:02:11,7675.0,7684.5,Put CEX 3,CEX,-2492033.939,7553.26795279418,9243.601526508844
2026-09-01 11:02:11,7690.0,7699.5,Put CEX 5,CEX,-1707219.093,7553.26795279418,9243.601526508844
2026-09-01 11:02:11,7700.0,7709.5,Put CEX 4,CEX,-2303150.559,7553.26795279418,9243.601526508844
2026-09-01 11:02:11,7700.0,7709.5,Put DEX 2,DEX,-183.788,7553.26795279418,9243.601526508844
2026-09-01 11:02:11,7700.0,7709.5,Put VEX 5,VEX,-888474.725,7553.26795279418,9243.601526508844
2026-09-01 11:02:11,7750.0,7759.5,Put DEX 3,DEX,-86.053,7553.26795279418,9243.601526508844
2026-09-01 11:02:11,7750.0,7759.5,Call GEX 3,GEX,286761.28,7553.26795279418,9243.601526508844
2026-09-01 11:02:11,7750.0,7759.5,Put VEX 3,VEX,-1068883.619,7553.26795279418,9243.601526508844
2026-09-01 11:02:11,7800.0,7809.5,Put DEX 4,DEX,-65.273,7553.26795279418,9243.601526508844
2026-09-01 11:02:11,7800.0,7809.5,Call GEX 1,GEX,521274.553,7553.26795279418,9243.601526508844
2026-09-01 11:02:11,7800.0,7809.5,Put VEX 2,VEX,-1683256.16,7553.26795279418,9243.601526508844
2026-09-01 11:02:11,7850.0,7859.5,Call GEX 4,GEX,275629.865,7553.26795279418,9243.601526508844
2026-09-01 11:02:11,7900.0,7909.75,Call GEX 2,GEX,373901.526,7553.26795279418,9243.601526508844
2026-09-01 11:02:11,7900.0,7909.75,Put VEX 4,VEX,-970064.061,7553.26795279418,9243.601526508844
2026-09-01 11:02:11,7950.0,7959.75,Call GEX 5,GEX,162401.956,7553.26795279418,9243.601526508844
2026-09-01 11:02:11,8000.0,8009.75,Put CEX 1,CEX,-3128427.724,7553.26795279418,9243.601526508844
2026-09-01 11:02:11,8000.0,8009.75,Put DEX 1,DEX,-2532.589,7553.26795279418,9243.601526508844
2026-09-01 11:02:11,8000.0,8009.75,Put GEX 3,GEX,-437447.475,7553.26795279418,9243.601526508844
2026-09-01 11:02:11,8000.0,8009.75,Put VEX 1,VEX,-10240585.98,7553.26795279418,9243.601526508844
2026-09-01 11:02:58,7000.0,7009.5,Call CEX 4,CEX,1406516.982,7552.535774252315,9242.371026464689
2026-09-01 11:02:58,7000.0,7009.5,Call DEX 1,DEX,888.162,7552.535774252315,9242.371026464689
2026-09-01 11:02:58,7000.0,7009.5,Put GEX 1,GEX,-743625.562,7552.535774252315,9242.371026464689
2026-09-01 11:02:58,7000.0,7009.5,Call VEX 1,VEX,6268534.786,7552.535774252315,9242.371026464689
2026-09-01 11:02:58,7300.0,7309.75,Call DEX 2,DEX,263.764,7552.535774252315,9242.371026464689
2026-09-01 11:02:58,7300.0,7309.75,Call VEX 5,VEX,1579085.951,7552.535774252315,9242.371026464689
2026-09-01 11:02:58,7400.0,7410.0,Call DEX 3,DEX,209.247,7552.535774252315,9242.371026464689
2026-09-01 11:02:58,7400.0,7410.0,Call VEX 3,VEX,2103420.952,7552.535774252315,9242.371026464689
2026-09-01 11:02:58,7450.0,7460.0,Call DEX 4,DEX,205.819,7552.535774252315,9242.371026464689
2026-09-01 11:02:58,7450.0,7460.0,Call VEX 4,VEX,1857675.276,7552.535774252315,9242.371026464689
2026-09-01 11:02:58,7500.0,7510.0,Call CEX 3,CEX,1449355.689,7552.535774252315,9242.371026464689
2026-09-01 11:02:58,7500.0,7510.0,Call DEX 5,DEX,154.315,7552.535774252315,9242.371026464689
2026-09-01 11:02:58,7500.0,7510.0,Put GEX 2,GEX,-569117.243,7552.535774252315,9242.371026464689
2026-09-01 11:02:58,7500.0,7510.0,Call VEX 2,VEX,2937567.899,7552.535774252315,9242.371026464689
2026-09-01 11:02:58,7550.0,7560.25,Put GEX 4,GEX,-367502.789,7552.535774252315,9242.371026464689
2026-09-01 11:02:58,7600.0,7610.25,Call CEX 2,CEX,1844773.661,7552.535774252315,9242.371026464689
2026-09-01 11:02:58,7610.0,7620.25,Call CEX 5,CEX,1353555.99,7552.535774252315,9242.371026464689
2026-09-01 11:02:58,7625.0,7635.25,Call CEX 1,CEX,2038026.958,7552.535774252315,9242.371026464689
2026-09-01 11:02:58,7625.0,7635.25,Put GEX 5,GEX,-357990.047,7552.535774252315,9242.371026464689
2026-09-01 11:02:58,7650.0,7660.25,Put CEX 2,CEX,-2753760.928,7552.535774252315,9242.371026464689
2026-09-01 11:02:58,7650.0,7660.25,Put DEX 5,DEX,-61.19,7552.535774252315,9242.371026464689
2026-09-01 11:02:58,7675.0,7685.25,Put CEX 3,CEX,-2302577.371,7552.535774252315,9242.371026464689
2026-09-01 11:02:58,7690.0,7700.25,Put CEX 5,CEX,-1605394.147,7552.535774252315,9242.371026464689
2026-09-01 11:02:58,7700.0,7710.25,Put CEX 4,CEX,-2102833.408,7552.535774252315,9242.371026464689
2026-09-01 11:02:58,7700.0,7710.25,Put DEX 2,DEX,-182.676,7552.535774252315,9242.371026464689
2026-09-01 11:02:58,7700.0,7710.25,Put VEX 5,VEX,-873678.107,7552.535774252315,9242.371026464689
2026-09-01 11:02:58,7750.0,7760.5,Put DEX 3,DEX,-85.303,7552.535774252315,9242.371026464689
2026-09-01 11:02:58,7750.0,7760.5,Call GEX 3,GEX,286860.053,7552.535774252315,9242.371026464689
2026-09-01 11:02:58,7750.0,7760.5,Put VEX 3,VEX,-1064160.392,7552.535774252315,9242.371026464689
2026-09-01 11:02:58,7800.0,7810.5,Put DEX 4,DEX,-64.472,7552.535774252315,9242.371026464689
2026-09-01 11:02:58,7800.0,7810.5,Call GEX 1,GEX,522828.425,7552.535774252315,9242.371026464689
2026-09-01 11:02:58,7800.0,7810.5,Put VEX 2,VEX,-1679650.581,7552.535774252315,9242.371026464689
2026-09-01 11:02:58,7850.0,7860.5,Call GEX 4,GEX,276388.666,7552.535774252315,9242.371026464689
2026-09-01 11:02:58,7900.0,7910.75,Call GEX 2,GEX,375080.043,7552.535774252315,9242.371026464689
2026-09-01 11:02:58,7900.0,7910.75,Put VEX 4,VEX,-971504.809,7552.535774252315,9242.371026464689
2026-09-01 11:02:58,7950.0,7960.75,Call GEX 5,GEX,162993.21,7552.535774252315,9242.371026464689
2026-09-01 11:02:58,8000.0,8010.75,Put CEX 1,CEX,-3130975.369,7552.535774252315,9242.371026464689
2026-09-01 11:02:58,8000.0,8010.75,Put DEX 1,DEX,-2534.98,7552.535774252315,9242.371026464689
2026-09-01 11:02:58,8000.0,8010.75,Put GEX 3,GEX,-434729.205,7552.535774252315,9242.371026464689
2026-09-01 11:02:58,8000.0,8010.75,Put VEX 1,VEX,-10232775.962,7552.535774252315,9242.371026464689
2026-09-01 11:03:46,7000.0,7009.25,Call CEX 4,CEX,1424584.709,7552.389645583638,9242.795811329004
2026-09-01 11:03:46,7000.0,7009.25,Call DEX 1,DEX,884.144,7552.389645583638,9242.795811329004
2026-09-01 11:03:46,7000.0,7009.25,Put GEX 1,GEX,-719737.096,7552.389645583638,9242.795811329004
2026-09-01 11:03:46,7000.0,7009.25,Call VEX 1,VEX,6429570.292,7552.389645583638,9242.795811329004
2026-09-01 11:03:46,7300.0,7309.75,Call DEX 2,DEX,263.594,7552.389645583638,9242.795811329004
2026-09-01 11:03:46,7300.0,7309.75,Call VEX 5,VEX,1584060.486,7552.389645583638,9242.795811329004
2026-09-01 11:03:46,7400.0,7410.0,Call DEX 3,DEX,209.605,7552.389645583638,9242.795811329004
2026-09-01 11:03:46,7400.0,7410.0,Call VEX 3,VEX,2103987.644,7552.389645583638,9242.795811329004
2026-09-01 11:03:46,7450.0,7460.0,Call DEX 4,DEX,206.195,7552.389645583638,9242.795811329004
2026-09-01 11:03:46,7450.0,7460.0,Call VEX 4,VEX,1857427.605,7552.389645583638,9242.795811329004
2026-09-01 11:03:46,7500.0,7510.0,Call CEX 3,CEX,1449003.029,7552.389645583638,9242.795811329004
2026-09-01 11:03:46,7500.0,7510.0,Call DEX 5,DEX,155.752,7552.389645583638,9242.795811329004
2026-09-01 11:03:46,7500.0,7510.0,Put GEX 2,GEX,-567442.482,7552.389645583638,9242.795811329004
2026-09-01 11:03:46,7500.0,7510.0,Call VEX 2,VEX,2941960.327,7552.389645583638,9242.795811329004
2026-09-01 11:03:46,7515.0,7525.0,Call CEX 5,CEX,1357200.165,7552.389645583638,9242.795811329004
2026-09-01 11:03:46,7550.0,7560.0,Put GEX 4,GEX,-365823.941,7552.389645583638,9242.795811329004
2026-09-01 11:03:46,7600.0,7610.25,Call CEX 2,CEX,1781382.667,7552.389645583638,9242.795811329004
2026-09-01 11:03:46,7625.0,7635.25,Call CEX 1,CEX,2116138.094,7552.389645583638,9242.795811329004
2026-09-01 11:03:46,7625.0,7635.25,Put GEX 5,GEX,-357180.979,7552.389645583638,9242.795811329004
2026-09-01 11:03:46,7650.0,7660.25,Put CEX 2,CEX,-2757238.447,7552.389645583638,9242.795811329004
2026-09-01 11:03:46,7650.0,7660.25,Put DEX 5,DEX,-60.245,7552.389645583638,9242.795811329004
2026-09-01 11:03:46,7675.0,7685.25,Put CEX 3,CEX,-2367129.54,7552.389645583638,9242.795811329004
2026-09-01 11:03:46,7690.0,7700.25,Put CEX 5,CEX,-1549180.062,7552.389645583638,9242.795811329004
2026-09-01 11:03:46,7700.0,7710.25,Put CEX 4,CEX,-2179152.701,7552.389645583638,9242.795811329004
2026-09-01 11:03:46,7700.0,7710.25,Put DEX 2,DEX,-181.195,7552.389645583638,9242.795811329004
2026-09-01 11:03:46,7700.0,7710.25,Put VEX 5,VEX,-865624.108,7552.389645583638,9242.795811329004
2026-09-01 11:03:46,7750.0,7760.25,Put DEX 3,DEX,-84.822,7552.389645583638,9242.795811329004
2026-09-01 11:03:46,7750.0,7760.25,Call GEX 3,GEX,289382.461,7552.389645583638,9242.795811329004
2026-09-01 11:03:46,7750.0,7760.25,Put VEX 3,VEX,-1059514.289,7552.389645583638,9242.795811329004
2026-09-01 11:03:46,7800.0,7810.5,Put DEX 4,DEX,-63.886,7552.389645583638,9242.795811329004
2026-09-01 11:03:46,7800.0,7810.5,Call GEX 1,GEX,525185.669,7552.389645583638,9242.795811329004
2026-09-01 11:03:46,7800.0,7810.5,Put VEX 2,VEX,-1679219.39,7552.389645583638,9242.795811329004
2026-09-01 11:03:46,7850.0,7860.5,Call GEX 4,GEX,277444.56,7552.389645583638,9242.795811329004
2026-09-01 11:03:46,7900.0,7910.5,Call GEX 2,GEX,376087.633,7552.389645583638,9242.795811329004
2026-09-01 11:03:46,7900.0,7910.5,Put VEX 4,VEX,-971808.765,7552.389645583638,9242.795811329004
2026-09-01 11:03:46,7950.0,7960.5,Call GEX 5,GEX,163733.3,7552.389645583638,9242.795811329004
2026-09-01 11:03:46,8000.0,8010.75,Put CEX 1,CEX,-3127599.994,7552.389645583638,9242.795811329004
2026-09-01 11:03:46,8000.0,8010.75,Put DEX 1,DEX,-2532.298,7552.389645583638,9242.795811329004
2026-09-01 11:03:46,8000.0,8010.75,Put GEX 3,GEX,-433456.879,7552.389645583638,9242.795811329004
2026-09-01 11:03:46,8000.0,8010.75,Put VEX 1,VEX,-10233730.921,7552.389645583638,9242.795811329004
2026-09-01 11:04:35,7000.0,7008.5,Call CEX 4,CEX,1405044.662,7553.651390848146,9243.275903010475
2026-09-01 11:04:35,7000.0,7008.5,Call DEX 1,DEX,891.855,7553.651390848146,9243.275903010475
2026-09-01 11:04:35,7000.0,7008.5,Put GEX 1,GEX,-760356.661,7553.651390848146,9243.275903010475
2026-09-01 11:04:35,7000.0,7008.5,Call VEX 1,VEX,6210716.799,7553.651390848146,9243.275903010475
2026-09-01 11:04:35,7300.0,7309.0,Call DEX 2,DEX,264.253,7553.651390848146,9243.275903010475
2026-09-01 11:04:35,7300.0,7309.0,Call VEX 5,VEX,1574661.784,7553.651390848146,9243.275903010475
2026-09-01 11:04:35,7400.0,7409.0,Call DEX 3,DEX,207.94,7553.651390848146,9243.275903010475
2026-09-01 11:04:35,7400.0,7409.0,Call VEX 3,VEX,2101126.547,7553.651390848146,9243.275903010475
2026-09-01 11:04:35,7450.0,7459.0,Call DEX 4,DEX,204.448,7553.651390848146,9243.275903010475
2026-09-01 11:04:35,7450.0,7459.0,Call VEX 4,VEX,1855845.937,7553.651390848146,9243.275903010475
2026-09-01 11:04:35,7500.0,7509.25,Call CEX 3,CEX,1458649.946,7553.651390848146,9243.275903010475
2026-09-01 11:04:35,7500.0,7509.25,Call DEX 5,DEX,150.687,7553.651390848146,9243.275903010475
2026-09-01 11:04:35,7500.0,7509.25,Put GEX 2,GEX,-569825.473,7553.651390848146,9243.275903010475
2026-09-01 11:04:35,7500.0,7509.25,Call VEX 2,VEX,2924367.223,7553.651390848146,9243.275903010475
2026-09-01 11:04:35,7550.0,7559.25,Put GEX 4,GEX,-369010.45,7553.651390848146,9243.275903010475
2026-09-01 11:04:35,7600.0,7609.25,Call CEX 1,CEX,1978170.12,7553.651390848146,9243.275903010475
2026-09-01 11:04:35,7610.0,7619.25,Call CEX 5,CEX,1404605.028,7553.651390848146,9243.275903010475
2026-09-01 11:04:35,7625.0,7634.25,Call CEX 2,CEX,1802318.921,7553.651390848146,9243.275903010475
2026-09-01 11:04:35,7625.0,7634.25,Put GEX 5,GEX,-356345.609,7553.651390848146,9243.275903010475
2026-09-01 11:04:35,7650.0,7659.25,Put CEX 2,CEX,-2760230.603,7553.651390848146,9243.275903010475
2026-09-01 11:04:35,7650.0,7659.25,Put DEX 5,DEX,-63.464,7553.651390848146,9243.275903010475
2026-09-01 11:04:35,7675.0,7684.5,Put CEX 3,CEX,-2551759.127,7553.651390848146,9243.275903010475
2026-09-01 11:04:35,7690.0,7699.5,Put CEX 5,CEX,-1784304.749,7553.651390848146,9243.275903010475
2026-09-01 11:04:35,7700.0,7709.5,Put CEX 4,CEX,-2254780.517,7553.651390848146,9243.275903010475
2026-09-01 11:04:35,7700.0,7709.5,Put DEX 2,DEX,-186.362,7553.651390848146,9243.275903010475
2026-09-01 11:04:35,7700.0,7709.5,Put VEX 5,VEX,-904382.595,7553.651390848146,9243.275903010475
2026-09-01 11:04:35,7750.0,7759.5,Put DEX 3,DEX,-87.695,7553.651390848146,9243.275903010475
2026-09-01 11:04:35,7750.0,7759.5,Call GEX 3,GEX,286732.749,7553.651390848146,9243.275903010475
2026-09-01 11:04:35,7750.0,7759.5,Put VEX 3,VEX,-1074686.959,7553.651390848146,9243.275903010475
2026-09-01 11:04:35,7800.0,7809.5,Put DEX 4,DEX,-66.655,7553.651390848146,9243.275903010475
2026-09-01 11:04:35,7800.0,7809.5,Call GEX 1,GEX,518704.47,7553.651390848146,9243.275903010475
2026-09-01 11:04:35,7800.0,7809.5,Put VEX 2,VEX,-1687642.057,7553.651390848146,9243.275903010475
2026-09-01 11:04:35,7850.0,7859.5,Call GEX 4,GEX,274019.67,7553.651390848146,9243.275903010475
2026-09-01 11:04:35,7900.0,7909.75,Call GEX 2,GEX,372624.758,7553.651390848146,9243.275903010475
2026-09-01 11:04:35,7900.0,7909.75,Put VEX 4,VEX,-969851.67,7553.651390848146,9243.275903010475
2026-09-01 11:04:35,7950.0,7959.75,Call GEX 5,GEX,161708.454,7553.651390848146,9243.275903010475
2026-09-01 11:04:35,8000.0,8009.75,Put CEX 1,CEX,-3118411.285,7553.651390848146,9243.275903010475
2026-09-01 11:04:35,8000.0,8009.75,Put DEX 1,DEX,-2532.056,7553.651390848146,9243.275903010475
2026-09-01 11:04:35,8000.0,8009.75,Put GEX 3,GEX,-439040.356,7553.651390848146,9243.275903010475
2026-09-01 11:04:35,8000.0,8009.75,Put VEX 1,VEX,-10239127.936,7553.651390848146,9243.275903010475
2026-09-01 11:05:23,7000.0,7009.0,Call CEX 5,CEX,1440315.079,7554.48550774704,9246.604926582104
2026-09-01 11:05:23,7000.0,7009.0,Call DEX 1,DEX,919.112,7554.48550774704,9246.604926582104
2026-09-01 11:05:23,7000.0,7009.0,Put GEX 1,GEX,-726675.809,7554.48550774704,9246.604926582104
2026-09-01 11:05:23,7000.0,7009.0,Call VEX 1,VEX,6459614.342,7554.48550774704,9246.604926582104
2026-09-01 11:05:23,7300.0,7309.5,Call DEX 2,DEX,262.62,7554.48550774704,9246.604926582104
2026-09-01 11:05:23,7300.0,7309.5,Call VEX 5,VEX,1592937.871,7554.48550774704,9246.604926582104
2026-09-01 11:05:23,7400.0,7409.5,Call DEX 3,DEX,206.071,7554.48550774704,9246.604926582104
2026-09-01 11:05:23,7400.0,7409.5,Call VEX 3,VEX,2103303.36,7554.48550774704,9246.604926582104
2026-09-01 11:05:23,7450.0,7459.75,Call DEX 4,DEX,202.849,7554.48550774704,9246.604926582104
2026-09-01 11:05:23,7450.0,7459.75,Call VEX 4,VEX,1853277.477,7554.48550774704,9246.604926582104
2026-09-01 11:05:23,7500.0,7509.75,Call CEX 4,CEX,1463325.428,7554.48550774704,9246.604926582104
2026-09-01 11:05:23,7500.0,7509.75,Call DEX 5,DEX,151.257,7554.48550774704,9246.604926582104
2026-09-01 11:05:23,7500.0,7509.75,Put GEX 2,GEX,-574026.58,7554.48550774704,9246.604926582104
2026-09-01 11:05:23,7500.0,7509.75,Call VEX 2,VEX,2915460.307,7554.48550774704,9246.604926582104
2026-09-01 11:05:23,7550.0,7559.75,Put GEX 5,GEX,-374344.004,7554.48550774704,9246.604926582104
2026-09-01 11:05:23,7600.0,7609.75,Call CEX 1,CEX,2142763.741,7554.48550774704,9246.604926582104
2026-09-01 11:05:23,7610.0,7619.75,Call CEX 3,CEX,1464493.094,7554.48550774704,9246.604926582104
2026-09-01 11:05:23,7625.0,7634.75,Call CEX 2,CEX,1695019.754,7554.48550774704,9246.604926582104
2026-09-01 11:05:23,7625.0,7634.75,Put GEX 4,GEX,-382891.646,7554.48550774704,9246.604926582104
2026-09-01 11:05:23,7650.0,7660.0,Put CEX 2,CEX,-2820365.193,7554.48550774704,9246.604926582104
2026-09-01 11:05:23,7650.0,7660.0,Put DEX 5,DEX,-65.573,7554.48550774704,9246.604926582104
2026-09-01 11:05:23,7675.0,7685.0,Put CEX 3,CEX,-2318086.047,7554.48550774704,9246.604926582104
2026-09-01 11:05:23,7690.0,7700.0,Put CEX 5,CEX,-1506649.471,7554.48550774704,9246.604926582104
2026-09-01 11:05:23,7700.0,7710.0,Put CEX 4,CEX,-2043279.465,7554.48550774704,9246.604926582104
2026-09-01 11:05:23,7700.0,7710.0,Put DEX 2,DEX,-189.015,7554.48550774704,9246.604926582104
2026-09-01 11:05:23,7700.0,7710.0,Put VEX 5,VEX,-914229.935,7554.48550774704,9246.604926582104
2026-09-01 11:05:23,7750.0,7760.0,Put DEX 3,DEX,-89.233,7554.48550774704,9246.604926582104
2026-09-01 11:05:23,7750.0,7760.0,Call GEX 3,GEX,284716.994,7554.48550774704,9246.604926582104
2026-09-01 11:05:23,7750.0,7760.0,Put VEX 3,VEX,-1075928.157,7554.48550774704,9246.604926582104
2026-09-01 11:05:23,7800.0,7810.0,Put DEX 4,DEX,-68.097,7554.48550774704,9246.604926582104
2026-09-01 11:05:23,7800.0,7810.0,Call GEX 1,GEX,515827.307,7554.48550774704,9246.604926582104
2026-09-01 11:05:23,7800.0,7810.0,Put VEX 2,VEX,-1689041.906,7554.48550774704,9246.604926582104
2026-09-01 11:05:23,7850.0,7860.25,Call GEX 4,GEX,272892.706,7554.48550774704,9246.604926582104
2026-09-01 11:05:23,7900.0,7910.25,Call GEX 2,GEX,370595.575,7554.48550774704,9246.604926582104
2026-09-01 11:05:23,7900.0,7910.25,Put VEX 4,VEX,-967279.936,7554.48550774704,9246.604926582104
2026-09-01 11:05:23,7950.0,7960.25,Call GEX 5,GEX,160901.605,7554.48550774704,9246.604926582104
2026-09-01 11:05:23,8000.0,8010.25,Put CEX 1,CEX,-3090948.792,7554.48550774704,9246.604926582104
2026-09-01 11:05:23,8000.0,8010.25,Put DEX 1,DEX,-2542.086,7554.48550774704,9246.604926582104
2026-09-01 11:05:23,8000.0,8010.25,Put GEX 3,GEX,-429226.775,7554.48550774704,9246.604926582104
2026-09-01 11:05:23,8000.0,8010.25,Put VEX 1,VEX,-10199094.721,7554.48550774704,9246.604926582104
2026-09-01 11:06:11,7000.0,7009.25,Call CEX 5,CEX,1429890.7,7554.949427630291,9245.053756337633
2026-09-01 11:06:11,7000.0,7009.25,Call DEX 1,DEX,884.794,7554.949427630291,9245.053756337633
2026-09-01 11:06:11,7000.0,7009.25,Put GEX 1,GEX,-731837.86,7554.949427630291,9245.053756337633
2026-09-01 11:06:11,7000.0,7009.25,Call VEX 1,VEX,6429861.507,7554.949427630291,9245.053756337633
2026-09-01 11:06:11,7300.0,7309.5,Call DEX 2,DEX,262.337,7554.949427630291,9245.053756337633
2026-09-01 11:06:11,7300.0,7309.5,Call VEX 5,VEX,1594449.225,7554.949427630291,9245.053756337633
2026-09-01 11:06:11,7400.0,7409.75,Call DEX 3,DEX,205.103,7554.949427630291,9245.053756337633
2026-09-01 11:06:11,7400.0,7409.75,Call VEX 3,VEX,2104164.39,7554.949427630291,9245.053756337633
2026-09-01 11:06:11,7450.0,7459.75,Call DEX 4,DEX,201.917,7554.949427630291,9245.053756337633
2026-09-01 11:06:11,7450.0,7459.75,Call VEX 4,VEX,1851872.738,7554.949427630291,9245.053756337633
2026-09-01 11:06:11,7500.0,7509.75,Call CEX 4,CEX,1462248.417,7554.949427630291,9245.053756337633
2026-09-01 11:06:11,7500.0,7509.75,Call DEX 5,DEX,149.696,7554.949427630291,9245.053756337633
2026-09-01 11:06:11,7500.0,7509.75,Put GEX 2,GEX,-576542.98,7554.949427630291,9245.053756337633
2026-09-01 11:06:11,7500.0,7509.75,Call VEX 2,VEX,2909057.772,7554.949427630291,9245.053756337633
2026-09-01 11:06:11,7550.0,7559.75,Put GEX 5,GEX,-375309.781,7554.949427630291,9245.053756337633
2026-09-01 11:06:11,7600.0,7610.0,Call CEX 1,CEX,1997022.345,7554.949427630291,9245.053756337633
2026-09-01 11:06:11,7610.0,7620.0,Call CEX 3,CEX,1470584.663,7554.949427630291,9245.053756337633
2026-09-01 11:06:11,7625.0,7635.0,Call CEX 2,CEX,1650298.823,7554.949427630291,9245.053756337633
2026-09-01 11:06:11,7625.0,7635.0,Put GEX 4,GEX,-383847.498,7554.949427630291,9245.053756337633
2026-09-01 11:06:11,7650.0,7660.0,Put CEX 2,CEX,-2827664.228,7554.949427630291,9245.053756337633
2026-09-01 11:06:11,7650.0,7660.0,Put DEX 5,DEX,-66.131,7554.949427630291,9245.053756337633
2026-09-01 11:06:11,7675.0,7685.0,Put CEX 3,CEX,-2366927.105,7554.949427630291,9245.053756337633
2026-09-01 11:06:11,7690.0,7700.0,Put CEX 5,CEX,-1558439.504,7554.949427630291,9245.053756337633
2026-09-01 11:06:11,7700.0,7710.0,Put CEX 4,CEX,-2083318.863,7554.949427630291,9245.053756337633
2026-09-01 11:06:11,7700.0,7710.0,Put DEX 2,DEX,-189.834,7554.949427630291,9245.053756337633
2026-09-01 11:06:11,7700.0,7710.0,Put VEX 5,VEX,-920612.899,7554.949427630291,9245.053756337633
2026-09-01 11:06:11,7750.0,7760.0,Put DEX 3,DEX,-89.521,7554.949427630291,9245.053756337633
2026-09-01 11:06:11,7750.0,7760.0,Call GEX 3,GEX,284580.733,7554.949427630291,9245.053756337633
2026-09-01 11:06:11,7750.0,7760.0,Put VEX 3,VEX,-1078901.702,7554.949427630291,9245.053756337633
2026-09-01 11:06:11,7800.0,7810.25,Put DEX 4,DEX,-68.815,7554.949427630291,9245.053756337633
2026-09-01 11:06:11,7800.0,7810.25,Call GEX 1,GEX,513744.204,7554.949427630291,9245.053756337633
2026-09-01 11:06:11,7800.0,7810.25,Put VEX 2,VEX,-1692987.157,7554.949427630291,9245.053756337633
2026-09-01 11:06:11,7850.0,7860.25,Call GEX 4,GEX,272358.348,7554.949427630291,9245.053756337633
2026-09-01 11:06:11,7900.0,7910.25,Call GEX 2,GEX,369702.353,7554.949427630291,9245.053756337633
2026-09-01 11:06:11,7900.0,7910.25,Put VEX 4,VEX,-965760.709,7554.949427630291,9245.053756337633
2026-09-01 11:06:11,7950.0,7960.25,Call GEX 5,GEX,160316.514,7554.949427630291,9245.053756337633
2026-09-01 11:06:11,8000.0,8010.5,Put CEX 1,CEX,-3104934.508,7554.949427630291,9245.053756337633
2026-09-01 11:06:11,8000.0,8010.5,Put DEX 1,DEX,-2540.906,7554.949427630291,9245.053756337633
2026-09-01 11:06:11,8000.0,8010.5,Put GEX 3,GEX,-434156.269,7554.949427630291,9245.053756337633
2026-09-01 11:06:11,8000.0,8010.5,Put VEX 1,VEX,-10212980.872,7554.949427630291,9245.053756337633
2026-09-01 11:06:58,7000.0,7009.0,Call CEX 5,CEX,1437650.582,7561.710753969934,9247.337548476064
2026-09-01 11:06:58,7000.0,7009.0,Call DEX 1,DEX,882.798,7561.710753969934,9247.337548476064
2026-09-01 11:06:58,7000.0,7009.0,Put GEX 1,GEX,-725537.311,7561.710753969934,9247.337548476064
2026-09-01 11:06:58,7000.0,7009.0,Call VEX 1,VEX,6484151.053,7561.710753969934,9247.337548476064
2026-09-01 11:06:58,7300.0,7309.5,Call DEX 2,DEX,261.599,7561.710753969934,9247.337548476064
2026-09-01 11:06:58,7300.0,7309.5,Call VEX 5,VEX,1599558.464,7561.710753969934,9247.337548476064
2026-09-01 11:06:58,7400.0,7409.5,Call DEX 3,DEX,204.304,7561.710753969934,9247.337548476064
2026-09-01 11:06:58,7400.0,7409.5,Call VEX 3,VEX,2104111.429,7561.710753969934,9247.337548476064
2026-09-01 11:06:58,7450.0,7459.75,Call DEX 4,DEX,200.735,7561.710753969934,9247.337548476064
2026-09-01 11:06:58,7450.0,7459.75,Call VEX 4,VEX,1850190.957,7561.710753969934,9247.337548476064
2026-09-01 11:06:58,7500.0,7509.75,Call CEX 4,CEX,1462992.0,7561.710753969934,9247.337548476064
2026-09-01 11:06:58,7500.0,7509.75,Call DEX 5,DEX,144.628,7561.710753969934,9247.337548476064
2026-09-01 11:06:58,7500.0,7509.75,Put GEX 2,GEX,-579038.761,7561.710753969934,9247.337548476064
2026-09-01 11:06:58,7500.0,7509.75,Call VEX 2,VEX,2901001.351,7561.710753969934,9247.337548476064
2026-09-01 11:06:58,7550.0,7559.75,Put GEX 5,GEX,-379036.933,7561.710753969934,9247.337548476064
2026-09-01 11:06:58,7600.0,7609.75,Call CEX 1,CEX,2094374.247,7561.710753969934,9247.337548476064
2026-09-01 11:06:58,7610.0,7619.75,Call CEX 3,CEX,1490662.715,7561.710753969934,9247.337548476064
2026-09-01 11:06:58,7625.0,7635.0,Call CEX 2,CEX,1542492.517,7561.710753969934,9247.337548476064
2026-09-01 11:06:58,7625.0,7635.0,Put GEX 4,GEX,-392354.024,7561.710753969934,9247.337548476064
2026-09-01 11:06:58,7650.0,7660.0,Put CEX 2,CEX,-2826186.778,7561.710753969934,9247.337548476064
2026-09-01 11:06:58,7650.0,7660.0,Put DEX 5,DEX,-67.31,7561.710753969934,9247.337548476064
2026-09-01 11:06:58,7675.0,7685.0,Put CEX 3,CEX,-2370716.649,7561.710753969934,9247.337548476064
2026-09-01 11:06:58,7690.0,7700.0,Put CEX 5,CEX,-1590953.691,7561.710753969934,9247.337548476064
2026-09-01 11:06:58,7700.0,7710.0,Put CEX 4,CEX,-2090543.917,7561.710753969934,9247.337548476064
2026-09-01 11:06:58,7700.0,7710.0,Put DEX 2,DEX,-191.627,7561.710753969934,9247.337548476064
2026-09-01 11:06:58,7700.0,7710.0,Put VEX 5,VEX,-932901.137,7561.710753969934,9247.337548476064
2026-09-01 11:06:58,7750.0,7760.0,Put DEX 3,DEX,-90.563,7561.710753969934,9247.337548476064
2026-09-01 11:06:58,7750.0,7760.0,Call GEX 3,GEX,281585.519,7561.710753969934,9247.337548476064
2026-09-01 11:06:58,7750.0,7760.0,Put VEX 3,VEX,-1084391.439,7561.710753969934,9247.337548476064
2026-09-01 11:06:58,7800.0,7810.0,Put DEX 4,DEX,-69.705,7561.710753969934,9247.337548476064
2026-09-01 11:06:58,7800.0,7810.0,Call GEX 1,GEX,511467.871,7561.710753969934,9247.337548476064
2026-09-01 11:06:58,7800.0,7810.0,Put VEX 2,VEX,-1695144.712,7561.710753969934,9247.337548476064
2026-09-01 11:06:58,7850.0,7860.25,Call GEX 4,GEX,270792.046,7561.710753969934,9247.337548476064
2026-09-01 11:06:58,7900.0,7910.25,Call GEX 2,GEX,368878.883,7561.710753969934,9247.337548476064
2026-09-01 11:06:58,7900.0,7910.25,Put VEX 4,VEX,-966521.694,7561.710753969934,9247.337548476064
2026-09-01 11:06:58,7950.0,7960.25,Call GEX 5,GEX,159830.421,7561.710753969934,9247.337548476064
2026-09-01 11:06:58,8000.0,8010.25,Put CEX 1,CEX,-3098842.732,7561.710753969934,9247.337548476064
2026-09-01 11:06:58,8000.0,8010.25,Put DEX 1,DEX,-2545.822,7561.710753969934,9247.337548476064
2026-09-01 11:06:58,8000.0,8010.25,Put GEX 3,GEX,-429964.704,7561.710753969934,9247.337548476064
2026-09-01 11:06:58,8000.0,8010.25,Put VEX 1,VEX,-10191560.88,7561.710753969934,9247.337548476064
2026-09-01 11:07:45,7000.0,7009.5,Call CEX 5,CEX,1450697.921,7554.108377546418,9244.555126983108
2026-09-01 11:07:45,7000.0,7009.5,Call DEX 1,DEX,878.833,7554.108377546418,9244.555126983108
2026-09-01 11:07:45,7000.0,7009.5,Put GEX 1,GEX,-713338.53,7554.108377546418,9244.555126983108
2026-09-01 11:07:45,7000.0,7009.5,Call VEX 1,VEX,6586475.231,7554.108377546418,9244.555126983108
2026-09-01 11:07:45,7300.0,7310.0,Call DEX 2,DEX,261.125,7554.108377546418,9244.555126983108
2026-09-01 11:07:45,7300.0,7310.0,Call VEX 5,VEX,1604962.58,7554.108377546418,9244.555126983108
2026-09-01 11:07:45,7400.0,7410.0,Call DEX 4,DEX,204.284,7554.108377546418,9244.555126983108
2026-09-01 11:07:45,7400.0,7410.0,Call VEX 3,VEX,2104517.577,7554.108377546418,9244.555126983108
2026-09-01 11:07:45,7450.0,7460.0,Call DEX 3,DEX,206.373,7554.108377546418,9244.555126983108
2026-09-01 11:07:45,7450.0,7460.0,Call VEX 4,VEX,1850961.888,7554.108377546418,9244.555126983108
2026-09-01 11:07:45,7500.0,7510.25,Call CEX 4,CEX,1480017.132,7554.108377546418,9244.555126983108
2026-09-01 11:07:45,7500.0,7510.25,Call DEX 5,DEX,149.183,7554.108377546418,9244.555126983108
2026-09-01 11:07:45,7500.0,7510.25,Put GEX 2,GEX,-578188.17,7554.108377546418,9244.555126983108
2026-09-01 11:07:45,7500.0,7510.25,Call VEX 2,VEX,2905445.017,7554.108377546418,9244.555126983108
2026-09-01 11:07:45,7550.0,7560.25,Put GEX 5,GEX,-379240.298,7554.108377546418,9244.555126983108
2026-09-01 11:07:45,7600.0,7610.25,Call CEX 1,CEX,2413208.926,7554.108377546418,9244.555126983108
2026-09-01 11:07:45,7610.0,7620.25,Call CEX 3,CEX,1494110.664,7554.108377546418,9244.555126983108
2026-09-01 11:07:45,7625.0,7635.25,Call CEX 2,CEX,1586283.424,7554.108377546418,9244.555126983108
2026-09-01 11:07:45,7625.0,7635.25,Put GEX 4,GEX,-411756.124,7554.108377546418,9244.555126983108
2026-09-01 11:07:45,7650.0,7660.25,Put CEX 2,CEX,-2769462.594,7554.108377546418,9244.555126983108
2026-09-01 11:07:45,7650.0,7660.25,Put DEX 5,DEX,-68.019,7554.108377546418,9244.555126983108
2026-09-01 11:07:45,7675.0,7685.5,Put CEX 3,CEX,-1732851.713,7554.108377546418,9244.555126983108
2026-09-01 11:07:45,7700.0,7710.5,Put CEX 4,CEX,-1636821.285,7554.108377546418,9244.555126983108
2026-09-01 11:07:45,7700.0,7710.5,Put DEX 2,DEX,-192.315,7554.108377546418,9244.555126983108
2026-09-01 11:07:45,7700.0,7710.5,Put VEX 5,VEX,-922621.205,7554.108377546418,9244.555126983108
2026-09-01 11:07:45,7750.0,7760.5,Put CEX 5,CEX,-1281214.826,7554.108377546418,9244.555126983108
2026-09-01 11:07:45,7750.0,7760.5,Put DEX 3,DEX,-90.7,7554.108377546418,9244.555126983108
2026-09-01 11:07:45,7750.0,7760.5,Call GEX 3,GEX,283724.462,7554.108377546418,9244.555126983108
2026-09-01 11:07:45,7750.0,7760.5,Put VEX 3,VEX,-1079327.358,7554.108377546418,9244.555126983108
2026-09-01 11:07:45,7800.0,7810.5,Put DEX 4,DEX,-69.658,7554.108377546418,9244.555126983108
2026-09-01 11:07:45,7800.0,7810.5,Call GEX 1,GEX,511353.437,7554.108377546418,9244.555126983108
2026-09-01 11:07:45,7800.0,7810.5,Put VEX 2,VEX,-1693983.851,7554.108377546418,9244.555126983108
2026-09-01 11:07:45,7850.0,7860.75,Call GEX 4,GEX,270531.271,7554.108377546418,9244.555126983108
2026-09-01 11:07:45,7900.0,7910.75,Call GEX 2,GEX,368846.869,7554.108377546418,9244.555126983108
2026-09-01 11:07:45,7900.0,7910.75,Put VEX 4,VEX,-966639.457,7554.108377546418,9244.555126983108
2026-09-01 11:07:45,7950.0,7960.75,Call GEX 5,GEX,159898.277,7554.108377546418,9244.555126983108
2026-09-01 11:07:45,8000.0,8010.75,Put CEX 1,CEX,-3081744.574,7554.108377546418,9244.555126983108
2026-09-01 11:07:45,8000.0,8010.75,Put DEX 1,DEX,-2553.02,7554.108377546418,9244.555126983108
2026-09-01 11:07:45,8000.0,8010.75,Put GEX 3,GEX,-420569.654,7554.108377546418,9244.555126983108
2026-09-01 11:07:45,8000.0,8010.75,Put VEX 1,VEX,-10160563.16,7554.108377546418,9244.555126983108
2026-09-01 11:08:32,7000.0,7009.5,Call CEX 5,CEX,1435470.124,7553.2266421416225,9241.43184691538
2026-09-01 11:08:32,7000.0,7009.5,Call DEX 1,DEX,883.73,7553.2266421416225,9241.43184691538
2026-09-01 11:08:32,7000.0,7009.5,Put GEX 1,GEX,-726460.353,7553.2266421416225,9241.43184691538
2026-09-01 11:08:32,7000.0,7009.5,Call VEX 1,VEX,6467520.186,7553.2266421416225,9241.43184691538
2026-09-01 11:08:32,7300.0,7310.0,Call DEX 2,DEX,261.554,7553.2266421416225,9241.43184691538
2026-09-01 11:08:32,7300.0,7310.0,Call VEX 5,VEX,1603046.856,7553.2266421416225,9241.43184691538
2026-09-01 11:08:32,7400.0,7410.0,Call DEX 4,DEX,205.473,7553.2266421416225,9241.43184691538
2026-09-01 11:08:32,7400.0,7410.0,Call VEX 3,VEX,2103765.627,7553.2266421416225,9241.43184691538
2026-09-01 11:08:32,7450.0,7460.0,Call DEX 3,DEX,206.838,7553.2266421416225,9241.43184691538
2026-09-01 11:08:32,7450.0,7460.0,Call VEX 4,VEX,1851048.086,7553.2266421416225,9241.43184691538
2026-09-01 11:08:32,7500.0,7510.25,Call CEX 3,CEX,1476310.98,7553.2266421416225,9241.43184691538
2026-09-01 11:08:32,7500.0,7510.25,Call DEX 5,DEX,150.977,7553.2266421416225,9241.43184691538
2026-09-01 11:08:32,7500.0,7510.25,Put GEX 2,GEX,-574867.747,7553.2266421416225,9241.43184691538
2026-09-01 11:08:32,7500.0,7510.25,Call VEX 2,VEX,2910926.682,7553.2266421416225,9241.43184691538
2026-09-01 11:08:32,7550.0,7560.25,Put GEX 5,GEX,-375577.99,7553.2266421416225,9241.43184691538
2026-09-01 11:08:32,7600.0,7610.25,Call CEX 1,CEX,2297319.53,7553.2266421416225,9241.43184691538
2026-09-01 11:08:32,7610.0,7620.25,Call CEX 4,CEX,1458279.746,7553.2266421416225,9241.43184691538
2026-09-01 11:08:32,7625.0,7635.25,Call CEX 2,CEX,1753396.471,7553.2266421416225,9241.43184691538
2026-09-01 11:08:32,7625.0,7635.25,Put GEX 4,GEX,-408771.173,7553.2266421416225,9241.43184691538
2026-09-01 11:08:32,7650.0,7660.25,Put CEX 2,CEX,-2796889.791,7553.2266421416225,9241.43184691538
2026-09-01 11:08:32,7650.0,7660.25,Put DEX 4,DEX,-66.809,7553.2266421416225,9241.43184691538
2026-09-01 11:08:32,7675.0,7685.5,Put CEX 3,CEX,-1764751.368,7553.2266421416225,9241.43184691538
2026-09-01 11:08:32,7700.0,7710.5,Put CEX 4,CEX,-1734260.566,7553.2266421416225,9241.43184691538
2026-09-01 11:08:32,7700.0,7710.5,Put DEX 2,DEX,-190.013,7553.2266421416225,9241.43184691538
2026-09-01 11:08:32,7700.0,7710.5,Put VEX 5,VEX,-910374.123,7553.2266421416225,9241.43184691538
2026-09-01 11:08:32,7750.0,7760.5,Put CEX 5,CEX,-1362843.211,7553.2266421416225,9241.43184691538
2026-09-01 11:08:32,7750.0,7760.5,Put DEX 3,DEX,-89.297,7553.2266421416225,9241.43184691538
2026-09-01 11:08:32,7750.0,7760.5,Call GEX 3,GEX,288296.487,7553.2266421416225,9241.43184691538
2026-09-01 11:08:32,7750.0,7760.5,Put VEX 3,VEX,-1076924.127,7553.2266421416225,9241.43184691538
2026-09-01 11:08:32,7800.0,7810.5,Put DEX 5,DEX,-65.957,7553.2266421416225,9241.43184691538
2026-09-01 11:08:32,7800.0,7810.5,Call GEX 1,GEX,515385.024,7553.2266421416225,9241.43184691538
2026-09-01 11:08:32,7800.0,7810.5,Put VEX 2,VEX,-1689015.976,7553.2266421416225,9241.43184691538
2026-09-01 11:08:32,7850.0,7860.5,Call GEX 4,GEX,272656.217,7553.2266421416225,9241.43184691538
2026-09-01 11:08:32,7900.0,7910.75,Call GEX 2,GEX,369988.241,7553.2266421416225,9241.43184691538
2026-09-01 11:08:32,7900.0,7910.75,Put VEX 4,VEX,-967598.6,7553.2266421416225,9241.43184691538
2026-09-01 11:08:32,7950.0,7960.75,Call GEX 5,GEX,160471.21,7553.2266421416225,9241.43184691538
2026-09-01 11:08:32,8000.0,8010.75,Put CEX 1,CEX,-3093441.81,7553.2266421416225,9241.43184691538
2026-09-01 11:08:32,8000.0,8010.75,Put DEX 1,DEX,-2547.056,7553.2266421416225,9241.43184691538
2026-09-01 11:08:32,8000.0,8010.75,Put GEX 3,GEX,-425520.249,7553.2266421416225,9241.43184691538
2026-09-01 11:08:32,8000.0,8010.75,Put VEX 1,VEX,-10182412.052,7553.2266421416225,9241.43184691538
2026-09-01 11:09:21,7000.0,7009.25,Call CEX 5,CEX,1440965.207,7554.769692947349,9242.795992533818
2026-09-01 11:09:21,7000.0,7009.25,Call DEX 1,DEX,882.429,7554.769692947349,9242.795992533818
2026-09-01 11:09:21,7000.0,7009.25,Put GEX 1,GEX,-719532.875,7554.769692947349,9242.795992533818
2026-09-01 11:09:21,7000.0,7009.25,Call VEX 1,VEX,6514172.701,7554.769692947349,9242.795992533818
2026-09-01 11:09:21,7300.0,7309.75,Call DEX 2,DEX,261.47,7554.769692947349,9242.795992533818
2026-09-01 11:09:21,7300.0,7309.75,Call VEX 5,VEX,1604411.265,7554.769692947349,9242.795992533818
2026-09-01 11:09:21,7400.0,7409.75,Call DEX 3,DEX,205.244,7554.769692947349,9242.795992533818
2026-09-01 11:09:21,7400.0,7409.75,Call VEX 3,VEX,2104133.83,7554.769692947349,9242.795992533818
2026-09-01 11:09:21,7450.0,7460.0,Call DEX 4,DEX,201.893,7554.769692947349,9242.795992533818
2026-09-01 11:09:21,7450.0,7460.0,Call VEX 4,VEX,1850346.335,7554.769692947349,9242.795992533818
2026-09-01 11:09:21,7500.0,7510.0,Call CEX 3,CEX,1475006.401,7554.769692947349,9242.795992533818
2026-09-01 11:09:21,7500.0,7510.0,Call DEX 5,DEX,150.066,7554.769692947349,9242.795992533818
2026-09-01 11:09:21,7500.0,7510.0,Put GEX 2,GEX,-574334.497,7554.769692947349,9242.795992533818
2026-09-01 11:09:21,7500.0,7510.0,Call VEX 2,VEX,2911309.354,7554.769692947349,9242.795992533818
2026-09-01 11:09:21,7550.0,7560.0,Put GEX 5,GEX,-374909.904,7554.769692947349,9242.795992533818
2026-09-01 11:09:21,7600.0,7610.0,Call CEX 1,CEX,2056601.739,7554.769692947349,9242.795992533818
2026-09-01 11:09:21,7610.0,7620.0,Call CEX 4,CEX,1468922.414,7554.769692947349,9242.795992533818
2026-09-01 11:09:21,7625.0,7635.0,Call CEX 2,CEX,1798242.036,7554.769692947349,9242.795992533818
2026-09-01 11:09:21,7625.0,7635.0,Put GEX 4,GEX,-393338.932,7554.769692947349,9242.795992533818
2026-09-01 11:09:21,7650.0,7660.25,Put CEX 2,CEX,-2862969.826,7554.769692947349,9242.795992533818
2026-09-01 11:09:21,7650.0,7660.25,Put DEX 5,DEX,-65.831,7554.769692947349,9242.795992533818
2026-09-01 11:09:21,7675.0,7685.25,Put CEX 3,CEX,-2103104.32,7554.769692947349,9242.795992533818
2026-09-01 11:09:21,7700.0,7710.25,Put CEX 4,CEX,-2010071.242,7554.769692947349,9242.795992533818
2026-09-01 11:09:21,7700.0,7710.25,Put DEX 2,DEX,-189.022,7554.769692947349,9242.795992533818
2026-09-01 11:09:21,7700.0,7710.25,Put VEX 5,VEX,-911676.288,7554.769692947349,9242.795992533818
2026-09-01 11:09:21,7750.0,7760.25,Put CEX 5,CEX,-1531850.496,7554.769692947349,9242.795992533818
2026-09-01 11:09:21,7750.0,7760.25,Put DEX 3,DEX,-88.897,7554.769692947349,9242.795992533818
2026-09-01 11:09:21,7750.0,7760.25,Call GEX 3,GEX,285205.375,7554.769692947349,9242.795992533818
2026-09-01 11:09:21,7750.0,7760.25,Put VEX 3,VEX,-1078653.129,7554.769692947349,9242.795992533818
2026-09-01 11:09:21,7800.0,7810.25,Put DEX 4,DEX,-67.947,7554.769692947349,9242.795992533818
2026-09-01 11:09:21,7800.0,7810.25,Call GEX 1,GEX,514274.915,7554.769692947349,9242.795992533818
2026-09-01 11:09:21,7800.0,7810.25,Put VEX 2,VEX,-1690089.58,7554.769692947349,9242.795992533818
2026-09-01 11:09:21,7850.0,7860.5,Call GEX 4,GEX,272763.79,7554.769692947349,9242.795992533818
2026-09-01 11:09:21,7900.0,7910.5,Call GEX 2,GEX,370664.149,7554.769692947349,9242.795992533818
2026-09-01 11:09:21,7900.0,7910.5,Put VEX 4,VEX,-968736.145,7554.769692947349,9242.795992533818
2026-09-01 11:09:21,7950.0,7960.5,Call GEX 5,GEX,160825.977,7554.769692947349,9242.795992533818
2026-09-01 11:09:21,8000.0,8010.5,Put CEX 1,CEX,-3102066.622,7554.769692947349,9242.795992533818
2026-09-01 11:09:21,8000.0,8010.5,Put DEX 1,DEX,-2545.889,7554.769692947349,9242.795992533818
2026-09-01 11:09:21,8000.0,8010.5,Put GEX 3,GEX,-428044.487,7554.769692947349,9242.795992533818
2026-09-01 11:09:21,8000.0,8010.5,Put VEX 1,VEX,-10193270.886,7554.769692947349,9242.795992533818
2026-09-01 11:10:09,7000.0,7009.25,Call CEX 5,CEX,1443913.191,7554.324080452437,9243.001193671562
2026-09-01 11:10:09,7000.0,7009.25,Call DEX 1,DEX,881.422,7554.324080452437,9243.001193671562
2026-09-01 11:10:09,7000.0,7009.25,Put GEX 1,GEX,-720829.286,7554.324080452437,9243.001193671562
2026-09-01 11:10:09,7000.0,7009.25,Call VEX 1,VEX,6524564.209,7554.324080452437,9243.001193671562
2026-09-01 11:10:09,7300.0,7309.75,Call DEX 2,DEX,262.022,7554.324080452437,9243.001193671562
2026-09-01 11:10:09,7300.0,7309.75,Call VEX 5,VEX,1596774.495,7554.324080452437,9243.001193671562
2026-09-01 11:10:09,7400.0,7409.75,Call DEX 3,DEX,205.595,7554.324080452437,9243.001193671562
2026-09-01 11:10:09,7400.0,7409.75,Call VEX 3,VEX,2103243.365,7554.324080452437,9243.001193671562
2026-09-01 11:10:09,7450.0,7460.0,Call DEX 4,DEX,202.253,7554.324080452437,9243.001193671562
2026-09-01 11:10:09,7450.0,7460.0,Call VEX 4,VEX,1850961.291,7554.324080452437,9243.001193671562
2026-09-01 11:10:09,7500.0,7510.0,Call CEX 3,CEX,1469752.188,7554.324080452437,9243.001193671562
2026-09-01 11:10:09,7500.0,7510.0,Call DEX 5,DEX,147.03,7554.324080452437,9243.001193671562
2026-09-01 11:10:09,7500.0,7510.0,Put GEX 2,GEX,-575482.454,7554.324080452437,9243.001193671562
2026-09-01 11:10:09,7500.0,7510.0,Call VEX 2,VEX,2910342.854,7554.324080452437,9243.001193671562
2026-09-01 11:10:09,7550.0,7560.0,Put GEX 5,GEX,-374596.882,7554.324080452437,9243.001193671562
2026-09-01 11:10:09,7600.0,7610.0,Call CEX 1,CEX,2192836.22,7554.324080452437,9243.001193671562
2026-09-01 11:10:09,7610.0,7620.0,Call CEX 4,CEX,1464785.19,7554.324080452437,9243.001193671562
2026-09-01 11:10:09,7625.0,7635.25,Call CEX 2,CEX,1808287.13,7554.324080452437,9243.001193671562
2026-09-01 11:10:09,7625.0,7635.25,Put GEX 4,GEX,-398292.439,7554.324080452437,9243.001193671562
2026-09-01 11:10:09,7650.0,7660.25,Put CEX 2,CEX,-2862765.984,7554.324080452437,9243.001193671562
2026-09-01 11:10:09,7650.0,7660.25,Put DEX 5,DEX,-66.084,7554.324080452437,9243.001193671562
2026-09-01 11:10:09,7675.0,7685.25,Put CEX 3,CEX,-2090355.678,7554.324080452437,9243.001193671562
2026-09-01 11:10:09,7700.0,7710.25,Put CEX 4,CEX,-1925268.427,7554.324080452437,9243.001193671562
2026-09-01 11:10:09,7700.0,7710.25,Put DEX 2,DEX,-189.106,7554.324080452437,9243.001193671562
2026-09-01 11:10:09,7700.0,7710.25,Put VEX 5,VEX,-910210.64,7554.324080452437,9243.001193671562
2026-09-01 11:10:09,7750.0,7760.25,Put CEX 5,CEX,-1492960.864,7554.324080452437,9243.001193671562
2026-09-01 11:10:09,7750.0,7760.25,Put DEX 3,DEX,-88.767,7554.324080452437,9243.001193671562
2026-09-01 11:10:09,7750.0,7760.25,Call GEX 3,GEX,286089.096,7554.324080452437,9243.001193671562
2026-09-01 11:10:09,7750.0,7760.25,Put VEX 3,VEX,-1076903.523,7554.324080452437,9243.001193671562
2026-09-01 11:10:09,7800.0,7810.25,Put DEX 4,DEX,-67.679,7554.324080452437,9243.001193671562
2026-09-01 11:10:09,7800.0,7810.25,Call GEX 1,GEX,514877.1,7554.324080452437,9243.001193671562
2026-09-01 11:10:09,7800.0,7810.25,Put VEX 2,VEX,-1688540.869,7554.324080452437,9243.001193671562
2026-09-01 11:10:09,7850.0,7860.5,Call GEX 4,GEX,272377.612,7554.324080452437,9243.001193671562
2026-09-01 11:10:09,7900.0,7910.5,Call GEX 2,GEX,370893.627,7554.324080452437,9243.001193671562
2026-09-01 11:10:09,7900.0,7910.5,Put VEX 4,VEX,-969509.035,7554.324080452437,9243.001193671562
2026-09-01 11:10:09,7950.0,7960.5,Call GEX 5,GEX,160910.697,7554.324080452437,9243.001193671562
2026-09-01 11:10:09,8000.0,8010.75,Put CEX 1,CEX,-3098418.552,7554.324080452437,9243.001193671562
2026-09-01 11:10:09,8000.0,8010.75,Put DEX 1,DEX,-2546.019,7554.324080452437,9243.001193671562
2026-09-01 11:10:09,8000.0,8010.75,Put GEX 3,GEX,-425785.105,7554.324080452437,9243.001193671562
2026-09-01 11:10:09,8000.0,8010.75,Put VEX 1,VEX,-10189500.739,7554.324080452437,9243.001193671562
2026-09-01 11:10:56,7000.0,7009.25,Call CEX 5,CEX,1456379.779,7554.787648267486,9247.533752634352
2026-09-01 11:10:56,7000.0,7009.25,Call DEX 1,DEX,883.309,7554.787648267486,9247.533752634352
2026-09-01 11:10:56,7000.0,7009.25,Put GEX 1,GEX,-712404.02,7554.787648267486,9247.533752634352
2026-09-01 11:10:56,7000.0,7009.25,Call VEX 1,VEX,6612282.995,7554.787648267486,9247.533752634352
2026-09-01 11:10:56,7300.0,7309.5,Call DEX 2,DEX,261.15,7554.787648267486,9247.533752634352
2026-09-01 11:10:56,7300.0,7309.5,Call VEX 5,VEX,1603039.129,7554.787648267486,9247.533752634352
2026-09-01 11:10:56,7400.0,7409.75,Call DEX 3,DEX,204.195,7554.787648267486,9247.533752634352
2026-09-01 11:10:56,7400.0,7409.75,Call VEX 3,VEX,2103268.916,7554.787648267486,9247.533752634352
2026-09-01 11:10:56,7450.0,7459.75,Call DEX 4,DEX,200.694,7554.787648267486,9247.533752634352
2026-09-01 11:10:56,7450.0,7459.75,Call VEX 4,VEX,1849021.508,7554.787648267486,9247.533752634352
2026-09-01 11:10:56,7500.0,7509.75,Call CEX 4,CEX,1477307.396,7554.787648267486,9247.533752634352
2026-09-01 11:10:56,7500.0,7509.75,Call DEX 5,DEX,146.97,7554.787648267486,9247.533752634352
2026-09-01 11:10:56,7500.0,7509.75,Put GEX 2,GEX,-577225.013,7554.787648267486,9247.533752634352
2026-09-01 11:10:56,7500.0,7509.75,Call VEX 2,VEX,2900066.262,7554.787648267486,9247.533752634352
2026-09-01 11:10:56,7550.0,7559.75,Put GEX 5,GEX,-376725.888,7554.787648267486,9247.533752634352
2026-09-01 11:10:56,7600.0,7610.0,Call CEX 1,CEX,1986912.879,7554.787648267486,9247.533752634352
2026-09-01 11:10:56,7610.0,7620.0,Call CEX 3,CEX,1497030.129,7554.787648267486,9247.533752634352
2026-09-01 11:10:56,7625.0,7635.0,Call CEX 2,CEX,1692225.24,7554.787648267486,9247.533752634352
2026-09-01 11:10:56,7625.0,7635.0,Put GEX 4,GEX,-391156.915,7554.787648267486,9247.533752634352
2026-09-01 11:10:56,7650.0,7660.0,Put CEX 2,CEX,-2880388.329,7554.787648267486,9247.533752634352
2026-09-01 11:10:56,7650.0,7660.0,Put DEX 5,DEX,-66.658,7554.787648267486,9247.533752634352
2026-09-01 11:10:56,7675.0,7685.0,Put CEX 3,CEX,-2280557.513,7554.787648267486,9247.533752634352
2026-09-01 11:10:56,7700.0,7710.0,Put CEX 4,CEX,-2052097.169,7554.787648267486,9247.533752634352
2026-09-01 11:10:56,7700.0,7710.0,Put DEX 2,DEX,-190.199,7554.787648267486,9247.533752634352
2026-09-01 11:10:56,7700.0,7710.0,Put VEX 5,VEX,-920287.916,7554.787648267486,9247.533752634352
2026-09-01 11:10:56,7750.0,7760.0,Put CEX 5,CEX,-1550927.126,7554.787648267486,9247.533752634352
2026-09-01 11:10:56,7750.0,7760.0,Put DEX 3,DEX,-89.431,7554.787648267486,9247.533752634352
2026-09-01 11:10:56,7750.0,7760.0,Call GEX 3,GEX,285402.841,7554.787648267486,9247.533752634352
2026-09-01 11:10:56,7750.0,7760.0,Put VEX 3,VEX,-1080024.182,7554.787648267486,9247.533752634352
2026-09-01 11:10:56,7800.0,7810.25,Put DEX 4,DEX,-68.123,7554.787648267486,9247.533752634352
2026-09-01 11:10:56,7800.0,7810.25,Call GEX 1,GEX,513632.405,7554.787648267486,9247.533752634352
2026-09-01 11:10:56,7800.0,7810.25,Put VEX 2,VEX,-1690999.169,7554.787648267486,9247.533752634352
2026-09-01 11:10:56,7850.0,7860.25,Call GEX 4,GEX,272227.174,7554.787648267486,9247.533752634352
2026-09-01 11:10:56,7900.0,7910.25,Call GEX 2,GEX,370585.689,7554.787648267486,9247.533752634352
2026-09-01 11:10:56,7900.0,7910.25,Put VEX 4,VEX,-968291.547,7554.787648267486,9247.533752634352
2026-09-01 11:10:56,7950.0,7960.25,Call GEX 5,GEX,160821.265,7554.787648267486,9247.533752634352
2026-09-01 11:10:56,8000.0,8010.5,Put CEX 1,CEX,-3107685.246,7554.787648267486,9247.533752634352
2026-09-01 11:10:56,8000.0,8010.5,Put DEX 1,DEX,-2541.043,7554.787648267486,9247.533752634352
2026-09-01 11:10:56,8000.0,8010.5,Put GEX 3,GEX,-432945.559,7554.787648267486,9247.533752634352
2026-09-01 11:10:56,8000.0,8010.5,Put VEX 1,VEX,-10215417.265,7554.787648267486,9247.533752634352
2026-09-01 11:11:45,7000.0,7009.5,Call CEX 5,CEX,1459690.551,7550.863741182047,9248.710108987028
2026-09-01 11:11:45,7000.0,7009.5,Call DEX 1,DEX,881.663,7550.863741182047,9248.710108987028
2026-09-01 11:11:45,7000.0,7009.5,Put GEX 1,GEX,-708750.526,7550.863741182047,9248.710108987028
2026-09-01 11:11:45,7000.0,7009.5,Call VEX 1,VEX,6642068.637,7550.863741182047,9248.710108987028
2026-09-01 11:11:45,7300.0,7310.0,Call DEX 2,DEX,259.836,7550.863741182047,9248.710108987028
2026-09-01 11:11:45,7300.0,7310.0,Call VEX 5,VEX,1616002.458,7550.863741182047,9248.710108987028
2026-09-01 11:11:45,7400.0,7410.0,Call DEX 4,DEX,203.417,7550.863741182047,9248.710108987028
2026-09-01 11:11:45,7400.0,7410.0,Call VEX 3,VEX,2103846.956,7550.863741182047,9248.710108987028
2026-09-01 11:11:45,7450.0,7460.25,Call DEX 3,DEX,210.471,7550.863741182047,9248.710108987028
2026-09-01 11:11:45,7450.0,7460.25,Call VEX 4,VEX,1850663.662,7550.863741182047,9248.710108987028
2026-09-01 11:11:45,7500.0,7510.25,Call CEX 3,CEX,1510249.383,7550.863741182047,9248.710108987028
2026-09-01 11:11:45,7500.0,7510.25,Call DEX 5,DEX,147.196,7550.863741182047,9248.710108987028
2026-09-01 11:11:45,7500.0,7510.25,Put GEX 2,GEX,-576185.872,7550.863741182047,9248.710108987028
2026-09-01 11:11:45,7500.0,7510.25,Call VEX 2,VEX,2898980.317,7550.863741182047,9248.710108987028
2026-09-01 11:11:45,7550.0,7560.25,Put GEX 5,GEX,-376804.032,7550.863741182047,9248.710108987028
2026-09-01 11:11:45,7600.0,7610.5,Call CEX 1,CEX,2457432.505,7550.863741182047,9248.710108987028
2026-09-01 11:11:45,7610.0,7620.5,Call CEX 4,CEX,1503890.822,7550.863741182047,9248.710108987028
2026-09-01 11:11:45,7625.0,7635.5,Call CEX 2,CEX,1678151.026,7550.863741182047,9248.710108987028
2026-09-01 11:11:45,7625.0,7635.5,Put GEX 4,GEX,-419835.772,7550.863741182047,9248.710108987028
2026-09-01 11:11:45,7645.0,7655.5,Put CEX 5,CEX,-1264295.457,7550.863741182047,9248.710108987028
2026-09-01 11:11:45,7650.0,7660.5,Put CEX 2,CEX,-2718176.762,7550.863741182047,9248.710108987028
2026-09-01 11:11:45,7650.0,7660.5,Put DEX 4,DEX,-68.289,7550.863741182047,9248.710108987028
2026-09-01 11:11:45,7700.0,7710.5,Put CEX 3,CEX,-1377704.716,7550.863741182047,9248.710108987028
2026-09-01 11:11:45,7700.0,7710.5,Put DEX 2,DEX,-178.059,7550.863741182047,9248.710108987028
2026-09-01 11:11:45,7700.0,7710.5,Put VEX 5,VEX,-909505.693,7550.863741182047,9248.710108987028
2026-09-01 11:11:45,7750.0,7760.5,Put CEX 4,CEX,-1300048.516,7550.863741182047,9248.710108987028
2026-09-01 11:11:45,7750.0,7760.5,Put DEX 3,DEX,-83.435,7550.863741182047,9248.710108987028
2026-09-01 11:11:45,7750.0,7760.5,Call GEX 3,GEX,288730.699,7550.863741182047,9248.710108987028
2026-09-01 11:11:45,7750.0,7760.5,Put VEX 3,VEX,-1073871.246,7550.863741182047,9248.710108987028
2026-09-01 11:11:45,7800.0,7810.75,Put DEX 5,DEX,-65.665,7550.863741182047,9248.710108987028
2026-09-01 11:11:45,7800.0,7810.75,Call GEX 1,GEX,513626.539,7550.863741182047,9248.710108987028
2026-09-01 11:11:45,7800.0,7810.75,Put VEX 2,VEX,-1688681.334,7550.863741182047,9248.710108987028
2026-09-01 11:11:45,7850.0,7860.75,Call GEX 4,GEX,271981.233,7550.863741182047,9248.710108987028
2026-09-01 11:11:45,7900.0,7910.75,Call GEX 2,GEX,370085.633,7550.863741182047,9248.710108987028
2026-09-01 11:11:45,7900.0,7910.75,Put VEX 4,VEX,-968996.454,7550.863741182047,9248.710108987028
2026-09-01 11:11:45,7950.0,7960.75,Call GEX 5,GEX,160891.783,7550.863741182047,9248.710108987028
2026-09-01 11:11:45,8000.0,8011.0,Put CEX 1,CEX,-3079853.402,7550.863741182047,9248.710108987028
2026-09-01 11:11:45,8000.0,8011.0,Put DEX 1,DEX,-2549.858,7550.863741182047,9248.710108987028
2026-09-01 11:11:45,8000.0,8011.0,Put GEX 3,GEX,-420097.017,7550.863741182047,9248.710108987028
2026-09-01 11:11:45,8000.0,8011.0,Put VEX 1,VEX,-10168407.964,7550.863741182047,9248.710108987028
2026-09-01 11:12:33,7000.0,7009.75,Call CEX 5,CEX,1455696.801,7553.223280043911,9246.832287910966
2026-09-01 11:12:33,7000.0,7009.75,Call DEX 1,DEX,877.692,7553.223280043911,9246.832287910966
2026-09-01 11:12:33,7000.0,7009.75,Put GEX 1,GEX,-712761.603,7553.223280043911,9246.832287910966
2026-09-01 11:12:33,7000.0,7009.75,Call VEX 1,VEX,6607449.207,7553.223280043911,9246.832287910966
2026-09-01 11:12:33,7300.0,7310.0,Call DEX 2,DEX,260.3,7553.223280043911,9246.832287910966
2026-09-01 11:12:33,7300.0,7310.0,Call VEX 5,VEX,1610872.867,7553.223280043911,9246.832287910966
2026-09-01 11:12:33,7400.0,7410.25,Call DEX 3,DEX,203.622,7553.223280043911,9246.832287910966
2026-09-01 11:12:33,7400.0,7410.25,Call VEX 3,VEX,2104716.096,7553.223280043911,9246.832287910966
2026-09-01 11:12:33,7450.0,7460.25,Call DEX 4,DEX,200.195,7553.223280043911,9246.832287910966
2026-09-01 11:12:33,7450.0,7460.25,Call VEX 4,VEX,1848001.96,7553.223280043911,9246.832287910966
2026-09-01 11:12:33,7500.0,7510.25,Call CEX 3,CEX,1494351.272,7553.223280043911,9246.832287910966
2026-09-01 11:12:33,7500.0,7510.25,Call DEX 5,DEX,148.019,7553.223280043911,9246.832287910966
2026-09-01 11:12:33,7500.0,7510.25,Put GEX 2,GEX,-576996.911,7553.223280043911,9246.832287910966
2026-09-01 11:12:33,7500.0,7510.25,Call VEX 2,VEX,2900638.015,7553.223280043911,9246.832287910966
2026-09-01 11:12:33,7550.0,7560.5,Put GEX 5,GEX,-376928.155,7553.223280043911,9246.832287910966
2026-09-01 11:12:33,7600.0,7610.5,Call CEX 1,CEX,2334974.113,7553.223280043911,9246.832287910966
2026-09-01 11:12:33,7610.0,7620.5,Call CEX 4,CEX,1490578.284,7553.223280043911,9246.832287910966
2026-09-01 11:12:33,7625.0,7635.5,Call CEX 2,CEX,1778630.66,7553.223280043911,9246.832287910966
2026-09-01 11:12:33,7625.0,7635.5,Put GEX 4,GEX,-410987.955,7553.223280043911,9246.832287910966
2026-09-01 11:12:33,7650.0,7660.5,Put CEX 2,CEX,-2836504.91,7553.223280043911,9246.832287910966
2026-09-01 11:12:33,7650.0,7660.5,Put DEX 5,DEX,-67.144,7553.223280043911,9246.832287910966
2026-09-01 11:12:33,7675.0,7685.5,Put CEX 4,CEX,-1468658.713,7553.223280043911,9246.832287910966
2026-09-01 11:12:33,7700.0,7710.5,Put CEX 3,CEX,-1780656.898,7553.223280043911,9246.832287910966
2026-09-01 11:12:33,7700.0,7710.5,Put DEX 2,DEX,-189.828,7553.223280043911,9246.832287910966
2026-09-01 11:12:33,7700.0,7710.5,Put VEX 5,VEX,-910328.946,7553.223280043911,9246.832287910966
2026-09-01 11:12:33,7750.0,7760.75,Put CEX 5,CEX,-1427125.586,7553.223280043911,9246.832287910966
2026-09-01 11:12:33,7750.0,7760.75,Put DEX 3,DEX,-89.045,7553.223280043911,9246.832287910966
2026-09-01 11:12:33,7750.0,7760.75,Call GEX 3,GEX,286577.796,7553.223280043911,9246.832287910966
2026-09-01 11:12:33,7750.0,7760.75,Put VEX 3,VEX,-1074713.883,7553.223280043911,9246.832287910966
2026-09-01 11:12:33,7800.0,7810.75,Put DEX 4,DEX,-67.588,7553.223280043911,9246.832287910966
2026-09-01 11:12:33,7800.0,7810.75,Call GEX 1,GEX,513727.418,7553.223280043911,9246.832287910966
2026-09-01 11:12:33,7800.0,7810.75,Put VEX 2,VEX,-1689220.898,7553.223280043911,9246.832287910966
2026-09-01 11:12:33,7850.0,7860.75,Call GEX 4,GEX,272657.168,7553.223280043911,9246.832287910966
2026-09-01 11:12:33,7900.0,7910.75,Call GEX 2,GEX,371023.311,7553.223280043911,9246.832287910966
2026-09-01 11:12:33,7900.0,7910.75,Put VEX 4,VEX,-970302.156,7553.223280043911,9246.832287910966
2026-09-01 11:12:33,7950.0,7961.0,Call GEX 5,GEX,161323.932,7553.223280043911,9246.832287910966
2026-09-01 11:12:33,8000.0,8011.0,Put CEX 1,CEX,-3101988.882,7553.223280043911,9246.832287910966
2026-09-01 11:12:33,8000.0,8011.0,Put DEX 1,DEX,-2544.64,7553.223280043911,9246.832287910966
2026-09-01 11:12:33,8000.0,8011.0,Put GEX 3,GEX,-419296.56,7553.223280043911,9246.832287910966
2026-09-01 11:12:33,8000.0,8011.0,Put VEX 1,VEX,-10206850.847,7553.223280043911,9246.832287910966
2026-09-01 11:13:20,7000.0,7009.0,Call CEX 5,CEX,1443388.917,7556.415795385548,9246.485772978143
2026-09-01 11:13:20,7000.0,7009.0,Call DEX 1,DEX,881.465,7556.415795385548,9246.485772978143
2026-09-01 11:13:20,7000.0,7009.0,Put GEX 1,GEX,-735346.435,7556.415795385548,9246.485772978143
2026-09-01 11:13:20,7000.0,7009.0,Call VEX 1,VEX,6475957.326,7556.415795385548,9246.485772978143
2026-09-01 11:13:20,7300.0,7309.5,Call DEX 2,DEX,260.333,7556.415795385548,9246.485772978143
2026-09-01 11:13:20,7300.0,7309.5,Call VEX 5,VEX,1607918.87,7556.415795385548,9246.485772978143
2026-09-01 11:13:20,7400.0,7409.5,Call DEX 3,DEX,203.207,7556.415795385548,9246.485772978143
2026-09-01 11:13:20,7400.0,7409.5,Call VEX 3,VEX,2102909.421,7556.415795385548,9246.485772978143
2026-09-01 11:13:20,7450.0,7459.5,Call DEX 4,DEX,199.826,7556.415795385548,9246.485772978143
2026-09-01 11:13:20,7450.0,7459.5,Call VEX 4,VEX,1846724.353,7556.415795385548,9246.485772978143
2026-09-01 11:13:20,7500.0,7509.75,Call CEX 4,CEX,1478562.666,7556.415795385548,9246.485772978143
2026-09-01 11:13:20,7500.0,7509.75,Call DEX 5,DEX,142.962,7556.415795385548,9246.485772978143
2026-09-01 11:13:20,7500.0,7509.75,Put GEX 2,GEX,-575171.873,7556.415795385548,9246.485772978143
2026-09-01 11:13:20,7500.0,7509.75,Call VEX 2,VEX,2894462.035,7556.415795385548,9246.485772978143
2026-09-01 11:13:20,7550.0,7559.75,Put GEX 5,GEX,-374728.635,7556.415795385548,9246.485772978143
2026-09-01 11:13:20,7600.0,7609.75,Call CEX 1,CEX,2010636.038,7556.415795385548,9246.485772978143
2026-09-01 11:13:20,7610.0,7619.75,Call CEX 3,CEX,1511845.705,7556.415795385548,9246.485772978143
2026-09-01 11:13:20,7625.0,7634.75,Call CEX 2,CEX,1707744.961,7556.415795385548,9246.485772978143
2026-09-01 11:13:20,7625.0,7634.75,Put GEX 4,GEX,-390991.745,7556.415795385548,9246.485772978143
2026-09-01 11:13:20,7650.0,7659.75,Put CEX 2,CEX,-2904964.823,7556.415795385548,9246.485772978143
2026-09-01 11:13:20,7650.0,7659.75,Put DEX 5,DEX,-66.833,7556.415795385548,9246.485772978143
2026-09-01 11:13:20,7675.0,7684.75,Put CEX 3,CEX,-2340416.404,7556.415795385548,9246.485772978143
2026-09-01 11:13:20,7690.0,7700.0,Put CEX 5,CEX,-1624980.5,7556.415795385548,9246.485772978143
2026-09-01 11:13:20,7700.0,7710.0,Put CEX 4,CEX,-2134204.748,7556.415795385548,9246.485772978143
2026-09-01 11:13:20,7700.0,7710.0,Put DEX 2,DEX,-189.758,7556.415795385548,9246.485772978143
2026-09-01 11:13:20,7700.0,7710.0,Put VEX 5,VEX,-921580.13,7556.415795385548,9246.485772978143
2026-09-01 11:13:20,7750.0,7760.0,Put DEX 3,DEX,-88.941,7556.415795385548,9246.485772978143
2026-09-01 11:13:20,7750.0,7760.0,Call GEX 3,GEX,284039.718,7556.415795385548,9246.485772978143
2026-09-01 11:13:20,7750.0,7760.0,Put VEX 3,VEX,-1079979.162,7556.415795385548,9246.485772978143
2026-09-01 11:13:20,7800.0,7810.0,Put DEX 4,DEX,-67.344,7556.415795385548,9246.485772978143
2026-09-01 11:13:20,7800.0,7810.0,Call GEX 1,GEX,513341.304,7556.415795385548,9246.485772978143
2026-09-01 11:13:20,7800.0,7810.0,Put VEX 2,VEX,-1690514.703,7556.415795385548,9246.485772978143
2026-09-01 11:13:20,7850.0,7860.0,Call GEX 4,GEX,272218.33,7556.415795385548,9246.485772978143
2026-09-01 11:13:20,7900.0,7910.25,Call GEX 2,GEX,371149.633,7556.415795385548,9246.485772978143
2026-09-01 11:13:20,7900.0,7910.25,Put VEX 4,VEX,-970885.682,7556.415795385548,9246.485772978143
2026-09-01 11:13:20,7950.0,7960.25,Call GEX 5,GEX,161145.645,7556.415795385548,9246.485772978143
2026-09-01 11:13:20,8000.0,8010.25,Put CEX 1,CEX,-3119056.668,7556.415795385548,9246.485772978143
2026-09-01 11:13:20,8000.0,8010.25,Put DEX 1,DEX,-2536.79,7556.415795385548,9246.485772978143
2026-09-01 11:13:20,8000.0,8010.25,Put GEX 3,GEX,-427600.398,7556.415795385548,9246.485772978143
2026-09-01 11:13:20,8000.0,8010.25,Put VEX 1,VEX,-10236192.656,7556.415795385548,9246.485772978143
2026-09-01 11:14:07,7000.0,7009.5,Call CEX 4,CEX,1481071.39,7553.886020408171,9249.560818932458
2026-09-01 11:14:07,7000.0,7009.5,Call DEX 1,DEX,907.782,7553.886020408171,9249.560818932458
2026-09-01 11:14:07,7000.0,7009.5,Put GEX 1,GEX,-712054.966,7553.886020408171,9249.560818932458
2026-09-01 11:14:07,7000.0,7009.5,Call VEX 1,VEX,6676822.715,7553.886020408171,9249.560818932458
2026-09-01 11:14:07,7300.0,7310.0,Call DEX 2,DEX,258.547,7553.886020408171,9249.560818932458
2026-09-01 11:14:07,7300.0,7310.0,Call VEX 5,VEX,1620252.722,7553.886020408171,9249.560818932458
2026-09-01 11:14:07,7400.0,7410.0,Call DEX 4,DEX,201.769,7553.886020408171,9249.560818932458
2026-09-01 11:14:07,7400.0,7410.0,Call VEX 3,VEX,2102227.447,7553.886020408171,9249.560818932458
2026-09-01 11:14:07,7450.0,7460.0,Call DEX 3,DEX,207.93,7553.886020408171,9249.560818932458
2026-09-01 11:14:07,7450.0,7460.0,Call VEX 4,VEX,1846532.428,7553.886020408171,9249.560818932458
2026-09-01 11:14:07,7500.0,7510.25,Call CEX 3,CEX,1512964.099,7553.886020408171,9249.560818932458
2026-09-01 11:14:07,7500.0,7510.25,Call DEX 5,DEX,142.453,7553.886020408171,9249.560818932458
2026-09-01 11:14:07,7500.0,7510.25,Put GEX 2,GEX,-579228.112,7553.886020408171,9249.560818932458
2026-09-01 11:14:07,7500.0,7510.25,Call VEX 2,VEX,2880353.361,7553.886020408171,9249.560818932458
2026-09-01 11:14:07,7515.0,7525.25,Call CEX 5,CEX,1464852.971,7553.886020408171,9249.560818932458
2026-09-01 11:14:07,7550.0,7560.25,Put GEX 5,GEX,-380587.843,7553.886020408171,9249.560818932458
2026-09-01 11:14:07,7600.0,7610.25,Call CEX 1,CEX,2547989.479,7553.886020408171,9249.560818932458
2026-09-01 11:14:07,7610.0,7620.25,Call CEX 2,CEX,1570082.199,7553.886020408171,9249.560818932458
2026-09-01 11:14:07,7625.0,7635.25,Put GEX 3,GEX,-426879.221,7553.886020408171,9249.560818932458
2026-09-01 11:14:07,7640.0,7650.5,Put CEX 5,CEX,-1348404.45,7553.886020408171,9249.560818932458
2026-09-01 11:14:07,7650.0,7660.5,Put CEX 2,CEX,-2761404.165,7553.886020408171,9249.560818932458
2026-09-01 11:14:07,7650.0,7660.5,Put DEX 4,DEX,-70.297,7553.886020408171,9249.560818932458
2026-09-01 11:14:07,7675.0,7685.5,Put CEX 4,CEX,-1556026.074,7553.886020408171,9249.560818932458
2026-09-01 11:14:07,7700.0,7710.5,Put CEX 3,CEX,-1672368.259,7553.886020408171,9249.560818932458
2026-09-01 11:14:07,7700.0,7710.5,Put DEX 2,DEX,-194.531,7553.886020408171,9249.560818932458
2026-09-01 11:14:07,7700.0,7710.5,Put VEX 5,VEX,-937497.743,7553.886020408171,9249.560818932458
2026-09-01 11:14:07,7750.0,7760.5,Put DEX 3,DEX,-85.058,7553.886020408171,9249.560818932458
2026-09-01 11:14:07,7750.0,7760.5,Call GEX 3,GEX,286723.125,7553.886020408171,9249.560818932458
2026-09-01 11:14:07,7750.0,7760.5,Put VEX 3,VEX,-1080438.192,7553.886020408171,9249.560818932458
2026-09-01 11:14:07,7800.0,7810.5,Put DEX 5,DEX,-67.05,7553.886020408171,9249.560818932458
2026-09-01 11:14:07,7800.0,7810.5,Call GEX 1,GEX,509267.651,7553.886020408171,9249.560818932458
2026-09-01 11:14:07,7800.0,7810.5,Put VEX 2,VEX,-1691572.347,7553.886020408171,9249.560818932458
2026-09-01 11:14:07,7850.0,7860.75,Call GEX 4,GEX,270363.167,7553.886020408171,9249.560818932458
2026-09-01 11:14:07,7900.0,7910.75,Call GEX 2,GEX,368161.981,7553.886020408171,9249.560818932458
2026-09-01 11:14:07,7900.0,7910.75,Put VEX 4,VEX,-969509.393,7553.886020408171,9249.560818932458
2026-09-01 11:14:07,7950.0,7960.75,Call GEX 5,GEX,159932.172,7553.886020408171,9249.560818932458
2026-09-01 11:14:07,8000.0,8010.75,Put CEX 1,CEX,-3075627.158,7553.886020408171,9249.560818932458
2026-09-01 11:14:07,8000.0,8010.75,Put DEX 1,DEX,-2549.313,7553.886020408171,9249.560818932458
2026-09-01 11:14:07,8000.0,8010.75,Put GEX 4,GEX,-414254.458,7553.886020408171,9249.560818932458
2026-09-01 11:14:07,8000.0,8010.75,Put VEX 1,VEX,-10179831.578,7553.886020408171,9249.560818932458
2026-09-01 11:14:54,7000.0,7009.25,Call CEX 4,CEX,1471007.238,7554.952219743488,9246.938996516572
2026-09-01 11:14:54,7000.0,7009.25,Call DEX 1,DEX,908.346,7554.952219743488,9246.938996516572
2026-09-01 11:14:54,7000.0,7009.25,Put GEX 1,GEX,-719099.108,7554.952219743488,9246.938996516572
2026-09-01 11:14:54,7000.0,7009.25,Call VEX 1,VEX,6647857.755,7554.952219743488,9246.938996516572
2026-09-01 11:14:54,7300.0,7309.5,Call DEX 2,DEX,258.15,7554.952219743488,9246.938996516572
2026-09-01 11:14:54,7300.0,7309.5,Call VEX 5,VEX,1620660.294,7554.952219743488,9246.938996516572
2026-09-01 11:14:54,7400.0,7409.75,Call DEX 3,DEX,200.638,7554.952219743488,9246.938996516572
2026-09-01 11:14:54,7400.0,7409.75,Call VEX 3,VEX,2101713.162,7554.952219743488,9246.938996516572
2026-09-01 11:14:54,7450.0,7459.75,Call DEX 4,DEX,196.641,7554.952219743488,9246.938996516572
2026-09-01 11:14:54,7450.0,7459.75,Call VEX 4,VEX,1843446.782,7554.952219743488,9246.938996516572
2026-09-01 11:14:54,7500.0,7509.75,Call CEX 3,CEX,1490902.059,7554.952219743488,9246.938996516572
2026-09-01 11:14:54,7500.0,7509.75,Call DEX 5,DEX,141.109,7554.952219743488,9246.938996516572
2026-09-01 11:14:54,7500.0,7509.75,Put GEX 2,GEX,-578232.134,7554.952219743488,9246.938996516572
2026-09-01 11:14:54,7500.0,7509.75,Call VEX 2,VEX,2876831.093,7554.952219743488,9246.938996516572
2026-09-01 11:14:54,7515.0,7524.75,Call CEX 5,CEX,1458468.616,7554.952219743488,9246.938996516572
2026-09-01 11:14:54,7550.0,7559.75,Put GEX 5,GEX,-379041.184,7554.952219743488,9246.938996516572
2026-09-01 11:14:54,7600.0,7610.0,Call CEX 1,CEX,2466916.133,7554.952219743488,9246.938996516572
2026-09-01 11:14:54,7610.0,7620.0,Call CEX 2,CEX,1574342.523,7554.952219743488,9246.938996516572
2026-09-01 11:14:54,7625.0,7635.0,Put GEX 4,GEX,-416670.457,7554.952219743488,9246.938996516572
2026-09-01 11:14:54,7650.0,7660.0,Put CEX 2,CEX,-2832577.933,7554.952219743488,9246.938996516572
2026-09-01 11:14:54,7650.0,7660.0,Put DEX 4,DEX,-69.746,7554.952219743488,9246.938996516572
2026-09-01 11:14:54,7675.0,7685.0,Put CEX 3,CEX,-1966614.806,7554.952219743488,9246.938996516572
2026-09-01 11:14:54,7700.0,7710.0,Put CEX 4,CEX,-1924703.444,7554.952219743488,9246.938996516572
2026-09-01 11:14:54,7700.0,7710.0,Put DEX 2,DEX,-193.379,7554.952219743488,9246.938996516572
2026-09-01 11:14:54,7700.0,7710.0,Put VEX 5,VEX,-938749.422,7554.952219743488,9246.938996516572
2026-09-01 11:14:54,7750.0,7760.0,Put CEX 5,CEX,-1472625.015,7554.952219743488,9246.938996516572
2026-09-01 11:14:54,7750.0,7760.0,Put DEX 3,DEX,-90.637,7554.952219743488,9246.938996516572
2026-09-01 11:14:54,7750.0,7760.0,Call GEX 3,GEX,283147.136,7554.952219743488,9246.938996516572
2026-09-01 11:14:54,7750.0,7760.0,Put VEX 3,VEX,-1083831.599,7554.952219743488,9246.938996516572
2026-09-01 11:14:54,7800.0,7810.25,Put DEX 5,DEX,-69.051,7554.952219743488,9246.938996516572
2026-09-01 11:14:54,7800.0,7810.25,Call GEX 1,GEX,509065.376,7554.952219743488,9246.938996516572
2026-09-01 11:14:54,7800.0,7810.25,Put VEX 2,VEX,-1693563.399,7554.952219743488,9246.938996516572
2026-09-01 11:14:54,7850.0,7860.25,Call GEX 4,GEX,270265.319,7554.952219743488,9246.938996516572
2026-09-01 11:14:54,7900.0,7910.25,Call GEX 2,GEX,368159.585,7554.952219743488,9246.938996516572
2026-09-01 11:14:54,7900.0,7910.25,Put VEX 4,VEX,-970628.545,7554.952219743488,9246.938996516572
2026-09-01 11:14:54,7950.0,7960.5,Call GEX 5,GEX,160029.23,7554.952219743488,9246.938996516572
2026-09-01 11:14:54,8000.0,8010.5,Put CEX 1,CEX,-3095251.842,7554.952219743488,9246.938996516572
2026-09-01 11:14:54,8000.0,8010.5,Put DEX 1,DEX,-2541.927,7554.952219743488,9246.938996516572
2026-09-01 11:14:54,8000.0,8010.5,Put GEX 3,GEX,-422578.684,7554.952219743488,9246.938996516572
2026-09-01 11:14:54,8000.0,8010.5,Put VEX 1,VEX,-10212291.45,7554.952219743488,9246.938996516572
2026-09-01 11:15:42,7000.0,7009.25,Call CEX 4,CEX,1476116.862,7557.391275452841,9250.247263232555
2026-09-01 11:15:42,7000.0,7009.25,Call DEX 1,DEX,870.193,7557.391275452841,9250.247263232555
2026-09-01 11:15:42,7000.0,7009.25,Put GEX 1,GEX,-714755.272,7557.391275452841,9250.247263232555
2026-09-01 11:15:42,7000.0,7009.25,Call VEX 1,VEX,6708628.655,7557.391275452841,9250.247263232555
2026-09-01 11:15:42,7300.0,7309.75,Call DEX 2,DEX,257.751,7557.391275452841,9250.247263232555
2026-09-01 11:15:42,7300.0,7309.75,Call VEX 5,VEX,1620415.643,7557.391275452841,9250.247263232555
2026-09-01 11:15:42,7400.0,7409.75,Call DEX 3,DEX,198.956,7557.391275452841,9250.247263232555
2026-09-01 11:15:42,7400.0,7409.75,Call VEX 3,VEX,2100752.651,7557.391275452841,9250.247263232555
2026-09-01 11:15:42,7450.0,7459.75,Call DEX 4,DEX,195.538,7557.391275452841,9250.247263232555
2026-09-01 11:15:42,7450.0,7459.75,Call VEX 4,VEX,1840682.145,7557.391275452841,9250.247263232555
2026-09-01 11:15:42,7500.0,7510.0,Call CEX 3,CEX,1493136.489,7557.391275452841,9250.247263232555
2026-09-01 11:15:42,7500.0,7510.0,Call DEX 5,DEX,138.283,7557.391275452841,9250.247263232555
2026-09-01 11:15:42,7500.0,7510.0,Put GEX 2,GEX,-580761.945,7557.391275452841,9250.247263232555
2026-09-01 11:15:42,7500.0,7510.0,Call VEX 2,VEX,2865562.329,7557.391275452841,9250.247263232555
2026-09-01 11:15:42,7515.0,7525.0,Call CEX 5,CEX,1472141.885,7557.391275452841,9250.247263232555
2026-09-01 11:15:42,7550.0,7560.0,Put GEX 5,GEX,-380901.129,7557.391275452841,9250.247263232555
2026-09-01 11:15:42,7600.0,7610.0,Call CEX 1,CEX,2630932.652,7557.391275452841,9250.247263232555
2026-09-01 11:15:42,7610.0,7620.0,Call CEX 2,CEX,1602821.827,7557.391275452841,9250.247263232555
2026-09-01 11:15:42,7625.0,7635.0,Put GEX 4,GEX,-421276.233,7557.391275452841,9250.247263232555
2026-09-01 11:15:42,7650.0,7660.0,Put CEX 2,CEX,-2810126.203,7557.391275452841,9250.247263232555
2026-09-01 11:15:42,7650.0,7660.0,Put DEX 4,DEX,-71.115,7557.391275452841,9250.247263232555
2026-09-01 11:15:42,7675.0,7685.25,Put CEX 3,CEX,-1875325.152,7557.391275452841,9250.247263232555
2026-09-01 11:15:42,7700.0,7710.25,Put CEX 4,CEX,-1817253.033,7557.391275452841,9250.247263232555
2026-09-01 11:15:42,7700.0,7710.25,Put DEX 2,DEX,-195.489,7557.391275452841,9250.247263232555
2026-09-01 11:15:42,7700.0,7710.25,Put VEX 5,VEX,-950057.942,7557.391275452841,9250.247263232555
2026-09-01 11:15:42,7750.0,7760.25,Put CEX 5,CEX,-1486630.812,7557.391275452841,9250.247263232555
2026-09-01 11:15:42,7750.0,7760.25,Put DEX 3,DEX,-91.752,7557.391275452841,9250.247263232555
2026-09-01 11:15:42,7750.0,7760.25,Call GEX 3,GEX,282293.544,7557.391275452841,9250.247263232555
2026-09-01 11:15:42,7750.0,7760.25,Put VEX 3,VEX,-1087894.994,7557.391275452841,9250.247263232555
2026-09-01 11:15:42,7800.0,7810.25,Put DEX 5,DEX,-69.996,7557.391275452841,9250.247263232555
2026-09-01 11:15:42,7800.0,7810.25,Call GEX 1,GEX,507668.009,7557.391275452841,9250.247263232555
2026-09-01 11:15:42,7800.0,7810.25,Put VEX 2,VEX,-1694889.767,7557.391275452841,9250.247263232555
2026-09-01 11:15:42,7850.0,7860.25,Call GEX 4,GEX,269383.565,7557.391275452841,9250.247263232555
2026-09-01 11:15:42,7900.0,7910.5,Call GEX 2,GEX,366952.372,7557.391275452841,9250.247263232555
2026-09-01 11:15:42,7900.0,7910.5,Put VEX 4,VEX,-969949.059,7557.391275452841,9250.247263232555
2026-09-01 11:15:42,7950.0,7960.5,Call GEX 5,GEX,159549.804,7557.391275452841,9250.247263232555
2026-09-01 11:15:42,8000.0,8010.5,Put CEX 1,CEX,-3145174.029,7557.391275452841,9250.247263232555
2026-09-01 11:15:42,8000.0,8010.5,Put DEX 1,DEX,-2515.848,7557.391275452841,9250.247263232555
2026-09-01 11:15:42,8000.0,8010.5,Put GEX 3,GEX,-454805.909,7557.391275452841,9250.247263232555
2026-09-01 11:15:42,8000.0,8010.5,Put VEX 1,VEX,-10326345.501,7557.391275452841,9250.247263232555
2026-09-01 11:16:31,7000.0,7009.25,Call CEX 4,CEX,1484268.192,7554.687256968446,9244.323244712865
2026-09-01 11:16:31,7000.0,7009.25,Call DEX 1,DEX,867.682,7554.687256968446,9244.323244712865
2026-09-01 11:16:31,7000.0,7009.25,Put GEX 1,GEX,-705008.378,7554.687256968446,9244.323244712865
2026-09-01 11:16:31,7000.0,7009.25,Call VEX 1,VEX,6773103.43,7554.687256968446,9244.323244712865
2026-09-01 11:16:31,7300.0,7309.5,Call DEX 2,DEX,257.236,7554.687256968446,9244.323244712865
2026-09-01 11:16:31,7300.0,7309.5,Call VEX 5,VEX,1625729.156,7554.687256968446,9244.323244712865
2026-09-01 11:16:31,7400.0,7409.75,Call DEX 4,DEX,199.348,7554.687256968446,9244.323244712865
2026-09-01 11:16:31,7400.0,7409.75,Call VEX 3,VEX,2101583.619,7554.687256968446,9244.323244712865
2026-09-01 11:16:31,7450.0,7459.75,Call DEX 3,DEX,200.391,7554.687256968446,9244.323244712865
2026-09-01 11:16:31,7450.0,7459.75,Call VEX 4,VEX,1842408.507,7554.687256968446,9244.323244712865
2026-09-01 11:16:31,7500.0,7509.75,Call CEX 3,CEX,1506114.527,7554.687256968446,9244.323244712865
2026-09-01 11:16:31,7500.0,7509.75,Call DEX 5,DEX,139.898,7554.687256968446,9244.323244712865
2026-09-01 11:16:31,7500.0,7509.75,Put GEX 2,GEX,-580802.087,7554.687256968446,9244.323244712865
2026-09-01 11:16:31,7500.0,7509.75,Call VEX 2,VEX,2870517.334,7554.687256968446,9244.323244712865
2026-09-01 11:16:31,7515.0,7525.0,Call CEX 5,CEX,1477297.288,7554.687256968446,9244.323244712865
2026-09-01 11:16:31,7550.0,7560.0,Put GEX 5,GEX,-380960.047,7554.687256968446,9244.323244712865
2026-09-01 11:16:31,7600.0,7610.0,Call CEX 1,CEX,2606164.972,7554.687256968446,9244.323244712865
2026-09-01 11:16:31,7610.0,7620.0,Call CEX 2,CEX,1598061.015,7554.687256968446,9244.323244712865
2026-09-01 11:16:31,7625.0,7635.0,Put GEX 3,GEX,-419243.981,7554.687256968446,9244.323244712865
2026-09-01 11:16:31,7650.0,7660.0,Put CEX 2,CEX,-2811124.542,7554.687256968446,9244.323244712865
2026-09-01 11:16:31,7650.0,7660.0,Put DEX 4,DEX,-70.403,7554.687256968446,9244.323244712865
2026-09-01 11:16:31,7675.0,7685.0,Put CEX 3,CEX,-1870960.469,7554.687256968446,9244.323244712865
2026-09-01 11:16:31,7700.0,7710.0,Put CEX 4,CEX,-1808785.813,7554.687256968446,9244.323244712865
2026-09-01 11:16:31,7700.0,7710.0,Put DEX 2,DEX,-193.955,7554.687256968446,9244.323244712865
2026-09-01 11:16:31,7700.0,7710.0,Put VEX 5,VEX,-939799.834,7554.687256968446,9244.323244712865
2026-09-01 11:16:31,7750.0,7760.25,Put CEX 5,CEX,-1368696.301,7554.687256968446,9244.323244712865
2026-09-01 11:16:31,7750.0,7760.25,Put DEX 3,DEX,-90.79,7554.687256968446,9244.323244712865
2026-09-01 11:16:31,7750.0,7760.25,Call GEX 3,GEX,283602.011,7554.687256968446,9244.323244712865
2026-09-01 11:16:31,7750.0,7760.25,Put VEX 3,VEX,-1082033.423,7554.687256968446,9244.323244712865
2026-09-01 11:16:31,7800.0,7810.25,Put DEX 5,DEX,-68.95,7554.687256968446,9244.323244712865
2026-09-01 11:16:31,7800.0,7810.25,Call GEX 1,GEX,507571.165,7554.687256968446,9244.323244712865
2026-09-01 11:16:31,7800.0,7810.25,Put VEX 2,VEX,-1692968.687,7554.687256968446,9244.323244712865
2026-09-01 11:16:31,7850.0,7860.25,Call GEX 4,GEX,269870.471,7554.687256968446,9244.323244712865
2026-09-01 11:16:31,7900.0,7910.5,Call GEX 2,GEX,367846.333,7554.687256968446,9244.323244712865
2026-09-01 11:16:31,7900.0,7910.5,Put VEX 4,VEX,-971264.905,7554.687256968446,9244.323244712865
2026-09-01 11:16:31,7950.0,7960.5,Call GEX 5,GEX,160026.041,7554.687256968446,9244.323244712865
2026-09-01 11:16:31,8000.0,8010.5,Put CEX 1,CEX,-3090643.02,7554.687256968446,9244.323244712865
2026-09-01 11:16:31,8000.0,8010.5,Put DEX 1,DEX,-2548.74,7554.687256968446,9244.323244712865
2026-09-01 11:16:31,8000.0,8010.5,Put GEX 4,GEX,-415897.472,7554.687256968446,9244.323244712865
2026-09-01 11:16:31,8000.0,8010.5,Put VEX 1,VEX,-10189681.312,7554.687256968446,9244.323244712865
2026-09-01 11:17:19,7000.0,7009.75,Call CEX 4,CEX,1494132.366,7551.444912671961,9244.89033367575
2026-09-01 11:17:19,7000.0,7009.75,Call DEX 1,DEX,904.086,7551.444912671961,9244.89033367575
2026-09-01 11:17:19,7000.0,7009.75,Put GEX 1,GEX,-703759.748,7551.444912671961,9244.89033367575
2026-09-01 11:17:19,7000.0,7009.75,Call VEX 1,VEX,6753452.797,7551.444912671961,9244.89033367575
2026-09-01 11:17:19,7300.0,7310.25,Call DEX 2,DEX,257.291,7551.444912671961,9244.89033367575
2026-09-01 11:17:19,7300.0,7310.25,Call VEX 5,VEX,1629259.081,7551.444912671961,9244.89033367575
2026-09-01 11:17:19,7400.0,7410.25,Call DEX 4,DEX,200.57,7551.444912671961,9244.89033367575
2026-09-01 11:17:19,7400.0,7410.25,Call VEX 3,VEX,2103157.621,7551.444912671961,9244.89033367575
2026-09-01 11:17:19,7450.0,7460.5,Call DEX 3,DEX,206.916,7551.444912671961,9244.89033367575
2026-09-01 11:17:19,7450.0,7460.5,Call VEX 4,VEX,1849041.412,7551.444912671961,9244.89033367575
2026-09-01 11:17:19,7500.0,7510.5,Call CEX 3,CEX,1536300.468,7551.444912671961,9244.89033367575
2026-09-01 11:17:19,7500.0,7510.5,Call DEX 5,DEX,141.52,7551.444912671961,9244.89033367575
2026-09-01 11:17:19,7500.0,7510.5,Put GEX 2,GEX,-580464.736,7551.444912671961,9244.89033367575
2026-09-01 11:17:19,7500.0,7510.5,Call VEX 2,VEX,2877734.425,7551.444912671961,9244.89033367575
2026-09-01 11:17:19,7515.0,7525.5,Call CEX 5,CEX,1490340.261,7551.444912671961,9244.89033367575
2026-09-01 11:17:19,7550.0,7560.5,Put GEX 5,GEX,-381218.281,7551.444912671961,9244.89033367575
2026-09-01 11:17:19,7600.0,7610.5,Call CEX 1,CEX,2618144.95,7551.444912671961,9244.89033367575
2026-09-01 11:17:19,7610.0,7620.5,Call CEX 2,CEX,1581336.59,7551.444912671961,9244.89033367575
2026-09-01 11:17:19,7625.0,7635.75,Put GEX 3,GEX,-438009.89,7551.444912671961,9244.89033367575
2026-09-01 11:17:19,7640.0,7650.75,Put CEX 3,CEX,-1387127.263,7551.444912671961,9244.89033367575
2026-09-01 11:17:19,7650.0,7660.75,Put CEX 2,CEX,-2618660.534,7551.444912671961,9244.89033367575
2026-09-01 11:17:19,7650.0,7660.75,Put DEX 4,DEX,-70.543,7551.444912671961,9244.89033367575
2026-09-01 11:17:19,7700.0,7710.75,Put CEX 4,CEX,-1382866.093,7551.444912671961,9244.89033367575
2026-09-01 11:17:19,7700.0,7710.75,Put DEX 2,DEX,-180.604,7551.444912671961,9244.89033367575
2026-09-01 11:17:19,7700.0,7710.75,Put VEX 5,VEX,-925548.916,7551.444912671961,9244.89033367575
2026-09-01 11:17:19,7750.0,7760.75,Put CEX 5,CEX,-1301696.066,7551.444912671961,9244.89033367575
2026-09-01 11:17:19,7750.0,7760.75,Put DEX 3,DEX,-84.213,7551.444912671961,9244.89033367575
2026-09-01 11:17:19,7750.0,7760.75,Call GEX 3,GEX,285897.407,7551.444912671961,9244.89033367575
2026-09-01 11:17:19,7750.0,7760.75,Put VEX 3,VEX,-1076005.666,7551.444912671961,9244.89033367575
2026-09-01 11:17:19,7800.0,7811.0,Put DEX 5,DEX,-66.304,7551.444912671961,9244.89033367575
2026-09-01 11:17:19,7800.0,7811.0,Call GEX 1,GEX,508937.996,7551.444912671961,9244.89033367575
2026-09-01 11:17:19,7800.0,7811.0,Put VEX 2,VEX,-1690284.729,7551.444912671961,9244.89033367575
2026-09-01 11:17:19,7850.0,7861.0,Call GEX 4,GEX,270450.857,7551.444912671961,9244.89033367575
2026-09-01 11:17:19,7900.0,7911.0,Call GEX 2,GEX,368362.719,7551.444912671961,9244.89033367575
2026-09-01 11:17:19,7900.0,7911.0,Put VEX 4,VEX,-971810.37,7551.444912671961,9244.89033367575
2026-09-01 11:17:19,7950.0,7961.0,Call GEX 5,GEX,160504.114,7551.444912671961,9244.89033367575
2026-09-01 11:17:19,8000.0,8011.25,Put CEX 1,CEX,-3063683.353,7551.444912671961,9244.89033367575
2026-09-01 11:17:19,8000.0,8011.25,Put DEX 1,DEX,-2553.975,7551.444912671961,9244.89033367575
2026-09-01 11:17:19,8000.0,8011.25,Put GEX 4,GEX,-405665.401,7551.444912671961,9244.89033367575
2026-09-01 11:17:19,8000.0,8011.25,Put VEX 1,VEX,-10157503.351,7551.444912671961,9244.89033367575
2026-09-01 11:18:06,7000.0,7009.5,Call CEX 5,CEX,1467999.941,7550.687026107617,9242.438105489771
2026-09-01 11:18:06,7000.0,7009.5,Call DEX 1,DEX,909.562,7550.687026107617,9242.438105489771
2026-09-01 11:18:06,7000.0,7009.5,Put GEX 1,GEX,-706080.599,7550.687026107617,9242.438105489771
2026-09-01 11:18:06,7000.0,7009.5,Call VEX 1,VEX,6670496.574,7550.687026107617,9242.438105489771
2026-09-01 11:18:06,7300.0,7309.75,Call DEX 2,DEX,258.727,7550.687026107617,9242.438105489771
2026-09-01 11:18:06,7300.0,7309.75,Call VEX 5,VEX,1621401.108,7550.687026107617,9242.438105489771
2026-09-01 11:18:06,7400.0,7410.0,Call DEX 4,DEX,202.761,7550.687026107617,9242.438105489771
2026-09-01 11:18:06,7400.0,7410.0,Call VEX 3,VEX,2104385.809,7550.687026107617,9242.438105489771
2026-09-01 11:18:06,7450.0,7460.0,Call DEX 3,DEX,204.554,7550.687026107617,9242.438105489771
2026-09-01 11:18:06,7450.0,7460.0,Call VEX 4,VEX,1849939.73,7550.687026107617,9242.438105489771
2026-09-01 11:18:06,7500.0,7510.0,Call CEX 3,CEX,1515247.492,7550.687026107617,9242.438105489771
2026-09-01 11:18:06,7500.0,7510.0,Call DEX 5,DEX,147.716,7550.687026107617,9242.438105489771
2026-09-01 11:18:06,7500.0,7510.0,Put GEX 2,GEX,-576051.447,7550.687026107617,9242.438105489771
2026-09-01 11:18:06,7500.0,7510.0,Call VEX 2,VEX,2899628.368,7550.687026107617,9242.438105489771
2026-09-01 11:18:06,7550.0,7560.25,Put GEX 5,GEX,-374710.338,7550.687026107617,9242.438105489771
2026-09-01 11:18:06,7600.0,7610.25,Call CEX 1,CEX,2443970.522,7550.687026107617,9242.438105489771
2026-09-01 11:18:06,7610.0,7620.25,Call CEX 4,CEX,1497262.96,7550.687026107617,9242.438105489771
2026-09-01 11:18:06,7625.0,7635.25,Call CEX 2,CEX,1994728.702,7550.687026107617,9242.438105489771
2026-09-01 11:18:06,7625.0,7635.25,Put GEX 3,GEX,-412890.438,7550.687026107617,9242.438105489771
2026-09-01 11:18:06,7645.0,7655.25,Put CEX 5,CEX,-1290079.548,7550.687026107617,9242.438105489771
2026-09-01 11:18:06,7650.0,7660.25,Put CEX 2,CEX,-2881919.548,7550.687026107617,9242.438105489771
2026-09-01 11:18:06,7650.0,7660.25,Put DEX 4,DEX,-66.32,7550.687026107617,9242.438105489771
2026-09-01 11:18:06,7700.0,7710.5,Put CEX 3,CEX,-1388354.289,7550.687026107617,9242.438105489771
2026-09-01 11:18:06,7700.0,7710.5,Put DEX 2,DEX,-174.412,7550.687026107617,9242.438105489771
2026-09-01 11:18:06,7700.0,7710.5,Put VEX 5,VEX,-886176.744,7550.687026107617,9242.438105489771
2026-09-01 11:18:06,7750.0,7760.5,Put CEX 4,CEX,-1330018.599,7550.687026107617,9242.438105489771
2026-09-01 11:18:06,7750.0,7760.5,Put DEX 3,DEX,-80.735,7550.687026107617,9242.438105489771
2026-09-01 11:18:06,7750.0,7760.5,Call GEX 3,GEX,286565.791,7550.687026107617,9242.438105489771
2026-09-01 11:18:06,7750.0,7760.5,Put VEX 3,VEX,-1066243.453,7550.687026107617,9242.438105489771
2026-09-01 11:18:06,7800.0,7810.5,Put DEX 5,DEX,-63.073,7550.687026107617,9242.438105489771
2026-09-01 11:18:06,7800.0,7810.5,Call GEX 1,GEX,514427.639,7550.687026107617,9242.438105489771
2026-09-01 11:18:06,7800.0,7810.5,Put VEX 2,VEX,-1683015.676,7550.687026107617,9242.438105489771
2026-09-01 11:18:06,7850.0,7860.5,Call GEX 4,GEX,273780.223,7550.687026107617,9242.438105489771
2026-09-01 11:18:06,7900.0,7910.75,Call GEX 2,GEX,372667.516,7550.687026107617,9242.438105489771
2026-09-01 11:18:06,7900.0,7910.75,Put VEX 4,VEX,-974247.655,7550.687026107617,9242.438105489771
2026-09-01 11:18:06,7950.0,7960.75,Call GEX 5,GEX,162893.187,7550.687026107617,9242.438105489771
2026-09-01 11:18:06,8000.0,8010.75,Put CEX 1,CEX,-3091473.903,7550.687026107617,9242.438105489771
2026-09-01 11:18:06,8000.0,8010.75,Put DEX 1,DEX,-2547.435,7550.687026107617,9242.438105489771
2026-09-01 11:18:06,8000.0,8010.75,Put GEX 4,GEX,-409050.505,7550.687026107617,9242.438105489771
2026-09-01 11:18:06,8000.0,8010.75,Put VEX 1,VEX,-10184948.454,7550.687026107617,9242.438105489771
2026-09-01 11:18:54,7000.0,7009.5,Call DEX 1,DEX,875.433,7553.400611663188,9239.57245199314
2026-09-01 11:18:54,7000.0,7009.5,Put GEX 1,GEX,-712160.976,7553.400611663188,9239.57245199314
2026-09-01 11:18:54,7000.0,7009.5,Call VEX 1,VEX,6574471.917,7553.400611663188,9239.57245199314
2026-09-01 11:18:54,7300.0,7309.75,Call DEX 2,DEX,259.773,7553.400611663188,9239.57245199314
2026-09-01 11:18:54,7300.0,7309.75,Call VEX 5,VEX,1608938.033,7553.400611663188,9239.57245199314
2026-09-01 11:18:54,7400.0,7410.0,Call DEX 3,DEX,204.512,7553.400611663188,9239.57245199314
2026-09-01 11:18:54,7400.0,7410.0,Call VEX 3,VEX,2104237.297,7553.400611663188,9239.57245199314
2026-09-01 11:18:54,7450.0,7460.0,Call DEX 4,DEX,201.375,7553.400611663188,9239.57245199314
2026-09-01 11:18:54,7450.0,7460.0,Call VEX 4,VEX,1849835.896,7553.400611663188,9239.57245199314
2026-09-01 11:18:54,7500.0,7510.0,Call CEX 3,CEX,1492134.142,7553.400611663188,9239.57245199314
2026-09-01 11:18:54,7500.0,7510.0,Call DEX 5,DEX,150.383,7553.400611663188,9239.57245199314
2026-09-01 11:18:54,7500.0,7510.0,Put GEX 2,GEX,-572584.274,7553.400611663188,9239.57245199314
2026-09-01 11:18:54,7500.0,7510.0,Call VEX 2,VEX,2911437.5,7553.400611663188,9239.57245199314
2026-09-01 11:18:54,7515.0,7525.25,Call CEX 5,CEX,1460941.954,7553.400611663188,9239.57245199314
2026-09-01 11:18:54,7550.0,7560.25,Put GEX 5,GEX,-370495.077,7553.400611663188,9239.57245199314
2026-09-01 11:18:54,7600.0,7610.25,Call CEX 2,CEX,2109858.892,7553.400611663188,9239.57245199314
2026-09-01 11:18:54,7610.0,7620.25,Call CEX 4,CEX,1463472.944,7553.400611663188,9239.57245199314
2026-09-01 11:18:54,7625.0,7635.25,Call CEX 1,CEX,2163468.502,7553.400611663188,9239.57245199314
2026-09-01 11:18:54,7625.0,7635.25,Put GEX 4,GEX,-387847.866,7553.400611663188,9239.57245199314
2026-09-01 11:18:54,7650.0,7660.25,Put CEX 2,CEX,-3008527.593,7553.400611663188,9239.57245199314
2026-09-01 11:18:54,7650.0,7660.25,Put DEX 5,DEX,-63.795,7553.400611663188,9239.57245199314
2026-09-01 11:18:54,7675.0,7685.25,Put CEX 3,CEX,-2354301.55,7553.400611663188,9239.57245199314
2026-09-01 11:18:54,7700.0,7710.5,Put CEX 4,CEX,-2010807.704,7553.400611663188,9239.57245199314
2026-09-01 11:18:54,7700.0,7710.5,Put DEX 2,DEX,-184.649,7553.400611663188,9239.57245199314
2026-09-01 11:18:54,7700.0,7710.5,Put VEX 5,VEX,-882189.837,7553.400611663188,9239.57245199314
2026-09-01 11:18:54,7750.0,7760.5,Put CEX 5,CEX,-1578451.342,7553.400611663188,9239.57245199314
2026-09-01 11:18:54,7750.0,7760.5,Put DEX 3,DEX,-86.034,7553.400611663188,9239.57245199314
2026-09-01 11:18:54,7750.0,7760.5,Call GEX 3,GEX,286385.158,7553.400611663188,9239.57245199314
2026-09-01 11:18:54,7750.0,7760.5,Put VEX 3,VEX,-1064957.574,7553.400611663188,9239.57245199314
2026-09-01 11:18:54,7800.0,7810.5,Put DEX 4,DEX,-64.541,7553.400611663188,9239.57245199314
2026-09-01 11:18:54,7800.0,7810.5,Call GEX 1,GEX,517454.528,7553.400611663188,9239.57245199314
2026-09-01 11:18:54,7800.0,7810.5,Put VEX 2,VEX,-1680043.438,7553.400611663188,9239.57245199314
2026-09-01 11:18:54,7850.0,7860.5,Call GEX 4,GEX,274723.764,7553.400611663188,9239.57245199314
2026-09-01 11:18:54,7900.0,7910.75,Call GEX 2,GEX,373548.507,7553.400611663188,9239.57245199314
2026-09-01 11:18:54,7900.0,7910.75,Put VEX 4,VEX,-972376.349,7553.400611663188,9239.57245199314
2026-09-01 11:18:54,7950.0,7960.75,Call GEX 5,GEX,163197.814,7553.400611663188,9239.57245199314
2026-09-01 11:18:54,8000.0,8010.75,Put CEX 1,CEX,-3138429.584,7553.400611663188,9239.57245199314
2026-09-01 11:18:54,8000.0,8010.75,Put DEX 1,DEX,-2534.279,7553.400611663188,9239.57245199314
2026-09-01 11:18:54,8000.0,8010.75,Put GEX 3,GEX,-412424.867,7553.400611663188,9239.57245199314
2026-09-01 11:18:54,8000.0,8010.75,Put VEX 1,VEX,-10273595.218,7553.400611663188,9239.57245199314
2026-09-01 11:19:42,7000.0,7009.75,Call DEX 1,DEX,909.281,7542.008292726598,9242.05224355412
2026-09-01 11:19:42,7000.0,7009.75,Put GEX 1,GEX,-695443.751,7542.008292726598,9242.05224355412
2026-09-01 11:19:42,7000.0,7009.75,Call VEX 1,VEX,6696872.867,7542.008292726598,9242.05224355412
2026-09-01 11:19:42,7300.0,7310.25,Call DEX 2,DEX,258.475,7542.008292726598,9242.05224355412
2026-09-01 11:19:42,7300.0,7310.25,Call VEX 5,VEX,1622234.168,7542.008292726598,9242.05224355412
2026-09-01 11:19:42,7400.0,7410.25,Call DEX 4,DEX,204.243,7542.008292726598,9242.05224355412
2026-09-01 11:19:42,7400.0,7410.25,Call VEX 3,VEX,2105832.375,7542.008292726598,9242.05224355412
2026-09-01 11:19:42,7450.0,7460.25,Call DEX 3,DEX,211.017,7542.008292726598,9242.05224355412
2026-09-01 11:19:42,7450.0,7460.25,Call VEX 4,VEX,1854167.518,7542.008292726598,9242.05224355412
2026-09-01 11:19:42,7500.0,7510.5,Call CEX 3,CEX,1531707.043,7542.008292726598,9242.05224355412
2026-09-01 11:19:42,7500.0,7510.5,Call DEX 5,DEX,149.397,7542.008292726598,9242.05224355412
2026-09-01 11:19:42,7500.0,7510.5,Put GEX 2,GEX,-574761.104,7542.008292726598,9242.05224355412
2026-09-01 11:19:42,7500.0,7510.5,Call VEX 2,VEX,2906835.895,7542.008292726598,9242.05224355412
2026-09-01 11:19:42,7515.0,7525.5,Call CEX 5,CEX,1484402.872,7542.008292726598,9242.05224355412
2026-09-01 11:19:42,7550.0,7560.5,Put GEX 5,GEX,-375165.19,7542.008292726598,9242.05224355412
2026-09-01 11:19:42,7600.0,7610.5,Call CEX 1,CEX,2361734.338,7542.008292726598,9242.05224355412
2026-09-01 11:19:42,7610.0,7620.5,Call CEX 4,CEX,1486636.759,7542.008292726598,9242.05224355412
2026-09-01 11:19:42,7625.0,7635.5,Call CEX 2,CEX,2101235.378,7542.008292726598,9242.05224355412
2026-09-01 11:19:42,7625.0,7635.5,Put GEX 3,GEX,-413563.58,7542.008292726598,9242.05224355412
2026-09-01 11:19:42,7645.0,7655.75,Put CEX 5,CEX,-1299731.327,7542.008292726598,9242.05224355412
2026-09-01 11:19:42,7650.0,7660.75,Put CEX 2,CEX,-2875807.226,7542.008292726598,9242.05224355412
2026-09-01 11:19:42,7650.0,7660.75,Put DEX 4,DEX,-65.855,7542.008292726598,9242.05224355412
2026-09-01 11:19:42,7700.0,7710.75,Put CEX 3,CEX,-1516438.15,7542.008292726598,9242.05224355412
2026-09-01 11:19:42,7700.0,7710.75,Put DEX 2,DEX,-173.551,7542.008292726598,9242.05224355412
2026-09-01 11:19:42,7700.0,7710.75,Put VEX 5,VEX,-882496.309,7542.008292726598,9242.05224355412
2026-09-01 11:19:42,7750.0,7760.75,Put CEX 4,CEX,-1316633.186,7542.008292726598,9242.05224355412
2026-09-01 11:19:42,7750.0,7760.75,Put DEX 3,DEX,-81.113,7542.008292726598,9242.05224355412
2026-09-01 11:19:42,7750.0,7760.75,Call GEX 3,GEX,291004.861,7542.008292726598,9242.05224355412
2026-09-01 11:19:42,7750.0,7760.75,Put VEX 3,VEX,-1059313.965,7542.008292726598,9242.05224355412
2026-09-01 11:19:42,7800.0,7810.75,Put DEX 5,DEX,-62.86,7542.008292726598,9242.05224355412
2026-09-01 11:19:42,7800.0,7810.75,Call GEX 1,GEX,516309.445,7542.008292726598,9242.05224355412
2026-09-01 11:19:42,7800.0,7810.75,Put VEX 2,VEX,-1679266.61,7542.008292726598,9242.05224355412
2026-09-01 11:19:42,7850.0,7861.0,Call GEX 4,GEX,273967.256,7542.008292726598,9242.05224355412
2026-09-01 11:19:42,7900.0,7911.0,Call GEX 2,GEX,372550.311,7542.008292726598,9242.05224355412
2026-09-01 11:19:42,7900.0,7911.0,Put VEX 4,VEX,-972007.873,7542.008292726598,9242.05224355412
2026-09-01 11:19:42,7950.0,7961.0,Call GEX 5,GEX,163195.398,7542.008292726598,9242.05224355412
2026-09-01 11:19:42,8000.0,8011.25,Put CEX 1,CEX,-3097153.82,7542.008292726598,9242.05224355412
2026-09-01 11:19:42,8000.0,8011.25,Put DEX 1,DEX,-2546.223,7542.008292726598,9242.05224355412
2026-09-01 11:19:42,8000.0,8011.25,Put GEX 4,GEX,-397622.91,7542.008292726598,9242.05224355412
2026-09-01 11:19:42,8000.0,8011.25,Put VEX 1,VEX,-10220291.419,7542.008292726598,9242.05224355412
2026-09-01 11:20:29,7000.0,7009.75,Call DEX 1,DEX,873.888,7534.935634220536,9240.219441193822
2026-09-01 11:20:29,7000.0,7009.75,Put GEX 1,GEX,-706812.344,7534.935634220536,9240.219441193822
2026-09-01 11:20:29,7000.0,7009.75,Call VEX 1,VEX,6612494.271,7534.935634220536,9240.219441193822
2026-09-01 11:20:29,7300.0,7310.25,Call DEX 2,DEX,259.704,7534.935634220536,9240.219441193822
2026-09-01 11:20:29,7300.0,7310.25,Call VEX 5,VEX,1611527.565,7534.935634220536,9240.219441193822
2026-09-01 11:20:29,7400.0,7410.25,Call DEX 4,DEX,205.254,7534.935634220536,9240.219441193822
2026-09-01 11:20:29,7400.0,7410.25,Call VEX 3,VEX,2104896.105,7534.935634220536,9240.219441193822
2026-09-01 11:20:29,7450.0,7460.25,Call DEX 3,DEX,211.632,7534.935634220536,9240.219441193822
2026-09-01 11:20:29,7450.0,7460.25,Call VEX 4,VEX,1854343.057,7534.935634220536,9240.219441193822
2026-09-01 11:20:29,7500.0,7510.5,Call CEX 3,CEX,1537593.986,7534.935634220536,9240.219441193822
2026-09-01 11:20:29,7500.0,7510.5,Call DEX 5,DEX,151.278,7534.935634220536,9240.219441193822
2026-09-01 11:20:29,7500.0,7510.5,Put GEX 2,GEX,-572136.934,7534.935634220536,9240.219441193822
2026-09-01 11:20:29,7500.0,7510.5,Call VEX 2,VEX,2912928.634,7534.935634220536,9240.219441193822
2026-09-01 11:20:29,7515.0,7525.5,Call CEX 4,CEX,1481526.138,7534.935634220536,9240.219441193822
2026-09-01 11:20:29,7550.0,7560.5,Put GEX 5,GEX,-372163.794,7534.935634220536,9240.219441193822
2026-09-01 11:20:29,7600.0,7610.5,Call CEX 1,CEX,2337863.875,7534.935634220536,9240.219441193822
2026-09-01 11:20:29,7610.0,7620.5,Call CEX 5,CEX,1464736.204,7534.935634220536,9240.219441193822
2026-09-01 11:20:29,7625.0,7635.5,Call CEX 2,CEX,2202140.906,7534.935634220536,9240.219441193822
2026-09-01 11:20:29,7625.0,7635.5,Put GEX 3,GEX,-411178.833,7534.935634220536,9240.219441193822
2026-09-01 11:20:29,7645.0,7655.75,Put CEX 5,CEX,-1300691.759,7534.935634220536,9240.219441193822
2026-09-01 11:20:29,7650.0,7660.75,Put CEX 2,CEX,-2803354.338,7534.935634220536,9240.219441193822
2026-09-01 11:20:29,7650.0,7660.75,Put DEX 4,DEX,-65.38,7534.935634220536,9240.219441193822
2026-09-01 11:20:29,7700.0,7710.75,Put CEX 3,CEX,-1519230.736,7534.935634220536,9240.219441193822
2026-09-01 11:20:29,7700.0,7710.75,Put DEX 2,DEX,-172.262,7534.935634220536,9240.219441193822
2026-09-01 11:20:29,7700.0,7710.75,Put VEX 5,VEX,-874165.8,7534.935634220536,9240.219441193822
2026-09-01 11:20:29,7750.0,7760.75,Put CEX 4,CEX,-1334582.6,7534.935634220536,9240.219441193822
2026-09-01 11:20:29,7750.0,7760.75,Put DEX 3,DEX,-80.314,7534.935634220536,9240.219441193822
2026-09-01 11:20:29,7750.0,7760.75,Call GEX 3,GEX,289541.39,7534.935634220536,9240.219441193822
2026-09-01 11:20:29,7750.0,7760.75,Put VEX 3,VEX,-1060233.319,7534.935634220536,9240.219441193822
2026-09-01 11:20:29,7800.0,7810.75,Put DEX 5,DEX,-62.368,7534.935634220536,9240.219441193822
2026-09-01 11:20:29,7800.0,7810.75,Call GEX 1,GEX,518518.734,7534.935634220536,9240.219441193822
2026-09-01 11:20:29,7800.0,7810.75,Put VEX 2,VEX,-1677607.508,7534.935634220536,9240.219441193822
2026-09-01 11:20:29,7850.0,7861.0,Call GEX 4,GEX,275171.985,7534.935634220536,9240.219441193822
2026-09-01 11:20:29,7900.0,7911.0,Call GEX 2,GEX,373472.412,7534.935634220536,9240.219441193822
2026-09-01 11:20:29,7900.0,7911.0,Put VEX 4,VEX,-972505.862,7534.935634220536,9240.219441193822
2026-09-01 11:20:29,7950.0,7961.0,Call GEX 5,GEX,163657.662,7534.935634220536,9240.219441193822
2026-09-01 11:20:29,8000.0,8011.0,Put CEX 1,CEX,-3111007.377,7534.935634220536,9240.219441193822
2026-09-01 11:20:29,8000.0,8011.0,Put DEX 1,DEX,-2544.948,7534.935634220536,9240.219441193822
2026-09-01 11:20:29,8000.0,8011.0,Put GEX 4,GEX,-398538.782,7534.935634220536,9240.219441193822
2026-09-01 11:20:29,8000.0,8011.0,Put VEX 1,VEX,-10223318.512,7534.935634220536,9240.219441193822
2026-09-01 11:21:17,7000.0,7009.5,Call DEX 1,DEX,879.51,7551.7304986995005,9241.274672510192
2026-09-01 11:21:17,7000.0,7009.5,Put GEX 1,GEX,-709507.64,7551.7304986995005,9241.274672510192
2026-09-01 11:21:17,7000.0,7009.5,Call VEX 1,VEX,6577332.804,7551.7304986995005,9241.274672510192
2026-09-01 11:21:17,7300.0,7310.0,Call DEX 2,DEX,260.003,7551.7304986995005,9241.274672510192
2026-09-01 11:21:17,7300.0,7310.0,Call VEX 5,VEX,1607948.959,7551.7304986995005,9241.274672510192
2026-09-01 11:21:17,7400.0,7410.0,Call DEX 4,DEX,204.62,7551.7304986995005,9241.274672510192
2026-09-01 11:21:17,7400.0,7410.0,Call VEX 3,VEX,2104015.591,7551.7304986995005,9241.274672510192
2026-09-01 11:21:17,7450.0,7460.25,Call DEX 3,DEX,206.397,7551.7304986995005,9241.274672510192
2026-09-01 11:21:17,7450.0,7460.25,Call VEX 4,VEX,1851051.135,7551.7304986995005,9241.274672510192
2026-09-01 11:21:17,7500.0,7510.25,Call CEX 3,CEX,1513088.374,7551.7304986995005,9241.274672510192
2026-09-01 11:21:17,7500.0,7510.25,Call DEX 5,DEX,151.161,7551.7304986995005,9241.274672510192
2026-09-01 11:21:17,7500.0,7510.25,Put GEX 2,GEX,-573392.641,7551.7304986995005,9241.274672510192
2026-09-01 11:21:17,7500.0,7510.25,Call VEX 2,VEX,2911511.15,7551.7304986995005,9241.274672510192
2026-09-01 11:21:17,7515.0,7525.25,Call CEX 5,CEX,1481028.661,7551.7304986995005,9241.274672510192
2026-09-01 11:21:17,7550.0,7560.25,Put GEX 5,GEX,-372242.623,7551.7304986995005,9241.274672510192
2026-09-01 11:21:17,7600.0,7610.25,Call CEX 1,CEX,2335172.108,7551.7304986995005,9241.274672510192
2026-09-01 11:21:17,7610.0,7620.25,Call CEX 4,CEX,1495013.029,7551.7304986995005,9241.274672510192
2026-09-01 11:21:17,7625.0,7635.5,Call CEX 2,CEX,2168529.949,7551.7304986995005,9241.274672510192
2026-09-01 11:21:17,7625.0,7635.5,Put GEX 3,GEX,-406425.978,7551.7304986995005,9241.274672510192
2026-09-01 11:21:17,7650.0,7660.5,Put CEX 2,CEX,-2974352.961,7551.7304986995005,9241.274672510192
2026-09-01 11:21:17,7650.0,7660.5,Put DEX 4,DEX,-65.165,7551.7304986995005,9241.274672510192
2026-09-01 11:21:17,7675.0,7685.5,Put CEX 3,CEX,-1833492.394,7551.7304986995005,9241.274672510192
2026-09-01 11:21:17,7700.0,7710.5,Put CEX 4,CEX,-1637448.415,7551.7304986995005,9241.274672510192
2026-09-01 11:21:17,7700.0,7710.5,Put DEX 2,DEX,-186.126,7551.7304986995005,9241.274672510192
2026-09-01 11:21:17,7700.0,7710.5,Put VEX 5,VEX,-881715.966,7551.7304986995005,9241.274672510192
2026-09-01 11:21:17,7750.0,7760.5,Put CEX 5,CEX,-1426044.302,7551.7304986995005,9241.274672510192
2026-09-01 11:21:17,7750.0,7760.5,Put DEX 3,DEX,-86.86,7551.7304986995005,9241.274672510192
2026-09-01 11:21:17,7750.0,7760.5,Call GEX 3,GEX,287934.102,7551.7304986995005,9241.274672510192
2026-09-01 11:21:17,7750.0,7760.5,Put VEX 3,VEX,-1062856.013,7551.7304986995005,9241.274672510192
2026-09-01 11:21:17,7800.0,7810.5,Put DEX 5,DEX,-62.668,7551.7304986995005,9241.274672510192
2026-09-01 11:21:17,7800.0,7810.5,Call GEX 1,GEX,516589.132,7551.7304986995005,9241.274672510192
2026-09-01 11:21:17,7800.0,7810.5,Put VEX 2,VEX,-1680637.998,7551.7304986995005,9241.274672510192
2026-09-01 11:21:17,7850.0,7860.75,Call GEX 4,GEX,274700.442,7551.7304986995005,9241.274672510192
2026-09-01 11:21:17,7900.0,7910.75,Call GEX 2,GEX,372647.58,7551.7304986995005,9241.274672510192
2026-09-01 11:21:17,7900.0,7910.75,Put VEX 4,VEX,-971477.919,7551.7304986995005,9241.274672510192
2026-09-01 11:21:17,7950.0,7960.75,Call GEX 5,GEX,163261.499,7551.7304986995005,9241.274672510192
2026-09-01 11:21:17,8000.0,8011.0,Put CEX 1,CEX,-3111147.884,7551.7304986995005,9241.274672510192
2026-09-01 11:21:17,8000.0,8011.0,Put DEX 1,DEX,-2543.336,7551.7304986995005,9241.274672510192
2026-09-01 11:21:17,8000.0,8011.0,Put GEX 4,GEX,-401308.337,7551.7304986995005,9241.274672510192
2026-09-01 11:21:17,8000.0,8011.0,Put VEX 1,VEX,-10230816.79,7551.7304986995005,9241.274672510192
2026-09-01 11:22:05,7000.0,7009.25,Call DEX 1,DEX,882.507,7554.290404122842,9241.4104325999
2026-09-01 11:22:05,7000.0,7009.25,Put GEX 1,GEX,-721134.496,7554.290404122842,9241.4104325999
2026-09-01 11:22:05,7000.0,7009.25,Call VEX 1,VEX,6496608.701,7554.290404122842,9241.4104325999
2026-09-01 11:22:05,7300.0,7309.5,Call DEX 2,DEX,260.739,7554.290404122842,9241.4104325999
2026-09-01 11:22:05,7300.0,7309.5,Call VEX 5,VEX,1598398.476,7554.290404122842,9241.4104325999
2026-09-01 11:22:05,7400.0,7409.75,Call DEX 3,DEX,204.878,7554.290404122842,9241.4104325999
2026-09-01 11:22:05,7400.0,7409.75,Call VEX 3,VEX,2102677.013,7554.290404122842,9241.4104325999
2026-09-01 11:22:05,7450.0,7459.75,Call DEX 4,DEX,201.504,7554.290404122842,9241.4104325999
2026-09-01 11:22:05,7450.0,7459.75,Call VEX 4,VEX,1849616.64,7554.290404122842,9241.4104325999
2026-09-01 11:22:05,7500.0,7509.75,Call CEX 3,CEX,1496410.538,7554.290404122842,9241.4104325999
2026-09-01 11:22:05,7500.0,7509.75,Call DEX 5,DEX,147.05,7554.290404122842,9241.4104325999
2026-09-01 11:22:05,7500.0,7509.75,Put GEX 2,GEX,-571602.372,7554.290404122842,9241.4104325999
2026-09-01 11:22:05,7500.0,7509.75,Call VEX 2,VEX,2909235.411,7554.290404122842,9241.4104325999
2026-09-01 11:22:05,7515.0,7524.75,Call CEX 5,CEX,1467749.077,7554.290404122842,9241.4104325999
2026-09-01 11:22:05,7550.0,7559.75,Put GEX 5,GEX,-370466.414,7554.290404122842,9241.4104325999
2026-09-01 11:22:05,7600.0,7610.0,Call CEX 2,CEX,1950674.692,7554.290404122842,9241.4104325999
2026-09-01 11:22:05,7610.0,7620.0,Call CEX 4,CEX,1472878.876,7554.290404122842,9241.4104325999
2026-09-01 11:22:05,7625.0,7635.0,Call CEX 1,CEX,2166800.159,7554.290404122842,9241.4104325999
2026-09-01 11:22:05,7625.0,7635.0,Put GEX 4,GEX,-388602.679,7554.290404122842,9241.4104325999
2026-09-01 11:22:05,7650.0,7660.0,Put CEX 2,CEX,-3049661.891,7554.290404122842,9241.4104325999
2026-09-01 11:22:05,7650.0,7660.0,Put DEX 5,DEX,-64.354,7554.290404122842,9241.4104325999
2026-09-01 11:22:05,7675.0,7685.0,Put CEX 3,CEX,-2580773.34,7554.290404122842,9241.4104325999
2026-09-01 11:22:05,7690.0,7700.0,Put CEX 5,CEX,-1761913.808,7554.290404122842,9241.4104325999
2026-09-01 11:22:05,7700.0,7710.0,Put CEX 4,CEX,-2340952.108,7554.290404122842,9241.4104325999
2026-09-01 11:22:05,7700.0,7710.0,Put DEX 2,DEX,-185.507,7554.290404122842,9241.4104325999
2026-09-01 11:22:05,7700.0,7710.0,Put VEX 5,VEX,-896255.546,7554.290404122842,9241.4104325999
2026-09-01 11:22:05,7750.0,7760.0,Put DEX 3,DEX,-86.61,7554.290404122842,9241.4104325999
2026-09-01 11:22:05,7750.0,7760.0,Call GEX 3,GEX,285865.67,7554.290404122842,9241.4104325999
2026-09-01 11:22:05,7750.0,7760.0,Put VEX 3,VEX,-1069008.252,7554.290404122842,9241.4104325999
2026-09-01 11:22:05,7800.0,7810.25,Put DEX 4,DEX,-65.042,7554.290404122842,9241.4104325999
2026-09-01 11:22:05,7800.0,7810.25,Call GEX 1,GEX,517152.307,7554.290404122842,9241.4104325999
2026-09-01 11:22:05,7800.0,7810.25,Put VEX 2,VEX,-1682574.222,7554.290404122842,9241.4104325999
2026-09-01 11:22:05,7850.0,7860.25,Call GEX 4,GEX,274433.576,7554.290404122842,9241.4104325999
2026-09-01 11:22:05,7900.0,7910.25,Call GEX 2,GEX,372529.184,7554.290404122842,9241.4104325999
2026-09-01 11:22:05,7900.0,7910.25,Put VEX 4,VEX,-971023.441,7554.290404122842,9241.4104325999
2026-09-01 11:22:05,7950.0,7960.25,Call GEX 5,GEX,163097.222,7554.290404122842,9241.4104325999
2026-09-01 11:22:05,8000.0,8010.5,Put CEX 1,CEX,-3123328.289,7554.290404122842,9241.4104325999
2026-09-01 11:22:05,8000.0,8010.5,Put DEX 1,DEX,-2533.824,7554.290404122842,9241.4104325999
2026-09-01 11:22:05,8000.0,8010.5,Put GEX 3,GEX,-425896.529,7554.290404122842,9241.4104325999
2026-09-01 11:22:05,8000.0,8010.5,Put VEX 1,VEX,-10244666.803,7554.290404122842,9241.4104325999
2026-09-01 11:22:52,7000.0,7009.25,Call DEX 1,DEX,878.823,7553.312552537749,9242.321984565848
2026-09-01 11:22:52,7000.0,7009.25,Put GEX 1,GEX,-707880.78,7553.312552537749,9242.321984565848
2026-09-01 11:22:52,7000.0,7009.25,Call VEX 1,VEX,6593217.116,7553.312552537749,9242.321984565848
2026-09-01 11:22:52,7300.0,7309.75,Call DEX 2,DEX,260.554,7553.312552537749,9242.321984565848
2026-09-01 11:22:52,7300.0,7309.75,Call VEX 5,VEX,1600344.285,7553.312552537749,9242.321984565848
2026-09-01 11:22:52,7400.0,7409.75,Call DEX 3,DEX,204.706,7553.312552537749,9242.321984565848
2026-09-01 11:22:52,7400.0,7409.75,Call VEX 3,VEX,2103454.178,7553.312552537749,9242.321984565848
2026-09-01 11:22:52,7450.0,7460.0,Call DEX 4,DEX,201.25,7553.312552537749,9242.321984565848
2026-09-01 11:22:52,7450.0,7460.0,Call VEX 4,VEX,1849119.485,7553.312552537749,9242.321984565848
2026-09-01 11:22:52,7500.0,7510.0,Call CEX 3,CEX,1512294.166,7553.312552537749,9242.321984565848
2026-09-01 11:22:52,7500.0,7510.0,Call DEX 5,DEX,150.5,7553.312552537749,9242.321984565848
2026-09-01 11:22:52,7500.0,7510.0,Put GEX 2,GEX,-572787.275,7553.312552537749,9242.321984565848
2026-09-01 11:22:52,7500.0,7510.0,Call VEX 2,VEX,2908807.709,7553.312552537749,9242.321984565848
2026-09-01 11:22:52,7515.0,7525.0,Call CEX 5,CEX,1487646.137,7553.312552537749,9242.321984565848
2026-09-01 11:22:52,7550.0,7560.0,Put GEX 5,GEX,-372855.712,7553.312552537749,9242.321984565848
2026-09-01 11:22:52,7600.0,7610.25,Call CEX 1,CEX,2282461.643,7553.312552537749,9242.321984565848
2026-09-01 11:22:52,7610.0,7620.25,Call CEX 4,CEX,1507471.468,7553.312552537749,9242.321984565848
2026-09-01 11:22:52,7625.0,7635.25,Call CEX 2,CEX,2156017.605,7553.312552537749,9242.321984565848
2026-09-01 11:22:52,7625.0,7635.25,Put GEX 4,GEX,-405503.429,7553.312552537749,9242.321984565848
2026-09-01 11:22:52,7650.0,7660.25,Put CEX 2,CEX,-3029106.075,7553.312552537749,9242.321984565848
2026-09-01 11:22:52,7650.0,7660.25,Put DEX 5,DEX,-65.352,7553.312552537749,9242.321984565848
2026-09-01 11:22:52,7675.0,7685.25,Put CEX 3,CEX,-2164233.373,7553.312552537749,9242.321984565848
2026-09-01 11:22:52,7700.0,7710.25,Put CEX 4,CEX,-2028527.594,7553.312552537749,9242.321984565848
2026-09-01 11:22:52,7700.0,7710.25,Put DEX 2,DEX,-186.651,7553.312552537749,9242.321984565848
2026-09-01 11:22:52,7700.0,7710.25,Put VEX 5,VEX,-893940.282,7553.312552537749,9242.321984565848
2026-09-01 11:22:52,7750.0,7760.25,Put CEX 5,CEX,-1501572.475,7553.312552537749,9242.321984565848
2026-09-01 11:22:52,7750.0,7760.25,Put DEX 3,DEX,-87.398,7553.312552537749,9242.321984565848
2026-09-01 11:22:52,7750.0,7760.25,Call GEX 3,GEX,286906.384,7553.312552537749,9242.321984565848
2026-09-01 11:22:52,7750.0,7760.25,Put VEX 3,VEX,-1067154.818,7553.312552537749,9242.321984565848
2026-09-01 11:22:52,7800.0,7810.5,Put DEX 4,DEX,-65.664,7553.312552537749,9242.321984565848
2026-09-01 11:22:52,7800.0,7810.5,Call GEX 1,GEX,516861.805,7553.312552537749,9242.321984565848
2026-09-01 11:22:52,7800.0,7810.5,Put VEX 2,VEX,-1681796.558,7553.312552537749,9242.321984565848
2026-09-01 11:22:52,7850.0,7860.5,Call GEX 4,GEX,274071.525,7553.312552537749,9242.321984565848
2026-09-01 11:22:52,7900.0,7910.5,Call GEX 2,GEX,372233.351,7553.312552537749,9242.321984565848
2026-09-01 11:22:52,7900.0,7910.5,Put VEX 4,VEX,-971190.483,7553.312552537749,9242.321984565848
2026-09-01 11:22:52,7950.0,7960.5,Call GEX 5,GEX,162925.366,7553.312552537749,9242.321984565848
2026-09-01 11:22:52,8000.0,8010.75,Put CEX 1,CEX,-3107633.728,7553.312552537749,9242.321984565848
2026-09-01 11:22:52,8000.0,8010.75,Put DEX 1,DEX,-2539.675,7553.312552537749,9242.321984565848
2026-09-01 11:22:52,8000.0,8010.75,Put GEX 3,GEX,-421432.578,7553.312552537749,9242.321984565848
2026-09-01 11:22:52,8000.0,8010.75,Put VEX 1,VEX,-10225457.967,7553.312552537749,9242.321984565848
2026-09-01 11:23:40,7000.0,7009.25,Call DEX 1,DEX,909.326,7554.467599705764,9247.689780107536
2026-09-01 11:23:40,7000.0,7009.25,Put GEX 1,GEX,-702452.865,7554.467599705764,9247.689780107536
2026-09-01 11:23:40,7000.0,7009.25,Call VEX 1,VEX,6671886.347,7554.467599705764,9247.689780107536
2026-09-01 11:23:40,7300.0,7309.75,Call DEX 2,DEX,259.512,7554.467599705764,9247.689780107536
2026-09-01 11:23:40,7300.0,7309.75,Call VEX 5,VEX,1611907.732,7554.467599705764,9247.689780107536
2026-09-01 11:23:40,7400.0,7410.0,Call DEX 3,DEX,202.076,7554.467599705764,9247.689780107536
2026-09-01 11:23:40,7400.0,7410.0,Call VEX 3,VEX,2102969.903,7554.467599705764,9247.689780107536
2026-09-01 11:23:40,7450.0,7460.0,Call DEX 4,DEX,199.113,7554.467599705764,9247.689780107536
2026-09-01 11:23:40,7450.0,7460.0,Call VEX 4,VEX,1845101.117,7554.467599705764,9247.689780107536
2026-09-01 11:23:40,7500.0,7510.0,Call CEX 4,CEX,1506146.485,7554.467599705764,9247.689780107536
2026-09-01 11:23:40,7500.0,7510.0,Call DEX 5,DEX,144.809,7554.467599705764,9247.689780107536
2026-09-01 11:23:40,7500.0,7510.0,Put GEX 2,GEX,-578479.562,7554.467599705764,9247.689780107536
2026-09-01 11:23:40,7500.0,7510.0,Call VEX 2,VEX,2889342.981,7554.467599705764,9247.689780107536
2026-09-01 11:23:40,7515.0,7525.0,Call CEX 5,CEX,1505595.913,7554.467599705764,9247.689780107536
2026-09-01 11:23:40,7550.0,7560.0,Put GEX 5,GEX,-379414.826,7554.467599705764,9247.689780107536
2026-09-01 11:23:40,7600.0,7610.25,Call CEX 1,CEX,2469089.546,7554.467599705764,9247.689780107536
2026-09-01 11:23:40,7610.0,7620.25,Call CEX 3,CEX,1591752.392,7554.467599705764,9247.689780107536
2026-09-01 11:23:40,7625.0,7635.25,Call CEX 2,CEX,1811593.345,7554.467599705764,9247.689780107536
2026-09-01 11:23:40,7625.0,7635.25,Put GEX 3,GEX,-427565.402,7554.467599705764,9247.689780107536
2026-09-01 11:23:40,7650.0,7660.25,Put CEX 2,CEX,-2942232.104,7554.467599705764,9247.689780107536
2026-09-01 11:23:40,7650.0,7660.25,Put DEX 4,DEX,-68.502,7554.467599705764,9247.689780107536
2026-09-01 11:23:40,7675.0,7685.25,Put CEX 3,CEX,-2097438.527,7554.467599705764,9247.689780107536
2026-09-01 11:23:40,7700.0,7710.25,Put CEX 4,CEX,-1990517.901,7554.467599705764,9247.689780107536
2026-09-01 11:23:40,7700.0,7710.25,Put DEX 2,DEX,-191.316,7554.467599705764,9247.689780107536
2026-09-01 11:23:40,7700.0,7710.25,Put VEX 5,VEX,-923926.3,7554.467599705764,9247.689780107536
2026-09-01 11:23:40,7750.0,7760.25,Put CEX 5,CEX,-1504514.139,7554.467599705764,9247.689780107536
2026-09-01 11:23:40,7750.0,7760.25,Put DEX 3,DEX,-89.899,7554.467599705764,9247.689780107536
2026-09-01 11:23:40,7750.0,7760.25,Call GEX 3,GEX,283968.996,7554.467599705764,9247.689780107536
2026-09-01 11:23:40,7750.0,7760.25,Put VEX 3,VEX,-1077260.444,7554.467599705764,9247.689780107536
2026-09-01 11:23:40,7800.0,7810.5,Put DEX 5,DEX,-68.347,7554.467599705764,9247.689780107536
2026-09-01 11:23:40,7800.0,7810.5,Call GEX 1,GEX,511042.142,7554.467599705764,9247.689780107536
2026-09-01 11:23:40,7800.0,7810.5,Put VEX 2,VEX,-1688217.283,7554.467599705764,9247.689780107536
2026-09-01 11:23:40,7850.0,7860.5,Call GEX 4,GEX,271437.673,7554.467599705764,9247.689780107536
2026-09-01 11:23:40,7900.0,7910.5,Call GEX 2,GEX,368540.294,7554.467599705764,9247.689780107536
2026-09-01 11:23:40,7900.0,7910.5,Put VEX 4,VEX,-967629.885,7554.467599705764,9247.689780107536
2026-09-01 11:23:40,7950.0,7960.75,Call GEX 5,GEX,161455.365,7554.467599705764,9247.689780107536
2026-09-01 11:23:40,8000.0,8010.75,Put CEX 1,CEX,-3084212.409,7554.467599705764,9247.689780107536
2026-09-01 11:23:40,8000.0,8010.75,Put DEX 1,DEX,-2548.113,7554.467599705764,9247.689780107536
2026-09-01 11:23:40,8000.0,8010.75,Put GEX 4,GEX,-416444.565,7554.467599705764,9247.689780107536
2026-09-01 11:23:40,8000.0,8010.75,Put VEX 1,VEX,-10194332.312,7554.467599705764,9247.689780107536
2026-09-01 11:24:27,7000.0,7009.25,Call DEX 1,DEX,912.646,7554.477003521774,9245.57551071583
2026-09-01 11:24:27,7000.0,7009.25,Put GEX 1,GEX,-712906.522,7554.477003521774,9245.57551071583
2026-09-01 11:24:27,7000.0,7009.25,Call VEX 1,VEX,6592350.802,7554.477003521774,9245.57551071583
2026-09-01 11:24:27,7300.0,7309.5,Call DEX 2,DEX,259.577,7554.477003521774,9245.57551071583
2026-09-01 11:24:27,7300.0,7309.5,Call VEX 5,VEX,1610389.323,7554.477003521774,9245.57551071583
2026-09-01 11:24:27,7400.0,7409.75,Call DEX 3,DEX,202.944,7554.477003521774,9245.57551071583
2026-09-01 11:24:27,7400.0,7409.75,Call VEX 3,VEX,2103101.977,7554.477003521774,9245.57551071583
2026-09-01 11:24:27,7450.0,7459.75,Call DEX 4,DEX,199.401,7554.477003521774,9245.57551071583
2026-09-01 11:24:27,7450.0,7459.75,Call VEX 4,VEX,1845544.065,7554.477003521774,9245.57551071583
2026-09-01 11:24:27,7500.0,7509.75,Call CEX 5,CEX,1510449.229,7554.477003521774,9245.57551071583
2026-09-01 11:24:27,7500.0,7509.75,Call DEX 5,DEX,146.329,7554.477003521774,9245.57551071583
2026-09-01 11:24:27,7500.0,7509.75,Put GEX 2,GEX,-576348.722,7554.477003521774,9245.57551071583
2026-09-01 11:24:27,7500.0,7509.75,Call VEX 2,VEX,2895306.881,7554.477003521774,9245.57551071583
2026-09-01 11:24:27,7515.0,7524.75,Call CEX 4,CEX,1512631.492,7554.477003521774,9245.57551071583
2026-09-01 11:24:27,7550.0,7559.75,Put GEX 5,GEX,-376683.091,7554.477003521774,9245.57551071583
2026-09-01 11:24:27,7600.0,7610.0,Call CEX 1,CEX,2471456.521,7554.477003521774,9245.57551071583
2026-09-01 11:24:27,7610.0,7620.0,Call CEX 3,CEX,1577358.791,7554.477003521774,9245.57551071583
2026-09-01 11:24:27,7625.0,7635.0,Call CEX 2,CEX,1959167.34,7554.477003521774,9245.57551071583
2026-09-01 11:24:27,7625.0,7635.0,Put GEX 3,GEX,-425414.278,7554.477003521774,9245.57551071583
2026-09-01 11:24:27,7650.0,7660.0,Put CEX 2,CEX,-2956035.171,7554.477003521774,9245.57551071583
2026-09-01 11:24:27,7650.0,7660.0,Put DEX 4,DEX,-67.778,7554.477003521774,9245.57551071583
2026-09-01 11:24:27,7675.0,7685.0,Put CEX 3,CEX,-2128293.62,7554.477003521774,9245.57551071583
2026-09-01 11:24:27,7700.0,7710.0,Put CEX 4,CEX,-2062289.364,7554.477003521774,9245.57551071583
2026-09-01 11:24:27,7700.0,7710.0,Put DEX 2,DEX,-189.964,7554.477003521774,9245.57551071583
2026-09-01 11:24:27,7700.0,7710.0,Put VEX 5,VEX,-916653.485,7554.477003521774,9245.57551071583
2026-09-01 11:24:27,7750.0,7760.0,Put CEX 5,CEX,-1486911.642,7554.477003521774,9245.57551071583
2026-09-01 11:24:27,7750.0,7760.0,Put DEX 3,DEX,-89.031,7554.477003521774,9245.57551071583
2026-09-01 11:24:27,7750.0,7760.0,Call GEX 3,GEX,284473.805,7554.477003521774,9245.57551071583
2026-09-01 11:24:27,7750.0,7760.0,Put VEX 3,VEX,-1073858.457,7554.477003521774,9245.57551071583
2026-09-01 11:24:27,7800.0,7810.25,Put DEX 5,DEX,-67.534,7554.477003521774,9245.57551071583
2026-09-01 11:24:27,7800.0,7810.25,Call GEX 1,GEX,512058.321,7554.477003521774,9245.57551071583
2026-09-01 11:24:27,7800.0,7810.25,Put VEX 2,VEX,-1686671.976,7554.477003521774,9245.57551071583
2026-09-01 11:24:27,7850.0,7860.25,Call GEX 4,GEX,271891.173,7554.477003521774,9245.57551071583
2026-09-01 11:24:27,7900.0,7910.25,Call GEX 2,GEX,369350.333,7554.477003521774,9245.57551071583
2026-09-01 11:24:27,7900.0,7910.25,Put VEX 4,VEX,-968386.543,7554.477003521774,9245.57551071583
2026-09-01 11:24:27,7950.0,7960.25,Call GEX 5,GEX,161607.591,7554.477003521774,9245.57551071583
2026-09-01 11:24:27,8000.0,8010.5,Put CEX 1,CEX,-3090745.432,7554.477003521774,9245.57551071583
2026-09-01 11:24:27,8000.0,8010.5,Put DEX 1,DEX,-2546.154,7554.477003521774,9245.57551071583
2026-09-01 11:24:27,8000.0,8010.5,Put GEX 4,GEX,-420585.19,7554.477003521774,9245.57551071583
2026-09-01 11:24:27,8000.0,8010.5,Put VEX 1,VEX,-10176495.43,7554.477003521774,9245.57551071583
2026-09-01 11:25:15,7000.0,7010.0,Call DEX 1,DEX,892.733,7550.305874456565,9243.03527907048
2026-09-01 11:25:15,7000.0,7010.0,Put GEX 1,GEX,-783930.892,7550.305874456565,9243.03527907048
2026-09-01 11:25:15,7000.0,7010.0,Call VEX 1,VEX,6080939.319,7550.305874456565,9243.03527907048
2026-09-01 11:25:15,7300.0,7310.25,Call DEX 2,DEX,260.416,7550.305874456565,9243.03527907048
2026-09-01 11:25:15,7300.0,7310.25,Call VEX 5,VEX,1608059.728,7550.305874456565,9243.03527907048
2026-09-01 11:25:15,7400.0,7410.5,Call DEX 4,DEX,204.676,7550.305874456565,9243.03527907048
2026-09-01 11:25:15,7400.0,7410.5,Call VEX 3,VEX,2103699.959,7550.305874456565,9243.03527907048
2026-09-01 11:25:15,7450.0,7460.5,Call DEX 3,DEX,211.291,7550.305874456565,9243.03527907048
2026-09-01 11:25:15,7450.0,7460.5,Call VEX 4,VEX,1850001.742,7550.305874456565,9243.03527907048
2026-09-01 11:25:15,7500.0,7510.5,Call CEX 3,CEX,1544796.837,7550.305874456565,9243.03527907048
2026-09-01 11:25:15,7500.0,7510.5,Call DEX 5,DEX,149.409,7550.305874456565,9243.03527907048
2026-09-01 11:25:15,7500.0,7510.5,Put GEX 2,GEX,-571353.783,7550.305874456565,9243.03527907048
2026-09-01 11:25:15,7500.0,7510.5,Call VEX 2,VEX,2905161.732,7550.305874456565,9243.03527907048
2026-09-01 11:25:15,7515.0,7525.5,Call CEX 5,CEX,1520717.309,7550.305874456565,9243.03527907048
2026-09-01 11:25:15,7550.0,7560.75,Put GEX 5,GEX,-373346.262,7550.305874456565,9243.03527907048
2026-09-01 11:25:15,7600.0,7610.75,Call CEX 1,CEX,2471789.245,7550.305874456565,9243.03527907048
2026-09-01 11:25:15,7610.0,7620.75,Call CEX 4,CEX,1528886.657,7550.305874456565,9243.03527907048
2026-09-01 11:25:15,7625.0,7635.75,Call CEX 2,CEX,2122575.605,7550.305874456565,9243.03527907048
2026-09-01 11:25:15,7625.0,7635.75,Put GEX 3,GEX,-431578.428,7550.305874456565,9243.03527907048
2026-09-01 11:25:15,7645.0,7655.75,Put CEX 4,CEX,-1362213.06,7550.305874456565,9243.03527907048
2026-09-01 11:25:15,7650.0,7660.75,Put CEX 2,CEX,-2858426.714,7550.305874456565,9243.03527907048
2026-09-01 11:25:15,7650.0,7660.75,Put DEX 4,DEX,-67.201,7550.305874456565,9243.03527907048
2026-09-01 11:25:15,7700.0,7710.75,Put CEX 3,CEX,-1531461.632,7550.305874456565,9243.03527907048
2026-09-01 11:25:15,7700.0,7710.75,Put DEX 2,DEX,-175.401,7550.305874456565,9243.03527907048
2026-09-01 11:25:15,7700.0,7710.75,Put VEX 5,VEX,-893852.41,7550.305874456565,9243.03527907048
2026-09-01 11:25:15,7750.0,7761.0,Put CEX 5,CEX,-1332049.983,7550.305874456565,9243.03527907048
2026-09-01 11:25:15,7750.0,7761.0,Put DEX 3,DEX,-81.855,7550.305874456565,9243.03527907048
2026-09-01 11:25:15,7750.0,7761.0,Call GEX 3,GEX,291119.637,7550.305874456565,9243.03527907048
2026-09-01 11:25:15,7750.0,7761.0,Put VEX 3,VEX,-1065227.484,7550.305874456565,9243.03527907048
2026-09-01 11:25:15,7800.0,7811.0,Put DEX 5,DEX,-63.973,7550.305874456565,9243.03527907048
2026-09-01 11:25:15,7800.0,7811.0,Call GEX 1,GEX,517099.043,7550.305874456565,9243.03527907048
2026-09-01 11:25:15,7800.0,7811.0,Put VEX 2,VEX,-1683127.952,7550.305874456565,9243.03527907048
2026-09-01 11:25:15,7850.0,7861.0,Call GEX 4,GEX,273650.308,7550.305874456565,9243.03527907048
2026-09-01 11:25:15,7900.0,7911.25,Call GEX 2,GEX,371296.351,7550.305874456565,9243.03527907048
2026-09-01 11:25:15,7900.0,7911.25,Put VEX 4,VEX,-969773.642,7550.305874456565,9243.03527907048
2026-09-01 11:25:15,7950.0,7961.25,Call GEX 5,GEX,162144.217,7550.305874456565,9243.03527907048
2026-09-01 11:25:15,8000.0,8011.25,Put CEX 1,CEX,-3090897.333,7550.305874456565,9243.03527907048
2026-09-01 11:25:15,8000.0,8011.25,Put DEX 1,DEX,-2542.124,7550.305874456565,9243.03527907048
2026-09-01 11:25:15,8000.0,8011.25,Put GEX 4,GEX,-417622.653,7550.305874456565,9243.03527907048
2026-09-01 11:25:15,8000.0,8011.25,Put VEX 1,VEX,-10170044.619,7550.305874456565,9243.03527907048
2026-09-01 11:26:04,7000.0,7009.25,Call DEX 1,DEX,880.876,7562.839528522994,9245.17555580598
2026-09-01 11:26:04,7000.0,7009.25,Put GEX 1,GEX,-726304.918,7562.839528522994,9245.17555580598
2026-09-01 11:26:04,7000.0,7009.25,Call VEX 1,VEX,6501814.359,7562.839528522994,9245.17555580598
2026-09-01 11:26:04,7300.0,7309.75,Call DEX 2,DEX,259.717,7562.839528522994,9245.17555580598
2026-09-01 11:26:04,7300.0,7309.75,Call VEX 5,VEX,1600688.632,7562.839528522994,9245.17555580598
2026-09-01 11:26:04,7400.0,7410.0,Call DEX 3,DEX,203.325,7562.839528522994,9245.17555580598
2026-09-01 11:26:04,7400.0,7410.0,Call VEX 3,VEX,2100047.956,7562.839528522994,9245.17555580598
2026-09-01 11:26:04,7450.0,7460.0,Call DEX 4,DEX,199.807,7562.839528522994,9245.17555580598
2026-09-01 11:26:04,7450.0,7460.0,Call VEX 4,VEX,1845849.051,7562.839528522994,9245.17555580598
2026-09-01 11:26:04,7500.0,7510.0,Call CEX 4,CEX,1510019.974,7562.839528522994,9245.17555580598
2026-09-01 11:26:04,7500.0,7510.0,Call DEX 5,DEX,142.956,7562.839528522994,9245.17555580598
2026-09-01 11:26:04,7500.0,7510.0,Put GEX 2,GEX,-575203.642,7562.839528522994,9245.17555580598
2026-09-01 11:26:04,7500.0,7510.0,Call VEX 2,VEX,2892903.517,7562.839528522994,9245.17555580598
2026-09-01 11:26:04,7515.0,7525.0,Call CEX 5,CEX,1495072.108,7562.839528522994,9245.17555580598
2026-09-01 11:26:04,7550.0,7560.0,Put GEX 5,GEX,-374598.44,7562.839528522994,9245.17555580598
2026-09-01 11:26:04,7600.0,7610.25,Call CEX 1,CEX,2147284.569,7562.839528522994,9245.17555580598
2026-09-01 11:26:04,7610.0,7620.25,Call CEX 3,CEX,1565750.082,7562.839528522994,9245.17555580598
2026-09-01 11:26:04,7625.0,7635.25,Call CEX 2,CEX,1881742.057,7562.839528522994,9245.17555580598
2026-09-01 11:26:04,7625.0,7635.25,Put GEX 4,GEX,-388614.637,7562.839528522994,9245.17555580598
2026-09-01 11:26:04,7650.0,7660.25,Put CEX 2,CEX,-3078094.436,7562.839528522994,9245.17555580598
2026-09-01 11:26:04,7650.0,7660.25,Put DEX 5,DEX,-66.872,7562.839528522994,9245.17555580598
2026-09-01 11:26:04,7675.0,7685.25,Put CEX 3,CEX,-2637849.776,7562.839528522994,9245.17555580598
2026-09-01 11:26:04,7690.0,7700.25,Put CEX 5,CEX,-1932623.372,7562.839528522994,9245.17555580598
2026-09-01 11:26:04,7700.0,7710.25,Put CEX 4,CEX,-2490109.392,7562.839528522994,9245.17555580598
2026-09-01 11:26:04,7700.0,7710.25,Put DEX 2,DEX,-189.778,7562.839528522994,9245.17555580598
2026-09-01 11:26:04,7700.0,7710.25,Put VEX 5,VEX,-928488.338,7562.839528522994,9245.17555580598
2026-09-01 11:26:04,7750.0,7760.25,Put DEX 3,DEX,-88.765,7562.839528522994,9245.17555580598
2026-09-01 11:26:04,7750.0,7760.25,Call GEX 3,GEX,279510.934,7562.839528522994,9245.17555580598
2026-09-01 11:26:04,7750.0,7760.25,Put VEX 3,VEX,-1082166.054,7562.839528522994,9245.17555580598
2026-09-01 11:26:04,7800.0,7810.5,Put DEX 4,DEX,-67.442,7562.839528522994,9245.17555580598
2026-09-01 11:26:04,7800.0,7810.5,Call GEX 1,GEX,510940.354,7562.839528522994,9245.17555580598
2026-09-01 11:26:04,7800.0,7810.5,Put VEX 2,VEX,-1690331.119,7562.839528522994,9245.17555580598
2026-09-01 11:26:04,7850.0,7860.5,Call GEX 4,GEX,271308.769,7562.839528522994,9245.17555580598
2026-09-01 11:26:04,7900.0,7910.5,Call GEX 2,GEX,368877.109,7562.839528522994,9245.17555580598
2026-09-01 11:26:04,7900.0,7910.5,Put VEX 4,VEX,-968362.704,7562.839528522994,9245.17555580598
2026-09-01 11:26:04,7950.0,7960.5,Call GEX 5,GEX,161407.591,7562.839528522994,9245.17555580598
2026-09-01 11:26:04,8000.0,8010.75,Put CEX 1,CEX,-3122988.674,7562.839528522994,9245.17555580598
2026-09-01 11:26:04,8000.0,8010.75,Put DEX 1,DEX,-2537.156,7562.839528522994,9245.17555580598
2026-09-01 11:26:04,8000.0,8010.75,Put GEX 3,GEX,-426758.928,7562.839528522994,9245.17555580598
2026-09-01 11:26:04,8000.0,8010.75,Put VEX 1,VEX,-10234093.69,7562.839528522994,9245.17555580598
2026-09-01 11:26:52,7000.0,7009.75,Call DEX 1,DEX,909.78,7551.86206699289,9245.210400630807
2026-09-01 11:26:52,7000.0,7009.75,Put GEX 1,GEX,-703626.709,7551.86206699289,9245.210400630807
2026-09-01 11:26:52,7000.0,7009.75,Call VEX 1,VEX,6660415.2,7551.86206699289,9245.210400630807
2026-09-01 11:26:52,7300.0,7310.25,Call DEX 2,DEX,258.621,7551.86206699289,9245.210400630807
2026-09-01 11:26:52,7300.0,7310.25,Call VEX 5,VEX,1617558.958,7551.86206699289,9245.210400630807
2026-09-01 11:26:52,7400.0,7410.25,Call DEX 4,DEX,202.354,7551.86206699289,9245.210400630807
2026-09-01 11:26:52,7400.0,7410.25,Call VEX 3,VEX,2102571.651,7551.86206699289,9245.210400630807
2026-09-01 11:26:52,7450.0,7460.5,Call DEX 3,DEX,209.67,7551.86206699289,9245.210400630807
2026-09-01 11:26:52,7450.0,7460.5,Call VEX 4,VEX,1848492.614,7551.86206699289,9245.210400630807
2026-09-01 11:26:52,7500.0,7510.5,Call CEX 5,CEX,1544604.524,7551.86206699289,9245.210400630807
2026-09-01 11:26:52,7500.0,7510.5,Call DEX 5,DEX,146.024,7551.86206699289,9245.210400630807
2026-09-01 11:26:52,7500.0,7510.5,Put GEX 2,GEX,-577161.684,7551.86206699289,9245.210400630807
2026-09-01 11:26:52,7500.0,7510.5,Call VEX 2,VEX,2891658.8,7551.86206699289,9245.210400630807
2026-09-01 11:26:52,7515.0,7525.5,Call CEX 4,CEX,1553874.93,7551.86206699289,9245.210400630807
2026-09-01 11:26:52,7550.0,7560.5,Put GEX 5,GEX,-378507.872,7551.86206699289,9245.210400630807
2026-09-01 11:26:52,7600.0,7610.75,Call CEX 1,CEX,2548182.513,7551.86206699289,9245.210400630807
2026-09-01 11:26:52,7610.0,7620.75,Call CEX 3,CEX,1606410.071,7551.86206699289,9245.210400630807
2026-09-01 11:26:52,7625.0,7635.75,Call CEX 2,CEX,1885726.273,7551.86206699289,9245.210400630807
2026-09-01 11:26:52,7625.0,7635.75,Put GEX 3,GEX,-437636.064,7551.86206699289,9245.210400630807
2026-09-01 11:26:52,7640.0,7650.75,Put CEX 3,CEX,-1410717.312,7551.86206699289,9245.210400630807
2026-09-01 11:26:52,7645.0,7655.75,Put CEX 5,CEX,-1379925.962,7551.86206699289,9245.210400630807
2026-09-01 11:26:52,7650.0,7660.75,Put CEX 2,CEX,-2866075.405,7551.86206699289,9245.210400630807
2026-09-01 11:26:52,7650.0,7660.75,Put DEX 4,DEX,-68.94,7551.86206699289,9245.210400630807
2026-09-01 11:26:52,7700.0,7710.75,Put CEX 4,CEX,-1408948.439,7551.86206699289,9245.210400630807
2026-09-01 11:26:52,7700.0,7710.75,Put DEX 2,DEX,-178.558,7551.86206699289,9245.210400630807
2026-09-01 11:26:52,7700.0,7710.75,Put VEX 5,VEX,-912074.793,7551.86206699289,9245.210400630807
2026-09-01 11:26:52,7750.0,7760.75,Put DEX 3,DEX,-78.811,7551.86206699289,9245.210400630807
2026-09-01 11:26:52,7750.0,7760.75,Call GEX 3,GEX,289383.142,7551.86206699289,9245.210400630807
2026-09-01 11:26:52,7750.0,7760.75,Put VEX 3,VEX,-1065168.455,7551.86206699289,9245.210400630807
2026-09-01 11:26:52,7800.0,7811.0,Put DEX 5,DEX,-65.171,7551.86206699289,9245.210400630807
2026-09-01 11:26:52,7800.0,7811.0,Call GEX 1,GEX,513296.756,7551.86206699289,9245.210400630807
2026-09-01 11:26:52,7800.0,7811.0,Put VEX 2,VEX,-1684280.054,7551.86206699289,9245.210400630807
2026-09-01 11:26:52,7850.0,7861.0,Call GEX 4,GEX,271308.052,7551.86206699289,9245.210400630807
2026-09-01 11:26:52,7900.0,7911.0,Call GEX 2,GEX,368508.84,7551.86206699289,9245.210400630807
2026-09-01 11:26:52,7900.0,7911.0,Put VEX 4,VEX,-968325.099,7551.86206699289,9245.210400630807
2026-09-01 11:26:52,7950.0,7961.0,Call GEX 5,GEX,161357.326,7551.86206699289,9245.210400630807
2026-09-01 11:26:52,8000.0,8011.25,Put CEX 1,CEX,-3070954.448,7551.86206699289,9245.210400630807
2026-09-01 11:26:52,8000.0,8011.25,Put DEX 1,DEX,-2523.133,7551.86206699289,9245.210400630807
2026-09-01 11:26:52,8000.0,8011.25,Put GEX 4,GEX,-412236.283,7551.86206699289,9245.210400630807
2026-09-01 11:26:52,8000.0,8011.25,Put VEX 1,VEX,-10180943.526,7551.86206699289,9245.210400630807
2026-09-01 11:27:39,7000.0,7009.5,Call DEX 1,DEX,906.098,7551.940499245659,9246.06978161188
2026-09-01 11:27:39,7000.0,7009.5,Put GEX 1,GEX,-702038.432,7551.940499245659,9246.06978161188
2026-09-01 11:27:39,7000.0,7009.5,Call VEX 1,VEX,6715611.123,7551.940499245659,9246.06978161188
2026-09-01 11:27:39,7300.0,7309.75,Call DEX 2,DEX,258.366,7551.940499245659,9246.06978161188
2026-09-01 11:27:39,7300.0,7309.75,Call VEX 5,VEX,1620142.91,7551.940499245659,9246.06978161188
2026-09-01 11:27:39,7400.0,7410.0,Call DEX 4,DEX,201.517,7551.940499245659,9246.06978161188
2026-09-01 11:27:39,7400.0,7410.0,Call VEX 3,VEX,2100513.658,7551.940499245659,9246.06978161188
2026-09-01 11:27:39,7450.0,7460.0,Call DEX 3,DEX,207.803,7551.940499245659,9246.06978161188
2026-09-01 11:27:39,7450.0,7460.0,Call VEX 4,VEX,1845152.071,7551.940499245659,9246.06978161188
2026-09-01 11:27:39,7500.0,7510.0,Call CEX 4,CEX,1555144.03,7551.940499245659,9246.06978161188
2026-09-01 11:27:39,7500.0,7510.0,Call DEX 5,DEX,142.099,7551.940499245659,9246.06978161188
2026-09-01 11:27:39,7500.0,7510.0,Put GEX 2,GEX,-580216.03,7551.940499245659,9246.06978161188
2026-09-01 11:27:39,7500.0,7510.0,Call VEX 2,VEX,2876325.691,7551.940499245659,9246.06978161188
2026-09-01 11:27:39,7515.0,7525.0,Call CEX 3,CEX,1556448.713,7551.940499245659,9246.06978161188
2026-09-01 11:27:39,7550.0,7560.25,Put GEX 5,GEX,-382432.849,7551.940499245659,9246.06978161188
2026-09-01 11:27:39,7600.0,7610.25,Call CEX 1,CEX,2698456.916,7551.940499245659,9246.06978161188
2026-09-01 11:27:39,7610.0,7620.25,Call CEX 2,CEX,1659503.979,7551.940499245659,9246.06978161188
2026-09-01 11:27:39,7615.0,7625.25,Call CEX 5,CEX,1512691.463,7551.940499245659,9246.06978161188
2026-09-01 11:27:39,7625.0,7635.25,Put GEX 3,GEX,-461225.23,7551.940499245659,9246.06978161188
2026-09-01 11:27:39,7640.0,7650.25,Put CEX 3,CEX,-1562981.401,7551.940499245659,9246.06978161188
2026-09-01 11:27:39,7645.0,7655.25,Put CEX 5,CEX,-1349496.769,7551.940499245659,9246.06978161188
2026-09-01 11:27:39,7650.0,7660.25,Put CEX 2,CEX,-2433433.465,7551.940499245659,9246.06978161188
2026-09-01 11:27:39,7650.0,7660.25,Put DEX 4,DEX,-72.134,7551.940499245659,9246.06978161188
2026-09-01 11:27:39,7700.0,7710.25,Put CEX 4,CEX,-1408991.187,7551.940499245659,9246.06978161188
2026-09-01 11:27:39,7700.0,7710.25,Put DEX 2,DEX,-182.851,7551.940499245659,9246.06978161188
2026-09-01 11:27:39,7700.0,7710.25,Put VEX 5,VEX,-939307.671,7551.940499245659,9246.06978161188
2026-09-01 11:27:39,7750.0,7760.5,Put DEX 3,DEX,-86.214,7551.940499245659,9246.06978161188
2026-09-01 11:27:39,7750.0,7760.5,Call GEX 3,GEX,281742.639,7551.940499245659,9246.06978161188
2026-09-01 11:27:39,7750.0,7760.5,Put VEX 3,VEX,-1074978.459,7551.940499245659,9246.06978161188
2026-09-01 11:27:39,7800.0,7810.5,Put DEX 5,DEX,-68.125,7551.940499245659,9246.06978161188
2026-09-01 11:27:39,7800.0,7810.5,Call GEX 1,GEX,508593.493,7551.940499245659,9246.06978161188
2026-09-01 11:27:39,7800.0,7810.5,Put VEX 2,VEX,-1690664.646,7551.940499245659,9246.06978161188
2026-09-01 11:27:39,7850.0,7860.5,Call GEX 4,GEX,269195.485,7551.940499245659,9246.06978161188
2026-09-01 11:27:39,7900.0,7910.75,Call GEX 2,GEX,366392.415,7551.940499245659,9246.06978161188
2026-09-01 11:27:39,7900.0,7910.75,Put VEX 4,VEX,-967092.467,7551.940499245659,9246.06978161188
2026-09-01 11:27:39,7950.0,7960.75,Call GEX 5,GEX,159627.652,7551.940499245659,9246.06978161188
2026-09-01 11:27:39,8000.0,8010.75,Put CEX 1,CEX,-3065669.677,7551.940499245659,9246.06978161188
2026-09-01 11:27:39,8000.0,8010.75,Put DEX 1,DEX,-2526.588,7551.940499245659,9246.06978161188
2026-09-01 11:27:39,8000.0,8010.75,Put GEX 4,GEX,-412622.966,7551.940499245659,9246.06978161188
2026-09-01 11:27:39,8000.0,8010.75,Put VEX 1,VEX,-10173399.693,7551.940499245659,9246.06978161188
2026-09-01 11:28:27,7000.0,7009.25,Call CEX 5,CEX,1483385.823,7573.187165999084,9246.057270644884
2026-09-01 11:28:27,7000.0,7009.25,Call DEX 1,DEX,866.365,7573.187165999084,9246.057270644884
2026-09-01 11:28:27,7000.0,7009.25,Put GEX 1,GEX,-709973.226,7573.187165999084,9246.057270644884
2026-09-01 11:28:27,7000.0,7009.25,Call VEX 1,VEX,6766090.794,7573.187165999084,9246.057270644884
2026-09-01 11:28:27,7300.0,7309.75,Call DEX 2,DEX,256.825,7573.187165999084,9246.057270644884
2026-09-01 11:28:27,7300.0,7309.75,Call VEX 5,VEX,1620419.462,7573.187165999084,9246.057270644884
2026-09-01 11:28:27,7400.0,7409.75,Call DEX 3,DEX,197.733,7573.187165999084,9246.057270644884
2026-09-01 11:28:27,7400.0,7409.75,Call VEX 3,VEX,2095926.202,7573.187165999084,9246.057270644884
2026-09-01 11:28:27,7450.0,7460.0,Call DEX 4,DEX,193.922,7573.187165999084,9246.057270644884
2026-09-01 11:28:27,7450.0,7460.0,Call VEX 4,VEX,1833892.967,7573.187165999084,9246.057270644884
2026-09-01 11:28:27,7500.0,7510.0,Call CEX 4,CEX,1529783.938,7573.187165999084,9246.057270644884
2026-09-01 11:28:27,7500.0,7510.0,Call DEX 5,DEX,134.255,7573.187165999084,9246.057270644884
2026-09-01 11:28:27,7500.0,7510.0,Put GEX 2,GEX,-584782.505,7573.187165999084,9246.057270644884
2026-09-01 11:28:27,7500.0,7510.0,Call VEX 2,VEX,2847508.181,7573.187165999084,9246.057270644884
2026-09-01 11:28:27,7515.0,7525.0,Call CEX 3,CEX,1573766.626,7573.187165999084,9246.057270644884
2026-09-01 11:28:27,7550.0,7560.0,Put GEX 5,GEX,-387139.301,7573.187165999084,9246.057270644884
2026-09-01 11:28:27,7600.0,7610.0,Call CEX 1,CEX,2838724.226,7573.187165999084,9246.057270644884
2026-09-01 11:28:27,7610.0,7620.0,Call CEX 2,CEX,1732906.405,7573.187165999084,9246.057270644884
2026-09-01 11:28:27,7625.0,7635.0,Put GEX 3,GEX,-433350.335,7573.187165999084,9246.057270644884
2026-09-01 11:28:27,7640.0,7650.25,Put CEX 5,CEX,-1587240.881,7573.187165999084,9246.057270644884
2026-09-01 11:28:27,7650.0,7660.25,Put CEX 2,CEX,-2892537.661,7573.187165999084,9246.057270644884
2026-09-01 11:28:27,7650.0,7660.25,Put DEX 4,DEX,-74.405,7573.187165999084,9246.057270644884
2026-09-01 11:28:27,7675.0,7685.25,Put CEX 3,CEX,-2209719.951,7573.187165999084,9246.057270644884
2026-09-01 11:28:27,7700.0,7710.25,Put CEX 4,CEX,-2049117.453,7573.187165999084,9246.057270644884
2026-09-01 11:28:27,7700.0,7710.25,Put DEX 2,DEX,-201.121,7573.187165999084,9246.057270644884
2026-09-01 11:28:27,7700.0,7710.25,Put VEX 4,VEX,-989382.53,7573.187165999084,9246.057270644884
2026-09-01 11:28:27,7750.0,7760.25,Put DEX 3,DEX,-94.627,7573.187165999084,9246.057270644884
2026-09-01 11:28:27,7750.0,7760.25,Call GEX 3,GEX,272266.728,7573.187165999084,9246.057270644884
2026-09-01 11:28:27,7750.0,7760.25,Put VEX 3,VEX,-1095933.497,7573.187165999084,9246.057270644884
2026-09-01 11:28:27,7800.0,7810.25,Put DEX 5,DEX,-73.005,7573.187165999084,9246.057270644884
2026-09-01 11:28:27,7800.0,7810.25,Call GEX 1,GEX,499331.596,7573.187165999084,9246.057270644884
2026-09-01 11:28:27,7800.0,7810.25,Put VEX 2,VEX,-1702338.349,7573.187165999084,9246.057270644884
2026-09-01 11:28:27,7850.0,7860.5,Call GEX 4,GEX,264966.806,7573.187165999084,9246.057270644884
2026-09-01 11:28:27,7900.0,7910.5,Call GEX 2,GEX,362070.632,7573.187165999084,9246.057270644884
2026-09-01 11:28:27,7900.0,7910.5,Put VEX 5,VEX,-964612.772,7573.187165999084,9246.057270644884
2026-09-01 11:28:27,7950.0,7960.5,Call GEX 5,GEX,157491.248,7573.187165999084,9246.057270644884
2026-09-01 11:28:27,8000.0,8010.5,Put CEX 1,CEX,-3095570.892,7573.187165999084,9246.057270644884
2026-09-01 11:28:27,8000.0,8010.5,Put DEX 1,DEX,-2547.006,7573.187165999084,9246.057270644884
2026-09-01 11:28:27,8000.0,8010.5,Put GEX 4,GEX,-424881.446,7573.187165999084,9246.057270644884
2026-09-01 11:28:27,8000.0,8010.5,Put VEX 1,VEX,-10202012.012,7573.187165999084,9246.057270644884
2026-09-01 11:29:15,7000.0,7009.5,Call CEX 5,CEX,1503454.039,7553.807271277818,9247.54211091717
2026-09-01 11:29:15,7000.0,7009.5,Call DEX 1,DEX,898.395,7553.807271277818,9247.54211091717
2026-09-01 11:29:15,7000.0,7009.5,Put GEX 1,GEX,-703388.979,7553.807271277818,9247.54211091717
2026-09-01 11:29:15,7000.0,7009.5,Call VEX 1,VEX,6819046.871,7553.807271277818,9247.54211091717
2026-09-01 11:29:15,7300.0,7310.0,Call DEX 2,DEX,255.453,7553.807271277818,9247.54211091717
2026-09-01 11:29:15,7300.0,7310.0,Call VEX 5,VEX,1633235.894,7553.807271277818,9247.54211091717
2026-09-01 11:29:15,7400.0,7410.0,Call DEX 4,DEX,196.316,7553.807271277818,9247.54211091717
2026-09-01 11:29:15,7400.0,7410.0,Call VEX 3,VEX,2096752.677,7553.807271277818,9247.54211091717
2026-09-01 11:29:15,7450.0,7460.25,Call DEX 3,DEX,202.92,7553.807271277818,9247.54211091717
2026-09-01 11:29:15,7450.0,7460.25,Call VEX 4,VEX,1837355.49,7553.807271277818,9247.54211091717
2026-09-01 11:29:15,7500.0,7510.25,Call CEX 4,CEX,1565147.569,7553.807271277818,9247.54211091717
2026-09-01 11:29:15,7500.0,7510.25,Call DEX 5,DEX,132.873,7553.807271277818,9247.54211091717
2026-09-01 11:29:15,7500.0,7510.25,Put GEX 2,GEX,-588552.785,7553.807271277818,9247.54211091717
2026-09-01 11:29:15,7500.0,7510.25,Call VEX 2,VEX,2839855.585,7553.807271277818,9247.54211091717
2026-09-01 11:29:15,7515.0,7525.25,Call CEX 3,CEX,1592742.29,7553.807271277818,9247.54211091717
2026-09-01 11:29:15,7550.0,7560.25,Put GEX 5,GEX,-391026.154,7553.807271277818,9247.54211091717
2026-09-01 11:29:15,7600.0,7610.25,Call CEX 1,CEX,2931512.453,7553.807271277818,9247.54211091717
2026-09-01 11:29:15,7610.0,7620.25,Call CEX 2,CEX,1738406.831,7553.807271277818,9247.54211091717
2026-09-01 11:29:15,7625.0,7635.5,Put GEX 3,GEX,-475225.57,7553.807271277818,9247.54211091717
2026-09-01 11:29:15,7640.0,7650.5,Put CEX 3,CEX,-1658230.024,7553.807271277818,9247.54211091717
2026-09-01 11:29:15,7645.0,7655.5,Put CEX 5,CEX,-1271748.739,7553.807271277818,9247.54211091717
2026-09-01 11:29:15,7650.0,7660.5,Put CEX 2,CEX,-2137763.672,7553.807271277818,9247.54211091717
2026-09-01 11:29:15,7650.0,7660.5,Put DEX 4,DEX,-76.577,7553.807271277818,9247.54211091717
2026-09-01 11:29:15,7700.0,7710.5,Put CEX 4,CEX,-1413463.804,7553.807271277818,9247.54211091717
2026-09-01 11:29:15,7700.0,7710.5,Put DEX 2,DEX,-189.592,7553.807271277818,9247.54211091717
2026-09-01 11:29:15,7700.0,7710.5,Put VEX 4,VEX,-985263.464,7553.807271277818,9247.54211091717
2026-09-01 11:29:15,7750.0,7760.5,Put DEX 3,DEX,-89.445,7553.807271277818,9247.54211091717
2026-09-01 11:29:15,7750.0,7760.5,Call GEX 3,GEX,275519.482,7553.807271277818,9247.54211091717
2026-09-01 11:29:15,7750.0,7760.5,Put VEX 3,VEX,-1091504.022,7553.807271277818,9247.54211091717
2026-09-01 11:29:15,7800.0,7810.75,Put DEX 5,DEX,-71.296,7553.807271277818,9247.54211091717
2026-09-01 11:29:15,7800.0,7810.75,Call GEX 1,GEX,498097.626,7553.807271277818,9247.54211091717
2026-09-01 11:29:15,7800.0,7810.75,Put VEX 2,VEX,-1702036.409,7553.807271277818,9247.54211091717
2026-09-01 11:29:15,7850.0,7860.75,Call GEX 4,GEX,264522.38,7553.807271277818,9247.54211091717
2026-09-01 11:29:15,7900.0,7910.75,Call GEX 2,GEX,361964.449,7553.807271277818,9247.54211091717
2026-09-01 11:29:15,7900.0,7910.75,Put VEX 5,VEX,-966416.13,7553.807271277818,9247.54211091717
2026-09-01 11:29:15,7950.0,7960.75,Call GEX 5,GEX,157095.264,7553.807271277818,9247.54211091717
2026-09-01 11:29:15,8000.0,8011.0,Put CEX 1,CEX,-3062394.392,7553.807271277818,9247.54211091717
2026-09-01 11:29:15,8000.0,8011.0,Put DEX 1,DEX,-2556.216,7553.807271277818,9247.54211091717
2026-09-01 11:29:15,8000.0,8011.0,Put GEX 4,GEX,-411603.456,7553.807271277818,9247.54211091717
2026-09-01 11:29:15,8000.0,8011.0,Put VEX 1,VEX,-10151664.208,7553.807271277818,9247.54211091717
2026-09-01 11:30:03,7000.0,7009.5,Call CEX 5,CEX,1516057.846,7552.897674061855,9248.08297723258
2026-09-01 11:30:03,7000.0,7009.5,Call DEX 1,DEX,895.304,7552.897674061855,9248.08297723258
2026-09-01 11:30:03,7000.0,7009.5,Put GEX 1,GEX,-693823.074,7552.897674061855,9248.08297723258
2026-09-01 11:30:03,7000.0,7009.5,Call VEX 1,VEX,6885676.757,7552.897674061855,9248.08297723258
2026-09-01 11:30:03,7300.0,7310.0,Call DEX 2,DEX,255.112,7552.897674061855,9248.08297723258
2026-09-01 11:30:03,7300.0,7310.0,Call VEX 5,VEX,1635348.606,7552.897674061855,9248.08297723258
2026-09-01 11:30:03,7400.0,7410.25,Call DEX 4,DEX,196.547,7552.897674061855,9248.08297723258
2026-09-01 11:30:03,7400.0,7410.25,Call VEX 3,VEX,2097494.643,7552.897674061855,9248.08297723258
2026-09-01 11:30:03,7450.0,7460.25,Call DEX 3,DEX,202.764,7552.897674061855,9248.08297723258
2026-09-01 11:30:03,7450.0,7460.25,Call VEX 4,VEX,1839349.186,7552.897674061855,9248.08297723258
2026-09-01 11:30:03,7500.0,7510.25,Call CEX 4,CEX,1579151.716,7552.897674061855,9248.08297723258
2026-09-01 11:30:03,7500.0,7510.25,Call DEX 5,DEX,133.034,7552.897674061855,9248.08297723258
2026-09-01 11:30:03,7500.0,7510.25,Put GEX 2,GEX,-587809.329,7552.897674061855,9248.08297723258
2026-09-01 11:30:03,7500.0,7510.25,Call VEX 2,VEX,2840679.975,7552.897674061855,9248.08297723258
2026-09-01 11:30:03,7515.0,7525.25,Call CEX 3,CEX,1605354.078,7552.897674061855,9248.08297723258
2026-09-01 11:30:03,7550.0,7560.25,Put GEX 5,GEX,-391689.866,7552.897674061855,9248.08297723258
2026-09-01 11:30:03,7600.0,7610.5,Call CEX 1,CEX,2973400.782,7552.897674061855,9248.08297723258
2026-09-01 11:30:03,7610.0,7620.5,Call CEX 2,CEX,1744265.983,7552.897674061855,9248.08297723258
2026-09-01 11:30:03,7625.0,7635.5,Put GEX 3,GEX,-492271.936,7552.897674061855,9248.08297723258
2026-09-01 11:30:03,7640.0,7650.5,Put CEX 2,CEX,-1660219.077,7552.897674061855,9248.08297723258
2026-09-01 11:30:03,7645.0,7655.5,Put CEX 4,CEX,-1110666.369,7552.897674061855,9248.08297723258
2026-09-01 11:30:03,7650.0,7660.5,Put DEX 5,DEX,-56.159,7552.897674061855,9248.08297723258
2026-09-01 11:30:03,7675.0,7685.5,Put CEX 5,CEX,-1072003.607,7552.897674061855,9248.08297723258
2026-09-01 11:30:03,7700.0,7710.5,Put CEX 3,CEX,-1410572.884,7552.897674061855,9248.08297723258
2026-09-01 11:30:03,7700.0,7710.5,Put DEX 2,DEX,-190.072,7552.897674061855,9248.08297723258
2026-09-01 11:30:03,7700.0,7710.5,Put VEX 4,VEX,-986489.123,7552.897674061855,9248.08297723258
2026-09-01 11:30:03,7750.0,7760.75,Put DEX 3,DEX,-89.688,7552.897674061855,9248.08297723258
2026-09-01 11:30:03,7750.0,7760.75,Call GEX 3,GEX,277390.996,7552.897674061855,9248.08297723258
2026-09-01 11:30:03,7750.0,7760.75,Put VEX 3,VEX,-1089192.402,7552.897674061855,9248.08297723258
2026-09-01 11:30:03,7800.0,7810.75,Put DEX 4,DEX,-71.581,7552.897674061855,9248.08297723258
2026-09-01 11:30:03,7800.0,7810.75,Call GEX 1,GEX,498050.523,7552.897674061855,9248.08297723258
2026-09-01 11:30:03,7800.0,7810.75,Put VEX 2,VEX,-1701166.252,7552.897674061855,9248.08297723258
2026-09-01 11:30:03,7850.0,7860.75,Call GEX 4,GEX,264370.272,7552.897674061855,9248.08297723258
2026-09-01 11:30:03,7900.0,7910.75,Call GEX 2,GEX,361723.467,7552.897674061855,9248.08297723258
2026-09-01 11:30:03,7900.0,7910.75,Put VEX 5,VEX,-966360.809,7552.897674061855,9248.08297723258
2026-09-01 11:30:03,7950.0,7961.0,Call GEX 5,GEX,157058.861,7552.897674061855,9248.08297723258
2026-09-01 11:30:03,8000.0,8011.0,Put CEX 1,CEX,-3046536.306,7552.897674061855,9248.08297723258
2026-09-01 11:30:03,8000.0,8011.0,Put DEX 1,DEX,-2537.026,7552.897674061855,9248.08297723258
2026-09-01 11:30:03,8000.0,8011.0,Put GEX 4,GEX,-407349.672,7552.897674061855,9248.08297723258
2026-09-01 11:30:03,8000.0,8011.0,Put VEX 1,VEX,-10134960.574,7552.897674061855,9248.08297723258
2026-09-01 11:30:50,7000.0,7009.5,Call CEX 5,CEX,1502113.004,7553.462993717688,9244.14696925754
2026-09-01 11:30:50,7000.0,7009.5,Call DEX 1,DEX,898.587,7553.462993717688,9244.14696925754
2026-09-01 11:30:50,7000.0,7009.5,Put GEX 1,GEX,-701439.135,7553.462993717688,9244.14696925754
2026-09-01 11:30:50,7000.0,7009.5,Call VEX 1,VEX,6824303.721,7553.462993717688,9244.14696925754
2026-09-01 11:30:50,7300.0,7310.0,Call DEX 2,DEX,255.866,7553.462993717688,9244.14696925754
2026-09-01 11:30:50,7300.0,7310.0,Call VEX 5,VEX,1632191.462,7553.462993717688,9244.14696925754
2026-09-01 11:30:50,7400.0,7410.0,Call DEX 4,DEX,197.783,7553.462993717688,9244.14696925754
2026-09-01 11:30:50,7400.0,7410.0,Call VEX 3,VEX,2097938.671,7553.462993717688,9244.14696925754
2026-09-01 11:30:50,7450.0,7460.25,Call DEX 3,DEX,203.856,7553.462993717688,9244.14696925754
2026-09-01 11:30:50,7450.0,7460.25,Call VEX 4,VEX,1839104.834,7553.462993717688,9244.14696925754
2026-09-01 11:30:50,7500.0,7510.25,Call CEX 4,CEX,1573098.556,7553.462993717688,9244.14696925754
2026-09-01 11:30:50,7500.0,7510.25,Call DEX 5,DEX,134.903,7553.462993717688,9244.14696925754
2026-09-01 11:30:50,7500.0,7510.25,Put GEX 2,GEX,-586096.761,7553.462993717688,9244.14696925754
2026-09-01 11:30:50,7500.0,7510.25,Call VEX 2,VEX,2847687.696,7553.462993717688,9244.14696925754
2026-09-01 11:30:50,7515.0,7525.25,Call CEX 3,CEX,1602697.675,7553.462993717688,9244.14696925754
2026-09-01 11:30:50,7550.0,7560.25,Put GEX 5,GEX,-389109.135,7553.462993717688,9244.14696925754
2026-09-01 11:30:50,7600.0,7610.5,Call CEX 1,CEX,2902394.225,7553.462993717688,9244.14696925754
2026-09-01 11:30:50,7610.0,7620.5,Call CEX 2,CEX,1747696.377,7553.462993717688,9244.14696925754
2026-09-01 11:30:50,7625.0,7635.5,Put GEX 3,GEX,-471240.793,7553.462993717688,9244.14696925754
2026-09-01 11:30:50,7640.0,7650.5,Put CEX 3,CEX,-1665367.571,7553.462993717688,9244.14696925754
2026-09-01 11:30:50,7650.0,7660.5,Put CEX 2,CEX,-2220776.383,7553.462993717688,9244.14696925754
2026-09-01 11:30:50,7650.0,7660.5,Put DEX 4,DEX,-75.518,7553.462993717688,9244.14696925754
2026-09-01 11:30:50,7700.0,7710.5,Put CEX 4,CEX,-1414270.623,7553.462993717688,9244.14696925754
2026-09-01 11:30:50,7700.0,7710.5,Put DEX 2,DEX,-188.064,7553.462993717688,9244.14696925754
2026-09-01 11:30:50,7700.0,7710.5,Put VEX 4,VEX,-973655.026,7553.462993717688,9244.14696925754
2026-09-01 11:30:50,7750.0,7760.5,Put CEX 5,CEX,-1331030.47,7553.462993717688,9244.14696925754
2026-09-01 11:30:50,7750.0,7760.5,Put DEX 3,DEX,-88.432,7553.462993717688,9244.14696925754
2026-09-01 11:30:50,7750.0,7760.5,Call GEX 3,GEX,281468.573,7553.462993717688,9244.14696925754
2026-09-01 11:30:50,7750.0,7760.5,Put VEX 3,VEX,-1091837.052,7553.462993717688,9244.14696925754
2026-09-01 11:30:50,7800.0,7810.75,Put DEX 5,DEX,-70.502,7553.462993717688,9244.14696925754
2026-09-01 11:30:50,7800.0,7810.75,Call GEX 1,GEX,499569.004,7553.462993717688,9244.14696925754
2026-09-01 11:30:50,7800.0,7810.75,Put VEX 2,VEX,-1700402.882,7553.462993717688,9244.14696925754
2026-09-01 11:30:50,7850.0,7860.75,Call GEX 4,GEX,266121.402,7553.462993717688,9244.14696925754
2026-09-01 11:30:50,7900.0,7910.75,Call GEX 2,GEX,363103.653,7553.462993717688,9244.14696925754
2026-09-01 11:30:50,7900.0,7910.75,Put VEX 5,VEX,-966908.339,7553.462993717688,9244.14696925754
2026-09-01 11:30:50,7950.0,7960.75,Call GEX 5,GEX,157704.64,7553.462993717688,9244.14696925754
2026-09-01 11:30:50,8000.0,8011.0,Put CEX 1,CEX,-3072052.218,7553.462993717688,9244.14696925754
2026-09-01 11:30:50,8000.0,8011.0,Put DEX 1,DEX,-2554.666,7553.462993717688,9244.14696925754
2026-09-01 11:30:50,8000.0,8011.0,Put GEX 4,GEX,-413104.943,7553.462993717688,9244.14696925754
2026-09-01 11:30:50,8000.0,8011.0,Put VEX 1,VEX,-10161271.99,7553.462993717688,9244.14696925754
2026-09-01 11:31:41,7000.0,7009.5,Call CEX 5,CEX,1512114.063,7569.367246919589,9243.101786922303
2026-09-01 11:31:41,7000.0,7009.5,Call DEX 1,DEX,896.155,7569.367246919589,9243.101786922303
2026-09-01 11:31:41,7000.0,7009.5,Put GEX 1,GEX,-701408.619,7569.367246919589,9243.101786922303
2026-09-01 11:31:41,7000.0,7009.5,Call VEX 1,VEX,6856345.563,7569.367246919589,9243.101786922303
2026-09-01 11:31:41,7300.0,7310.0,Call DEX 2,DEX,254.468,7569.367246919589,9243.101786922303
2026-09-01 11:31:41,7300.0,7310.0,Call VEX 5,VEX,1639675.789,7569.367246919589,9243.101786922303
2026-09-01 11:31:41,7400.0,7410.0,Call DEX 4,DEX,195.693,7569.367246919589,9243.101786922303
2026-09-01 11:31:41,7400.0,7410.0,Call VEX 3,VEX,2095685.789,7569.367246919589,9243.101786922303
2026-09-01 11:31:41,7450.0,7460.0,Call DEX 3,DEX,202.298,7569.367246919589,9243.101786922303
2026-09-01 11:31:41,7450.0,7460.0,Call VEX 4,VEX,1831482.008,7569.367246919589,9243.101786922303
2026-09-01 11:31:41,7500.0,7510.25,Call CEX 4,CEX,1554535.832,7569.367246919589,9243.101786922303
2026-09-01 11:31:41,7500.0,7510.25,Call DEX 5,DEX,131.213,7569.367246919589,9243.101786922303
2026-09-01 11:31:41,7500.0,7510.25,Put GEX 2,GEX,-589929.336,7569.367246919589,9243.101786922303
2026-09-01 11:31:41,7500.0,7510.25,Call VEX 2,VEX,2831704.022,7569.367246919589,9243.101786922303
2026-09-01 11:31:41,7515.0,7525.25,Call CEX 3,CEX,1613224.165,7569.367246919589,9243.101786922303
2026-09-01 11:31:41,7550.0,7560.25,Put GEX 5,GEX,-391168.733,7569.367246919589,9243.101786922303
2026-09-01 11:31:41,7600.0,7610.25,Call CEX 1,CEX,2971692.78,7569.367246919589,9243.101786922303
2026-09-01 11:31:41,7610.0,7620.25,Call CEX 2,CEX,1766190.635,7569.367246919589,9243.101786922303
2026-09-01 11:31:41,7625.0,7635.25,Put GEX 3,GEX,-455761.677,7569.367246919589,9243.101786922303
2026-09-01 11:31:41,7640.0,7650.5,Put CEX 5,CEX,-1670113.731,7569.367246919589,9243.101786922303
2026-09-01 11:31:41,7650.0,7660.5,Put CEX 2,CEX,-2668690.206,7569.367246919589,9243.101786922303
2026-09-01 11:31:41,7650.0,7660.5,Put DEX 4,DEX,-76.15,7569.367246919589,9243.101786922303
2026-09-01 11:31:41,7675.0,7685.5,Put CEX 4,CEX,-1769488.938,7569.367246919589,9243.101786922303
2026-09-01 11:31:41,7700.0,7710.5,Put CEX 3,CEX,-1809116.586,7569.367246919589,9243.101786922303
2026-09-01 11:31:41,7700.0,7710.5,Put DEX 2,DEX,-203.146,7569.367246919589,9243.101786922303
2026-09-01 11:31:41,7700.0,7710.5,Put VEX 4,VEX,-995776.084,7569.367246919589,9243.101786922303
2026-09-01 11:31:41,7750.0,7760.5,Put DEX 3,DEX,-95.713,7569.367246919589,9243.101786922303
2026-09-01 11:31:41,7750.0,7760.5,Call GEX 3,GEX,277393.134,7569.367246919589,9243.101786922303
2026-09-01 11:31:41,7750.0,7760.5,Put VEX 3,VEX,-1100063.736,7569.367246919589,9243.101786922303
2026-09-01 11:31:41,7800.0,7810.5,Put DEX 5,DEX,-73.899,7569.367246919589,9243.101786922303
2026-09-01 11:31:41,7800.0,7810.5,Call GEX 1,GEX,497189.514,7569.367246919589,9243.101786922303
2026-09-01 11:31:41,7800.0,7810.5,Put VEX 2,VEX,-1703197.56,7569.367246919589,9243.101786922303
2026-09-01 11:31:41,7850.0,7860.75,Call GEX 4,GEX,264162.526,7569.367246919589,9243.101786922303
2026-09-01 11:31:41,7900.0,7910.75,Call GEX 2,GEX,360716.08,7569.367246919589,9243.101786922303
2026-09-01 11:31:41,7900.0,7910.75,Put VEX 5,VEX,-966550.839,7569.367246919589,9243.101786922303
2026-09-01 11:31:41,7950.0,7960.75,Call GEX 5,GEX,156852.731,7569.367246919589,9243.101786922303
2026-09-01 11:31:41,8000.0,8010.75,Put CEX 1,CEX,-3064695.713,7569.367246919589,9243.101786922303
2026-09-01 11:31:41,8000.0,8010.75,Put DEX 1,DEX,-2554.989,7569.367246919589,9243.101786922303
2026-09-01 11:31:41,8000.0,8010.75,Put GEX 4,GEX,-414039.328,7569.367246919589,9243.101786922303
2026-09-01 11:31:41,8000.0,8010.75,Put VEX 1,VEX,-10158887.133,7569.367246919589,9243.101786922303
2026-09-01 11:32:29,7000.0,7009.75,Call DEX 1,DEX,899.112,7554.04464177457,9243.195759682309
2026-09-01 11:32:29,7000.0,7009.75,Put GEX 1,GEX,-701905.403,7554.04464177457,9243.195759682309
2026-09-01 11:32:29,7000.0,7009.75,Call VEX 1,VEX,6888285.817,7554.04464177457,9243.195759682309
2026-09-01 11:32:29,7300.0,7310.25,Call DEX 2,DEX,253.37,7554.04464177457,9243.195759682309
2026-09-01 11:32:29,7300.0,7310.25,Call VEX 5,VEX,1644149.908,7554.04464177457,9243.195759682309
2026-09-01 11:32:29,7400.0,7410.25,Call DEX 4,DEX,194.021,7554.04464177457,9243.195759682309
2026-09-01 11:32:29,7400.0,7410.25,Call VEX 3,VEX,2094921.886,7554.04464177457,9243.195759682309
2026-09-01 11:32:29,7450.0,7460.5,Call DEX 3,DEX,199.757,7554.04464177457,9243.195759682309
2026-09-01 11:32:29,7450.0,7460.5,Call VEX 4,VEX,1832411.9,7554.04464177457,9243.195759682309
2026-09-01 11:32:29,7500.0,7510.5,Call CEX 5,CEX,1591356.474,7554.04464177457,9243.195759682309
2026-09-01 11:32:29,7500.0,7510.5,Call DEX 5,DEX,127.746,7554.04464177457,9243.195759682309
2026-09-01 11:32:29,7500.0,7510.5,Put GEX 2,GEX,-594297.06,7554.04464177457,9243.195759682309
2026-09-01 11:32:29,7500.0,7510.5,Call VEX 2,VEX,2819526.225,7554.04464177457,9243.195759682309
2026-09-01 11:32:29,7515.0,7525.5,Call CEX 3,CEX,1634663.253,7554.04464177457,9243.195759682309
2026-09-01 11:32:29,7525.0,7535.5,Call CEX 4,CEX,1604689.284,7554.04464177457,9243.195759682309
2026-09-01 11:32:29,7550.0,7560.5,Put GEX 5,GEX,-396838.772,7554.04464177457,9243.195759682309
2026-09-01 11:32:29,7600.0,7610.75,Call CEX 1,CEX,3114345.742,7554.04464177457,9243.195759682309
2026-09-01 11:32:29,7610.0,7620.75,Call CEX 2,CEX,1765526.157,7554.04464177457,9243.195759682309
2026-09-01 11:32:29,7625.0,7635.75,Put GEX 3,GEX,-485558.157,7554.04464177457,9243.195759682309
2026-09-01 11:32:29,7635.0,7645.75,Put CEX 5,CEX,-1093386.987,7554.04464177457,9243.195759682309
2026-09-01 11:32:29,7640.0,7650.75,Put CEX 2,CEX,-1643322.211,7554.04464177457,9243.195759682309
2026-09-01 11:32:29,7650.0,7660.75,Put DEX 5,DEX,-58.2,7554.04464177457,9243.195759682309
2026-09-01 11:32:29,7700.0,7710.75,Put CEX 3,CEX,-1416911.447,7554.04464177457,9243.195759682309
2026-09-01 11:32:29,7700.0,7710.75,Put DEX 2,DEX,-193.451,7554.04464177457,9243.195759682309
2026-09-01 11:32:29,7700.0,7710.75,Put VEX 4,VEX,-1009070.342,7554.04464177457,9243.195759682309
2026-09-01 11:32:29,7750.0,7760.75,Put CEX 4,CEX,-1210327.06,7554.04464177457,9243.195759682309
2026-09-01 11:32:29,7750.0,7760.75,Put DEX 3,DEX,-91.272,7554.04464177457,9243.195759682309
2026-09-01 11:32:29,7750.0,7760.75,Call GEX 3,GEX,273669.504,7554.04464177457,9243.195759682309
2026-09-01 11:32:29,7750.0,7760.75,Put VEX 3,VEX,-1101893.519,7554.04464177457,9243.195759682309
2026-09-01 11:32:29,7800.0,7811.0,Put DEX 4,DEX,-73.379,7554.04464177457,9243.195759682309
2026-09-01 11:32:29,7800.0,7811.0,Call GEX 1,GEX,492861.807,7554.04464177457,9243.195759682309
2026-09-01 11:32:29,7800.0,7811.0,Put VEX 2,VEX,-1705200.568,7554.04464177457,9243.195759682309
2026-09-01 11:32:29,7850.0,7861.0,Call GEX 4,GEX,262001.811,7554.04464177457,9243.195759682309
2026-09-01 11:32:29,7900.0,7911.0,Call GEX 2,GEX,357977.985,7554.04464177457,9243.195759682309
2026-09-01 11:32:29,7900.0,7911.0,Put VEX 5,VEX,-964191.66,7554.04464177457,9243.195759682309
2026-09-01 11:32:29,7950.0,7961.0,Call GEX 5,GEX,155837.196,7554.04464177457,9243.195759682309
2026-09-01 11:32:29,8000.0,8011.25,Put CEX 1,CEX,-3040567.412,7554.04464177457,9243.195759682309
2026-09-01 11:32:29,8000.0,8011.25,Put DEX 1,DEX,-2565.368,7554.04464177457,9243.195759682309
2026-09-01 11:32:29,8000.0,8011.25,Put GEX 4,GEX,-402579.855,7554.04464177457,9243.195759682309
2026-09-01 11:32:29,8000.0,8011.25,Put VEX 1,VEX,-10110208.952,7554.04464177457,9243.195759682309
2026-09-01 11:33:17,7000.0,7009.75,Call CEX 5,CEX,1488849.321,7567.574295159756,9239.783025099076
2026-09-01 11:33:17,7000.0,7009.75,Call DEX 1,DEX,864.123,7567.574295159756,9239.783025099076
2026-09-01 11:33:17,7000.0,7009.75,Put GEX 1,GEX,-711249.569,7567.574295159756,9239.783025099076
2026-09-01 11:33:17,7000.0,7009.75,Call VEX 1,VEX,6790563.464,7567.574295159756,9239.783025099076
2026-09-01 11:33:17,7300.0,7310.25,Call DEX 2,DEX,254.25,7567.574295159756,9239.783025099076
2026-09-01 11:33:17,7300.0,7310.25,Call VEX 5,VEX,1640439.278,7567.574295159756,9239.783025099076
2026-09-01 11:33:17,7400.0,7410.25,Call DEX 4,DEX,195.447,7567.574295159756,9239.783025099076
2026-09-01 11:33:17,7400.0,7410.25,Call VEX 3,VEX,2096139.302,7567.574295159756,9239.783025099076
2026-09-01 11:33:17,7450.0,7460.5,Call DEX 3,DEX,201.996,7567.574295159756,9239.783025099076
2026-09-01 11:33:17,7450.0,7460.5,Call VEX 4,VEX,1830672.838,7567.574295159756,9239.783025099076
2026-09-01 11:33:17,7500.0,7510.5,Call CEX 4,CEX,1563130.532,7567.574295159756,9239.783025099076
2026-09-01 11:33:17,7500.0,7510.5,Call DEX 5,DEX,131.369,7567.574295159756,9239.783025099076
2026-09-01 11:33:17,7500.0,7510.5,Put GEX 2,GEX,-588861.867,7567.574295159756,9239.783025099076
2026-09-01 11:33:17,7500.0,7510.5,Call VEX 2,VEX,2833618.47,7567.574295159756,9239.783025099076
2026-09-01 11:33:17,7515.0,7525.5,Call CEX 3,CEX,1624867.743,7567.574295159756,9239.783025099076
2026-09-01 11:33:17,7550.0,7560.5,Put GEX 5,GEX,-391701.461,7567.574295159756,9239.783025099076
2026-09-01 11:33:17,7600.0,7610.5,Call CEX 1,CEX,2967449.327,7567.574295159756,9239.783025099076
2026-09-01 11:33:17,7610.0,7620.75,Call CEX 2,CEX,1782100.563,7567.574295159756,9239.783025099076
2026-09-01 11:33:17,7625.0,7635.75,Put GEX 3,GEX,-463213.464,7567.574295159756,9239.783025099076
2026-09-01 11:33:17,7640.0,7650.75,Put CEX 3,CEX,-1692950.139,7567.574295159756,9239.783025099076
2026-09-01 11:33:17,7650.0,7660.75,Put CEX 2,CEX,-2603757.069,7567.574295159756,9239.783025099076
2026-09-01 11:33:17,7650.0,7660.75,Put DEX 4,DEX,-76.382,7567.574295159756,9239.783025099076
2026-09-01 11:33:17,7675.0,7685.75,Put CEX 4,CEX,-1630194.811,7567.574295159756,9239.783025099076
2026-09-01 11:33:17,7700.0,7710.75,Put CEX 5,CEX,-1604002.145,7567.574295159756,9239.783025099076
2026-09-01 11:33:17,7700.0,7710.75,Put DEX 2,DEX,-203.287,7567.574295159756,9239.783025099076
2026-09-01 11:33:17,7700.0,7710.75,Put VEX 4,VEX,-992217.232,7567.574295159756,9239.783025099076
2026-09-01 11:33:17,7750.0,7760.75,Put DEX 3,DEX,-95.652,7567.574295159756,9239.783025099076
2026-09-01 11:33:17,7750.0,7760.75,Call GEX 3,GEX,273591.594,7567.574295159756,9239.783025099076
2026-09-01 11:33:17,7750.0,7760.75,Put VEX 3,VEX,-1100311.567,7567.574295159756,9239.783025099076
2026-09-01 11:33:17,7800.0,7811.0,Put DEX 5,DEX,-74.048,7567.574295159756,9239.783025099076
2026-09-01 11:33:17,7800.0,7811.0,Call GEX 1,GEX,496115.193,7567.574295159756,9239.783025099076
2026-09-01 11:33:17,7800.0,7811.0,Put VEX 2,VEX,-1705347.668,7567.574295159756,9239.783025099076
2026-09-01 11:33:17,7850.0,7861.0,Call GEX 4,GEX,264062.696,7567.574295159756,9239.783025099076
2026-09-01 11:33:17,7900.0,7911.0,Call GEX 2,GEX,360588.293,7567.574295159756,9239.783025099076
2026-09-01 11:33:17,7900.0,7911.0,Put VEX 5,VEX,-967142.141,7567.574295159756,9239.783025099076
2026-09-01 11:33:17,7950.0,7961.0,Call GEX 5,GEX,156876.299,7567.574295159756,9239.783025099076
2026-09-01 11:33:17,8000.0,8011.25,Put CEX 1,CEX,-3076641.922,7567.574295159756,9239.783025099076
2026-09-01 11:33:17,8000.0,8011.25,Put DEX 1,DEX,-2553.476,7567.574295159756,9239.783025099076
2026-09-01 11:33:17,8000.0,8011.25,Put GEX 4,GEX,-415479.556,7567.574295159756,9239.783025099076
2026-09-01 11:33:17,8000.0,8011.25,Put VEX 1,VEX,-10166496.841,7567.574295159756,9239.783025099076
2026-09-01 11:34:05,7000.0,7009.5,Call CEX 5,CEX,1519462.886,7554.307897607918,9245.881416043014
2026-09-01 11:34:05,7000.0,7009.5,Call DEX 1,DEX,897.871,7554.307897607918,9245.881416043014
2026-09-01 11:34:05,7000.0,7009.5,Put GEX 1,GEX,-701340.14,7554.307897607918,9245.881416043014
2026-09-01 11:34:05,7000.0,7009.5,Call VEX 1,VEX,6905518.126,7554.307897607918,9245.881416043014
2026-09-01 11:34:05,7300.0,7310.0,Call DEX 2,DEX,252.846,7554.307897607918,9245.881416043014
2026-09-01 11:34:05,7300.0,7310.0,Call VEX 5,VEX,1645500.8,7554.307897607918,9245.881416043014
2026-09-01 11:34:05,7400.0,7410.0,Call DEX 4,DEX,193.302,7554.307897607918,9245.881416043014
2026-09-01 11:34:05,7400.0,7410.0,Call VEX 3,VEX,2093395.413,7554.307897607918,9245.881416043014
2026-09-01 11:34:05,7450.0,7460.25,Call DEX 3,DEX,198.971,7554.307897607918,9245.881416043014
2026-09-01 11:34:05,7450.0,7460.25,Call VEX 4,VEX,1830691.131,7554.307897607918,9245.881416043014
2026-09-01 11:34:05,7500.0,7510.25,Call CEX 4,CEX,1592971.421,7554.307897607918,9245.881416043014
2026-09-01 11:34:05,7500.0,7510.25,Call DEX 5,DEX,125.649,7554.307897607918,9245.881416043014
2026-09-01 11:34:05,7500.0,7510.25,Put GEX 2,GEX,-593733.555,7554.307897607918,9245.881416043014
2026-09-01 11:34:05,7500.0,7510.25,Call VEX 2,VEX,2810370.744,7554.307897607918,9245.881416043014
2026-09-01 11:34:05,7515.0,7525.25,Call CEX 3,CEX,1654465.136,7554.307897607918,9245.881416043014
2026-09-01 11:34:05,7550.0,7560.25,Put GEX 5,GEX,-397228.76,7554.307897607918,9245.881416043014
2026-09-01 11:34:05,7600.0,7610.5,Call CEX 1,CEX,3175037.233,7554.307897607918,9245.881416043014
2026-09-01 11:34:05,7610.0,7620.5,Call CEX 2,CEX,1771835.85,7554.307897607918,9245.881416043014
2026-09-01 11:34:05,7625.0,7635.5,Put GEX 3,GEX,-486162.931,7554.307897607918,9245.881416043014
2026-09-01 11:34:05,7635.0,7645.5,Put CEX 4,CEX,-1138542.509,7554.307897607918,9245.881416043014
2026-09-01 11:34:05,7640.0,7650.5,Put CEX 2,CEX,-1661549.715,7554.307897607918,9245.881416043014
2026-09-01 11:34:05,7645.0,7655.5,Put CEX 5,CEX,-1129439.504,7554.307897607918,9245.881416043014
2026-09-01 11:34:05,7650.0,7660.5,Put DEX 5,DEX,-59.264,7554.307897607918,9245.881416043014
2026-09-01 11:34:05,7700.0,7710.5,Put CEX 3,CEX,-1421636.341,7554.307897607918,9245.881416043014
2026-09-01 11:34:05,7700.0,7710.5,Put DEX 2,DEX,-195.23,7554.307897607918,9245.881416043014
2026-09-01 11:34:05,7700.0,7710.5,Put VEX 4,VEX,-1021109.878,7554.307897607918,9245.881416043014
2026-09-01 11:34:05,7750.0,7760.5,Put DEX 3,DEX,-92.599,7554.307897607918,9245.881416043014
2026-09-01 11:34:05,7750.0,7760.5,Call GEX 3,GEX,274103.52,7554.307897607918,9245.881416043014
2026-09-01 11:34:05,7750.0,7760.5,Put VEX 3,VEX,-1101491.886,7554.307897607918,9245.881416043014
2026-09-01 11:34:05,7800.0,7810.75,Put DEX 4,DEX,-74.257,7554.307897607918,9245.881416043014
2026-09-01 11:34:05,7800.0,7810.75,Call GEX 1,GEX,491188.471,7554.307897607918,9245.881416043014
2026-09-01 11:34:05,7800.0,7810.75,Put VEX 2,VEX,-1709755.064,7554.307897607918,9245.881416043014
2026-09-01 11:34:05,7850.0,7860.75,Call GEX 4,GEX,261193.026,7554.307897607918,9245.881416043014
2026-09-01 11:34:05,7900.0,7910.75,Call GEX 2,GEX,357132.461,7554.307897607918,9245.881416043014
2026-09-01 11:34:05,7900.0,7910.75,Put VEX 5,VEX,-963233.466,7554.307897607918,9245.881416043014
2026-09-01 11:34:05,7950.0,7960.75,Call GEX 5,GEX,155323.217,7554.307897607918,9245.881416043014
2026-09-01 11:34:05,8000.0,8011.0,Put CEX 1,CEX,-3055851.348,7554.307897607918,9245.881416043014
2026-09-01 11:34:05,8000.0,8011.0,Put DEX 1,DEX,-2559.004,7554.307897607918,9245.881416043014
2026-09-01 11:34:05,8000.0,8011.0,Put GEX 4,GEX,-413122.559,7554.307897607918,9245.881416043014
2026-09-01 11:34:05,8000.0,8011.0,Put VEX 1,VEX,-10143001.926,7554.307897607918,9245.881416043014
2026-09-01 11:34:52,7000.0,7009.5,Call DEX 1,DEX,893.982,7568.643195820978,9245.840919182032
2026-09-01 11:34:52,7000.0,7009.5,Put GEX 1,GEX,-708068.154,7568.643195820978,9245.840919182032
2026-09-01 11:34:52,7000.0,7009.5,Call VEX 1,VEX,6949163.823,7568.643195820978,9245.840919182032
2026-09-01 11:34:52,7200.0,7209.75,Call DEX 5,DEX,123.336,7568.643195820978,9245.840919182032
2026-09-01 11:34:52,7300.0,7309.75,Call DEX 2,DEX,251.923,7568.643195820978,9245.840919182032
2026-09-01 11:34:52,7300.0,7309.75,Call VEX 5,VEX,1644627.961,7568.643195820978,9245.840919182032
2026-09-01 11:34:52,7400.0,7410.0,Call DEX 4,DEX,191.088,7568.643195820978,9245.840919182032
2026-09-01 11:34:52,7400.0,7410.0,Call VEX 3,VEX,2089834.749,7568.643195820978,9245.840919182032
2026-09-01 11:34:52,7450.0,7460.0,Call DEX 3,DEX,196.552,7568.643195820978,9245.840919182032
2026-09-01 11:34:52,7450.0,7460.0,Call VEX 4,VEX,1821764.2,7568.643195820978,9245.840919182032
2026-09-01 11:34:52,7500.0,7510.0,Call CEX 5,CEX,1582815.688,7568.643195820978,9245.840919182032
2026-09-01 11:34:52,7500.0,7510.0,Put GEX 2,GEX,-597145.765,7568.643195820978,9245.840919182032
2026-09-01 11:34:52,7500.0,7510.0,Call VEX 2,VEX,2787674.185,7568.643195820978,9245.840919182032
2026-09-01 11:34:52,7515.0,7525.25,Call CEX 3,CEX,1670734.863,7568.643195820978,9245.840919182032
2026-09-01 11:34:52,7525.0,7535.25,Call CEX 4,CEX,1630264.918,7568.643195820978,9245.840919182032
2026-09-01 11:34:52,7550.0,7560.25,Put GEX 5,GEX,-399747.895,7568.643195820978,9245.840919182032
2026-09-01 11:34:52,7600.0,7610.25,Call CEX 1,CEX,3308837.989,7568.643195820978,9245.840919182032
2026-09-01 11:34:52,7610.0,7620.25,Call CEX 2,CEX,1697303.7,7568.643195820978,9245.840919182032
2026-09-01 11:34:52,7625.0,7635.25,Put GEX 3,GEX,-445497.776,7568.643195820978,9245.840919182032
2026-09-01 11:34:52,7630.0,7640.25,Put CEX 5,CEX,-1357766.238,7568.643195820978,9245.840919182032
2026-09-01 11:34:52,7640.0,7650.25,Put CEX 3,CEX,-1691316.392,7568.643195820978,9245.840919182032
2026-09-01 11:34:52,7650.0,7660.25,Put CEX 2,CEX,-2387751.968,7568.643195820978,9245.840919182032
2026-09-01 11:34:52,7650.0,7660.25,Put DEX 4,DEX,-81.689,7568.643195820978,9245.840919182032
2026-09-01 11:34:52,7700.0,7710.5,Put CEX 4,CEX,-1425012.535,7568.643195820978,9245.840919182032
2026-09-01 11:34:52,7700.0,7710.5,Put DEX 2,DEX,-198.635,7568.643195820978,9245.840919182032
2026-09-01 11:34:52,7700.0,7710.5,Put VEX 4,VEX,-1045031.268,7568.643195820978,9245.840919182032
2026-09-01 11:34:52,7750.0,7760.5,Put DEX 3,DEX,-100.237,7568.643195820978,9245.840919182032
2026-09-01 11:34:52,7750.0,7760.5,Call GEX 3,GEX,268614.431,7568.643195820978,9245.840919182032
2026-09-01 11:34:52,7750.0,7760.5,Put VEX 3,VEX,-1112316.958,7568.643195820978,9245.840919182032
2026-09-01 11:34:52,7800.0,7810.5,Put DEX 5,DEX,-78.318,7568.643195820978,9245.840919182032
2026-09-01 11:34:52,7800.0,7810.5,Call GEX 1,GEX,486203.192,7568.643195820978,9245.840919182032
2026-09-01 11:34:52,7800.0,7810.5,Put VEX 2,VEX,-1712016.611,7568.643195820978,9245.840919182032
2026-09-01 11:34:52,7850.0,7860.5,Call GEX 4,GEX,259084.909,7568.643195820978,9245.840919182032
2026-09-01 11:34:52,7900.0,7910.75,Call GEX 2,GEX,354200.316,7568.643195820978,9245.840919182032
2026-09-01 11:34:52,7900.0,7910.75,Put VEX 5,VEX,-962332.354,7568.643195820978,9245.840919182032
2026-09-01 11:34:52,7950.0,7960.75,Call GEX 5,GEX,154139.041,7568.643195820978,9245.840919182032
2026-09-01 11:34:52,8000.0,8010.75,Put CEX 1,CEX,-3056798.853,7568.643195820978,9245.840919182032
2026-09-01 11:34:52,8000.0,8010.75,Put DEX 1,DEX,-2559.328,7568.643195820978,9245.840919182032
2026-09-01 11:34:52,8000.0,8010.75,Put GEX 4,GEX,-416792.081,7568.643195820978,9245.840919182032
2026-09-01 11:34:52,8000.0,8010.75,Put VEX 1,VEX,-10146553.133,7568.643195820978,9245.840919182032
2026-09-01 11:35:40,7000.0,7009.75,Call DEX 1,DEX,891.625,7554.942591908932,9242.651553954694
2026-09-01 11:35:40,7000.0,7009.75,Put GEX 1,GEX,-700925.641,7554.942591908932,9242.651553954694
2026-09-01 11:35:40,7000.0,7009.75,Call VEX 1,VEX,6995458.362,7554.942591908932,9242.651553954694
2026-09-01 11:35:40,7200.0,7210.0,Call DEX 5,DEX,122.201,7554.942591908932,9242.651553954694
2026-09-01 11:35:40,7300.0,7310.0,Call DEX 2,DEX,250.702,7554.942591908932,9242.651553954694
2026-09-01 11:35:40,7300.0,7310.0,Call VEX 5,VEX,1654966.206,7554.942591908932,9242.651553954694
2026-09-01 11:35:40,7400.0,7410.25,Call DEX 4,DEX,190.49,7554.942591908932,9242.651553954694
2026-09-01 11:35:40,7400.0,7410.25,Call VEX 3,VEX,2090373.84,7554.942591908932,9242.651553954694
2026-09-01 11:35:40,7450.0,7460.25,Call DEX 3,DEX,196.092,7554.942591908932,9242.651553954694
2026-09-01 11:35:40,7450.0,7460.25,Call VEX 4,VEX,1821716.6,7554.942591908932,9242.651553954694
2026-09-01 11:35:40,7500.0,7510.5,Call CEX 4,CEX,1594769.963,7554.942591908932,9242.651553954694
2026-09-01 11:35:40,7500.0,7510.5,Put GEX 2,GEX,-596981.914,7554.942591908932,9242.651553954694
2026-09-01 11:35:40,7500.0,7510.5,Call VEX 2,VEX,2790167.607,7554.942591908932,9242.651553954694
2026-09-01 11:35:40,7515.0,7525.5,Call CEX 3,CEX,1676231.374,7554.942591908932,9242.651553954694
2026-09-01 11:35:40,7550.0,7560.5,Put GEX 5,GEX,-400623.929,7554.942591908932,9242.651553954694
2026-09-01 11:35:40,7600.0,7610.5,Call CEX 1,CEX,3247963.481,7554.942591908932,9242.651553954694
2026-09-01 11:35:40,7605.0,7615.5,Call CEX 5,CEX,1541231.776,7554.942591908932,9242.651553954694
2026-09-01 11:35:40,7610.0,7620.5,Call CEX 2,CEX,1750384.526,7554.942591908932,9242.651553954694
2026-09-01 11:35:40,7625.0,7635.5,Put GEX 3,GEX,-470819.054,7554.942591908932,9242.651553954694
2026-09-01 11:35:40,7630.0,7640.5,Put CEX 4,CEX,-1313006.954,7554.942591908932,9242.651553954694
2026-09-01 11:35:40,7635.0,7645.5,Put CEX 5,CEX,-1182689.617,7554.942591908932,9242.651553954694
2026-09-01 11:35:40,7640.0,7650.5,Put CEX 2,CEX,-1639123.452,7554.942591908932,9242.651553954694
2026-09-01 11:35:40,7650.0,7660.5,Put DEX 5,DEX,-60.792,7554.942591908932,9242.651553954694
2026-09-01 11:35:40,7700.0,7710.75,Put CEX 3,CEX,-1419799.699,7554.942591908932,9242.651553954694
2026-09-01 11:35:40,7700.0,7710.75,Put DEX 2,DEX,-197.659,7554.942591908932,9242.651553954694
2026-09-01 11:35:40,7700.0,7710.75,Put VEX 4,VEX,-1036015.965,7554.942591908932,9242.651553954694
2026-09-01 11:35:40,7750.0,7760.75,Put DEX 3,DEX,-93.137,7554.942591908932,9242.651553954694
2026-09-01 11:35:40,7750.0,7760.75,Call GEX 3,GEX,269859.568,7554.942591908932,9242.651553954694
2026-09-01 11:35:40,7750.0,7760.75,Put VEX 3,VEX,-1107363.315,7554.942591908932,9242.651553954694
2026-09-01 11:35:40,7800.0,7810.75,Put DEX 4,DEX,-75.006,7554.942591908932,9242.651553954694
2026-09-01 11:35:40,7800.0,7810.75,Call GEX 1,GEX,486695.074,7554.942591908932,9242.651553954694
2026-09-01 11:35:40,7800.0,7810.75,Put VEX 2,VEX,-1710528.912,7554.942591908932,9242.651553954694
2026-09-01 11:35:40,7850.0,7860.75,Call GEX 4,GEX,259668.393,7554.942591908932,9242.651553954694
2026-09-01 11:35:40,7900.0,7911.0,Call GEX 2,GEX,354656.433,7554.942591908932,9242.651553954694
2026-09-01 11:35:40,7900.0,7911.0,Put VEX 5,VEX,-963737.548,7554.942591908932,9242.651553954694
2026-09-01 11:35:40,7950.0,7961.0,Call GEX 5,GEX,154394.444,7554.942591908932,9242.651553954694
2026-09-01 11:35:40,8000.0,8011.0,Put CEX 1,CEX,-3034036.008,7554.942591908932,9242.651553954694
2026-09-01 11:35:40,8000.0,8011.0,Put DEX 1,DEX,-2567.328,7554.942591908932,9242.651553954694
2026-09-01 11:35:40,8000.0,8011.0,Put GEX 4,GEX,-412287.247,7554.942591908932,9242.651553954694
2026-09-01 11:35:40,8000.0,8011.0,Put VEX 1,VEX,-10095097.968,7554.942591908932,9242.651553954694
2026-09-01 11:36:28,7000.0,7009.75,Call CEX 5,CEX,1537763.555,7557.708959306847,9240.714230192292
2026-09-01 11:36:28,7000.0,7009.75,Call DEX 1,DEX,890.743,7557.708959306847,9240.714230192292
2026-09-01 11:36:28,7000.0,7009.75,Put GEX 1,GEX,-697107.123,7557.708959306847,9240.714230192292
2026-09-01 11:36:28,7000.0,7009.75,Call VEX 1,VEX,7015732.665,7557.708959306847,9240.714230192292
2026-09-01 11:36:28,7300.0,7310.0,Call DEX 2,DEX,250.918,7557.708959306847,9240.714230192292
2026-09-01 11:36:28,7300.0,7310.0,Call VEX 5,VEX,1654948.803,7557.708959306847,9240.714230192292
2026-09-01 11:36:28,7400.0,7410.25,Call DEX 4,DEX,191.321,7557.708959306847,9240.714230192292
2026-09-01 11:36:28,7400.0,7410.25,Call VEX 3,VEX,2091261.722,7557.708959306847,9240.714230192292
2026-09-01 11:36:28,7450.0,7460.25,Call DEX 3,DEX,196.953,7557.708959306847,9240.714230192292
2026-09-01 11:36:28,7450.0,7460.25,Call VEX 4,VEX,1823923.539,7557.708959306847,9240.714230192292
2026-09-01 11:36:28,7500.0,7510.5,Call CEX 4,CEX,1604860.736,7557.708959306847,9240.714230192292
2026-09-01 11:36:28,7500.0,7510.5,Call DEX 5,DEX,122.447,7557.708959306847,9240.714230192292
2026-09-01 11:36:28,7500.0,7510.5,Put GEX 2,GEX,-595980.008,7557.708959306847,9240.714230192292
2026-09-01 11:36:28,7500.0,7510.5,Call VEX 2,VEX,2796257.06,7557.708959306847,9240.714230192292
2026-09-01 11:36:28,7515.0,7525.5,Call CEX 3,CEX,1679906.026,7557.708959306847,9240.714230192292
2026-09-01 11:36:28,7550.0,7560.5,Put GEX 5,GEX,-400639.275,7557.708959306847,9240.714230192292
2026-09-01 11:36:28,7600.0,7610.5,Call CEX 1,CEX,3198596.255,7557.708959306847,9240.714230192292
2026-09-01 11:36:28,7610.0,7620.5,Call CEX 2,CEX,1786241.932,7557.708959306847,9240.714230192292
2026-09-01 11:36:28,7625.0,7635.5,Put GEX 3,GEX,-491137.615,7557.708959306847,9240.714230192292
2026-09-01 11:36:28,7630.0,7640.5,Put CEX 4,CEX,-1275519.109,7557.708959306847,9240.714230192292
2026-09-01 11:36:28,7635.0,7645.5,Put CEX 5,CEX,-1186998.055,7557.708959306847,9240.714230192292
2026-09-01 11:36:28,7640.0,7650.5,Put CEX 2,CEX,-1646973.042,7557.708959306847,9240.714230192292
2026-09-01 11:36:28,7650.0,7660.5,Put DEX 5,DEX,-60.18,7557.708959306847,9240.714230192292
2026-09-01 11:36:28,7700.0,7710.75,Put CEX 3,CEX,-1421271.094,7557.708959306847,9240.714230192292
2026-09-01 11:36:28,7700.0,7710.75,Put DEX 2,DEX,-196.657,7557.708959306847,9240.714230192292
2026-09-01 11:36:28,7700.0,7710.75,Put VEX 4,VEX,-1028795.852,7557.708959306847,9240.714230192292
2026-09-01 11:36:28,7750.0,7760.75,Put DEX 3,DEX,-92.748,7557.708959306847,9240.714230192292
2026-09-01 11:36:28,7750.0,7760.75,Call GEX 3,GEX,270879.338,7557.708959306847,9240.714230192292
2026-09-01 11:36:28,7750.0,7760.75,Put VEX 3,VEX,-1103407.521,7557.708959306847,9240.714230192292
2026-09-01 11:36:28,7800.0,7810.75,Put DEX 4,DEX,-74.603,7557.708959306847,9240.714230192292
2026-09-01 11:36:28,7800.0,7810.75,Call GEX 1,GEX,487871.322,7557.708959306847,9240.714230192292
2026-09-01 11:36:28,7800.0,7810.75,Put VEX 2,VEX,-1709046.507,7557.708959306847,9240.714230192292
2026-09-01 11:36:28,7850.0,7861.0,Call GEX 4,GEX,260031.76,7557.708959306847,9240.714230192292
2026-09-01 11:36:28,7900.0,7911.0,Call GEX 2,GEX,355181.615,7557.708959306847,9240.714230192292
2026-09-01 11:36:28,7900.0,7911.0,Put VEX 5,VEX,-964056.386,7557.708959306847,9240.714230192292
2026-09-01 11:36:28,7950.0,7961.0,Call GEX 5,GEX,154959.771,7557.708959306847,9240.714230192292
2026-09-01 11:36:28,8000.0,8011.0,Put CEX 1,CEX,-3038494.577,7557.708959306847,9240.714230192292
2026-09-01 11:36:28,8000.0,8011.0,Put DEX 1,DEX,-2567.58,7557.708959306847,9240.714230192292
2026-09-01 11:36:28,8000.0,8011.0,Put GEX 4,GEX,-412118.975,7557.708959306847,9240.714230192292
2026-09-01 11:36:28,8000.0,8011.0,Put VEX 1,VEX,-10096774.58,7557.708959306847,9240.714230192292
2026-09-01 11:37:16,7000.0,7009.25,Call DEX 1,DEX,863.947,7580.097121763462,9239.65215461782
2026-09-01 11:37:16,7000.0,7009.25,Put GEX 1,GEX,-718800.039,7580.097121763462,9239.65215461782
2026-09-01 11:37:16,7000.0,7009.25,Call VEX 1,VEX,6858390.569,7580.097121763462,9239.65215461782
2026-09-01 11:37:16,7200.0,7209.5,Call DEX 5,DEX,123.894,7580.097121763462,9239.65215461782
2026-09-01 11:37:16,7300.0,7309.75,Call DEX 2,DEX,253.251,7580.097121763462,9239.65215461782
2026-09-01 11:37:16,7300.0,7309.75,Call VEX 5,VEX,1636100.578,7580.097121763462,9239.65215461782
2026-09-01 11:37:16,7400.0,7409.75,Call DEX 3,DEX,192.386,7580.097121763462,9239.65215461782
2026-09-01 11:37:16,7400.0,7409.75,Call VEX 3,VEX,2090760.01,7580.097121763462,9239.65215461782
2026-09-01 11:37:16,7450.0,7459.75,Call DEX 4,DEX,188.159,7580.097121763462,9239.65215461782
2026-09-01 11:37:16,7450.0,7459.75,Call VEX 4,VEX,1821376.576,7580.097121763462,9239.65215461782
2026-09-01 11:37:16,7500.0,7510.0,Call CEX 4,CEX,1552292.502,7580.097121763462,9239.65215461782
2026-09-01 11:37:16,7500.0,7510.0,Put GEX 2,GEX,-591626.251,7580.097121763462,9239.65215461782
2026-09-01 11:37:16,7500.0,7510.0,Call VEX 2,VEX,2800860.574,7580.097121763462,9239.65215461782
2026-09-01 11:37:16,7515.0,7525.0,Call CEX 3,CEX,1657591.793,7580.097121763462,9239.65215461782
2026-09-01 11:37:16,7550.0,7560.0,Put GEX 5,GEX,-393006.18,7580.097121763462,9239.65215461782
2026-09-01 11:37:16,7600.0,7610.0,Call CEX 1,CEX,2866533.97,7580.097121763462,9239.65215461782
2026-09-01 11:37:16,7605.0,7615.0,Call CEX 5,CEX,1538945.746,7580.097121763462,9239.65215461782
2026-09-01 11:37:16,7610.0,7620.0,Call CEX 2,CEX,1802891.292,7580.097121763462,9239.65215461782
2026-09-01 11:37:16,7625.0,7635.0,Put GEX 4,GEX,-424689.991,7580.097121763462,9239.65215461782
2026-09-01 11:37:16,7650.0,7660.0,Put CEX 2,CEX,-3025650.305,7580.097121763462,9239.65215461782
2026-09-01 11:37:16,7650.0,7660.0,Put DEX 4,DEX,-77.929,7580.097121763462,9239.65215461782
2026-09-01 11:37:16,7675.0,7685.25,Put CEX 3,CEX,-2436653.222,7580.097121763462,9239.65215461782
2026-09-01 11:37:16,7690.0,7700.25,Put CEX 5,CEX,-1794236.791,7580.097121763462,9239.65215461782
2026-09-01 11:37:16,7700.0,7710.25,Put CEX 4,CEX,-2339797.598,7580.097121763462,9239.65215461782
2026-09-01 11:37:16,7700.0,7710.25,Put DEX 2,DEX,-206.668,7580.097121763462,9239.65215461782
2026-09-01 11:37:16,7700.0,7710.25,Put VEX 4,VEX,-1033432.659,7580.097121763462,9239.65215461782
2026-09-01 11:37:16,7750.0,7760.25,Put DEX 3,DEX,-97.156,7580.097121763462,9239.65215461782
2026-09-01 11:37:16,7750.0,7760.25,Call GEX 3,GEX,265886.121,7580.097121763462,9239.65215461782
2026-09-01 11:37:16,7750.0,7760.25,Put VEX 3,VEX,-1111879.921,7580.097121763462,9239.65215461782
2026-09-01 11:37:16,7800.0,7810.25,Put DEX 5,DEX,-75.45,7580.097121763462,9239.65215461782
2026-09-01 11:37:16,7800.0,7810.25,Call GEX 1,GEX,490061.434,7580.097121763462,9239.65215461782
2026-09-01 11:37:16,7800.0,7810.25,Put VEX 2,VEX,-1709835.826,7580.097121763462,9239.65215461782
2026-09-01 11:37:16,7850.0,7860.25,Call GEX 4,GEX,260724.255,7580.097121763462,9239.65215461782
2026-09-01 11:37:16,7900.0,7910.5,Call GEX 2,GEX,356303.942,7580.097121763462,9239.65215461782
2026-09-01 11:37:16,7900.0,7910.5,Put VEX 5,VEX,-963373.232,7580.097121763462,9239.65215461782
2026-09-01 11:37:16,7950.0,7960.5,Call GEX 5,GEX,155549.246,7580.097121763462,9239.65215461782
2026-09-01 11:37:16,8000.0,8010.5,Put CEX 1,CEX,-3094254.334,7580.097121763462,9239.65215461782
2026-09-01 11:37:16,8000.0,8010.5,Put DEX 1,DEX,-2547.949,7580.097121763462,9239.65215461782
2026-09-01 11:37:16,8000.0,8010.5,Put GEX 3,GEX,-433383.154,7580.097121763462,9239.65215461782
2026-09-01 11:37:16,8000.0,8010.5,Put VEX 1,VEX,-10180624.284,7580.097121763462,9239.65215461782
2026-09-01 11:38:03,7000.0,7009.75,Call DEX 1,DEX,888.789,7556.746002901444,9242.970944337882
2026-09-01 11:38:03,7000.0,7009.75,Put GEX 1,GEX,-704303.204,7556.746002901444,9242.970944337882
2026-09-01 11:38:03,7000.0,7009.75,Call VEX 1,VEX,7021378.891,7556.746002901444,9242.970944337882
2026-09-01 11:38:03,7200.0,7210.0,Call DEX 5,DEX,121.733,7556.746002901444,9242.970944337882
2026-09-01 11:38:03,7300.0,7310.25,Call DEX 2,DEX,249.552,7556.746002901444,9242.970944337882
2026-09-01 11:38:03,7300.0,7310.25,Call VEX 5,VEX,1659288.172,7556.746002901444,9242.970944337882
2026-09-01 11:38:03,7400.0,7410.25,Call DEX 4,DEX,189.049,7556.746002901444,9242.970944337882
2026-09-01 11:38:03,7400.0,7410.25,Call VEX 3,VEX,2088336.763,7556.746002901444,9242.970944337882
2026-09-01 11:38:03,7450.0,7460.5,Call DEX 3,DEX,194.368,7556.746002901444,9242.970944337882
2026-09-01 11:38:03,7450.0,7460.5,Call VEX 4,VEX,1817153.362,7556.746002901444,9242.970944337882
2026-09-01 11:38:03,7500.0,7510.5,Call CEX 4,CEX,1617068.256,7556.746002901444,9242.970944337882
2026-09-01 11:38:03,7500.0,7510.5,Put GEX 2,GEX,-597408.726,7556.746002901444,9242.970944337882
2026-09-01 11:38:03,7500.0,7510.5,Call VEX 2,VEX,2777983.942,7556.746002901444,9242.970944337882
2026-09-01 11:38:03,7515.0,7525.5,Call CEX 3,CEX,1707388.117,7556.746002901444,9242.970944337882
2026-09-01 11:38:03,7550.0,7560.5,Put GEX 5,GEX,-402423.586,7556.746002901444,9242.970944337882
2026-09-01 11:38:03,7600.0,7610.5,Call CEX 1,CEX,3311966.979,7556.746002901444,9242.970944337882
2026-09-01 11:38:03,7605.0,7615.5,Call CEX 5,CEX,1567518.159,7556.746002901444,9242.970944337882
2026-09-01 11:38:03,7610.0,7620.75,Call CEX 2,CEX,1755118.761,7556.746002901444,9242.970944337882
2026-09-01 11:38:03,7625.0,7635.75,Put GEX 3,GEX,-491699.395,7556.746002901444,9242.970944337882
2026-09-01 11:38:03,7630.0,7640.75,Put CEX 3,CEX,-1508511.275,7556.746002901444,9242.970944337882
2026-09-01 11:38:03,7635.0,7645.75,Put CEX 5,CEX,-1235432.199,7556.746002901444,9242.970944337882
2026-09-01 11:38:03,7640.0,7650.75,Put CEX 2,CEX,-1510370.62,7556.746002901444,9242.970944337882
2026-09-01 11:38:03,7650.0,7660.75,Put DEX 5,DEX,-61.969,7556.746002901444,9242.970944337882
2026-09-01 11:38:03,7700.0,7710.75,Put CEX 4,CEX,-1422554.491,7556.746002901444,9242.970944337882
2026-09-01 11:38:03,7700.0,7710.75,Put DEX 2,DEX,-199.62,7556.746002901444,9242.970944337882
2026-09-01 11:38:03,7700.0,7710.75,Put VEX 4,VEX,-1048065.424,7556.746002901444,9242.970944337882
2026-09-01 11:38:03,7750.0,7760.75,Put DEX 3,DEX,-89.239,7556.746002901444,9242.970944337882
2026-09-01 11:38:03,7750.0,7760.75,Call GEX 3,GEX,272023.138,7556.746002901444,9242.970944337882
2026-09-01 11:38:03,7750.0,7760.75,Put VEX 3,VEX,-1106244.341,7556.746002901444,9242.970944337882
2026-09-01 11:38:03,7800.0,7811.0,Put DEX 4,DEX,-75.327,7556.746002901444,9242.970944337882
2026-09-01 11:38:03,7800.0,7811.0,Call GEX 1,GEX,486142.749,7556.746002901444,9242.970944337882
2026-09-01 11:38:03,7800.0,7811.0,Put VEX 2,VEX,-1710131.526,7556.746002901444,9242.970944337882
2026-09-01 11:38:03,7850.0,7861.0,Call GEX 4,GEX,258564.339,7556.746002901444,9242.970944337882
2026-09-01 11:38:03,7900.0,7911.0,Call GEX 2,GEX,353367.301,7556.746002901444,9242.970944337882
2026-09-01 11:38:03,7900.0,7911.0,Put VEX 5,VEX,-961575.07,7556.746002901444,9242.970944337882
2026-09-01 11:38:03,7950.0,7961.0,Call GEX 5,GEX,154167.259,7556.746002901444,9242.970944337882
2026-09-01 11:38:03,8000.0,8011.25,Put CEX 1,CEX,-3027397.804,7556.746002901444,9242.970944337882
2026-09-01 11:38:03,8000.0,8011.25,Put DEX 1,DEX,-2567.799,7556.746002901444,9242.970944337882
2026-09-01 11:38:03,8000.0,8011.25,Put GEX 4,GEX,-410550.418,7556.746002901444,9242.970944337882
2026-09-01 11:38:03,8000.0,8011.25,Put VEX 1,VEX,-10086693.484,7556.746002901444,9242.970944337882
2026-09-01 11:38:51,7000.0,7009.5,Call DEX 1,DEX,889.089,7568.968293566191,9246.328227094526
2026-09-01 11:38:51,7000.0,7009.5,Put GEX 1,GEX,-703599.569,7568.968293566191,9246.328227094526
2026-09-01 11:38:51,7000.0,7009.5,Call VEX 1,VEX,7023215.844,7568.968293566191,9246.328227094526
2026-09-01 11:38:51,7200.0,7209.75,Call DEX 5,DEX,121.625,7568.968293566191,9246.328227094526
2026-09-01 11:38:51,7300.0,7309.75,Call DEX 2,DEX,249.834,7568.968293566191,9246.328227094526
2026-09-01 11:38:51,7300.0,7309.75,Call VEX 5,VEX,1657030.375,7568.968293566191,9246.328227094526
2026-09-01 11:38:51,7400.0,7410.0,Call DEX 4,DEX,189.284,7568.968293566191,9246.328227094526
2026-09-01 11:38:51,7400.0,7410.0,Call VEX 3,VEX,2088121.818,7568.968293566191,9246.328227094526
2026-09-01 11:38:51,7450.0,7460.0,Call DEX 3,DEX,194.771,7568.968293566191,9246.328227094526
2026-09-01 11:38:51,7450.0,7460.0,Call VEX 4,VEX,1815156.788,7568.968293566191,9246.328227094526
2026-09-01 11:38:51,7500.0,7510.0,Call CEX 4,CEX,1600377.766,7568.968293566191,9246.328227094526
2026-09-01 11:38:51,7500.0,7510.0,Put GEX 2,GEX,-598938.287,7568.968293566191,9246.328227094526
2026-09-01 11:38:51,7500.0,7510.0,Call VEX 2,VEX,2776796.492,7568.968293566191,9246.328227094526
2026-09-01 11:38:51,7515.0,7525.0,Call CEX 3,CEX,1705763.112,7568.968293566191,9246.328227094526
2026-09-01 11:38:51,7550.0,7560.25,Put GEX 5,GEX,-402847.117,7568.968293566191,9246.328227094526
2026-09-01 11:38:51,7600.0,7610.25,Call CEX 1,CEX,3331146.546,7568.968293566191,9246.328227094526
2026-09-01 11:38:51,7605.0,7615.25,Call CEX 5,CEX,1578217.094,7568.968293566191,9246.328227094526
2026-09-01 11:38:51,7610.0,7620.25,Call CEX 2,CEX,1759741.77,7568.968293566191,9246.328227094526
2026-09-01 11:38:51,7625.0,7635.25,Put GEX 3,GEX,-462599.708,7568.968293566191,9246.328227094526
2026-09-01 11:38:51,7630.0,7640.25,Put CEX 4,CEX,-1451736.511,7568.968293566191,9246.328227094526
2026-09-01 11:38:51,7640.0,7650.25,Put CEX 3,CEX,-1683591.875,7568.968293566191,9246.328227094526
2026-09-01 11:38:51,7650.0,7660.25,Put CEX 2,CEX,-1960461.164,7568.968293566191,9246.328227094526
2026-09-01 11:38:51,7650.0,7660.25,Put DEX 4,DEX,-82.526,7568.968293566191,9246.328227094526
2026-09-01 11:38:51,7700.0,7710.25,Put CEX 5,CEX,-1433777.246,7568.968293566191,9246.328227094526
2026-09-01 11:38:51,7700.0,7710.25,Put DEX 2,DEX,-199.129,7568.968293566191,9246.328227094526
2026-09-01 11:38:51,7700.0,7710.25,Put VEX 4,VEX,-1047839.218,7568.968293566191,9246.328227094526
2026-09-01 11:38:51,7750.0,7760.5,Put DEX 3,DEX,-93.931,7568.968293566191,9246.328227094526
2026-09-01 11:38:51,7750.0,7760.5,Call GEX 3,GEX,267962.005,7568.968293566191,9246.328227094526
2026-09-01 11:38:51,7750.0,7760.5,Put VEX 3,VEX,-1111793.733,7568.968293566191,9246.328227094526
2026-09-01 11:38:51,7800.0,7810.5,Put DEX 5,DEX,-75.601,7568.968293566191,9246.328227094526
2026-09-01 11:38:51,7800.0,7810.5,Call GEX 1,GEX,484356.753,7568.968293566191,9246.328227094526
2026-09-01 11:38:51,7800.0,7810.5,Put VEX 2,VEX,-1712953.179,7568.968293566191,9246.328227094526
2026-09-01 11:38:51,7850.0,7860.5,Call GEX 4,GEX,258756.061,7568.968293566191,9246.328227094526
2026-09-01 11:38:51,7900.0,7910.75,Call GEX 2,GEX,353421.972,7568.968293566191,9246.328227094526
2026-09-01 11:38:51,7900.0,7910.75,Put VEX 5,VEX,-961860.408,7568.968293566191,9246.328227094526
2026-09-01 11:38:51,7950.0,7960.75,Call GEX 5,GEX,154202.452,7568.968293566191,9246.328227094526
2026-09-01 11:38:51,8000.0,8010.75,Put CEX 1,CEX,-3038565.747,7568.968293566191,9246.328227094526
2026-09-01 11:38:51,8000.0,8010.75,Put DEX 1,DEX,-2565.641,7568.968293566191,9246.328227094526
2026-09-01 11:38:51,8000.0,8010.75,Put GEX 4,GEX,-422035.095,7568.968293566191,9246.328227094526
2026-09-01 11:38:51,8000.0,8010.75,Put VEX 1,VEX,-10090462.648,7568.968293566191,9246.328227094526
2026-09-01 11:39:39,7000.0,7010.0,Call DEX 1,DEX,886.023,7565.496582352713,9249.933864615425
2026-09-01 11:39:39,7000.0,7010.0,Put GEX 1,GEX,-708003.257,7565.496582352713,9249.933864615425
2026-09-01 11:39:39,7000.0,7010.0,Call VEX 1,VEX,7050322.699,7565.496582352713,9249.933864615425
2026-09-01 11:39:39,7200.0,7210.25,Call DEX 5,DEX,120.636,7565.496582352713,9249.933864615425
2026-09-01 11:39:39,7300.0,7310.25,Call DEX 2,DEX,248.497,7565.496582352713,9249.933864615425
2026-09-01 11:39:39,7300.0,7310.25,Call VEX 5,VEX,1661789.519,7565.496582352713,9249.933864615425
2026-09-01 11:39:39,7400.0,7410.5,Call DEX 4,DEX,186.991,7565.496582352713,9249.933864615425
2026-09-01 11:39:39,7400.0,7410.5,Call VEX 3,VEX,2084898.991,7565.496582352713,9249.933864615425
2026-09-01 11:39:39,7450.0,7460.5,Call DEX 3,DEX,192.207,7565.496582352713,9249.933864615425
2026-09-01 11:39:39,7450.0,7460.5,Call VEX 4,VEX,1811472.202,7565.496582352713,9249.933864615425
2026-09-01 11:39:39,7500.0,7510.5,Call CEX 4,CEX,1620702.133,7565.496582352713,9249.933864615425
2026-09-01 11:39:39,7500.0,7510.5,Put GEX 2,GEX,-601626.947,7565.496582352713,9249.933864615425
2026-09-01 11:39:39,7500.0,7510.5,Call VEX 2,VEX,2757134.238,7565.496582352713,9249.933864615425
2026-09-01 11:39:39,7515.0,7525.5,Call CEX 2,CEX,1732469.928,7565.496582352713,9249.933864615425
2026-09-01 11:39:39,7550.0,7560.75,Put GEX 5,GEX,-407018.173,7565.496582352713,9249.933864615425
2026-09-01 11:39:39,7600.0,7610.75,Call CEX 1,CEX,3436217.729,7565.496582352713,9249.933864615425
2026-09-01 11:39:39,7605.0,7615.75,Call CEX 5,CEX,1583715.21,7565.496582352713,9249.933864615425
2026-09-01 11:39:39,7610.0,7620.75,Call CEX 3,CEX,1654631.637,7565.496582352713,9249.933864615425
2026-09-01 11:39:39,7625.0,7635.75,Put CEX 5,CEX,-1258137.025,7565.496582352713,9249.933864615425
2026-09-01 11:39:39,7625.0,7635.75,Put GEX 3,GEX,-467995.978,7565.496582352713,9249.933864615425
2026-09-01 11:39:39,7630.0,7640.75,Put CEX 2,CEX,-1719409.952,7565.496582352713,9249.933864615425
2026-09-01 11:39:39,7640.0,7650.75,Put CEX 3,CEX,-1470403.09,7565.496582352713,9249.933864615425
2026-09-01 11:39:39,7650.0,7660.75,Put DEX 5,DEX,-64.223,7565.496582352713,9249.933864615425
2026-09-01 11:39:39,7700.0,7711.0,Put CEX 4,CEX,-1427006.13,7565.496582352713,9249.933864615425
2026-09-01 11:39:39,7700.0,7711.0,Put DEX 2,DEX,-203.553,7565.496582352713,9249.933864615425
2026-09-01 11:39:39,7700.0,7711.0,Put VEX 4,VEX,-1073679.812,7565.496582352713,9249.933864615425
2026-09-01 11:39:39,7750.0,7761.0,Put DEX 3,DEX,-96.169,7565.496582352713,9249.933864615425
2026-09-01 11:39:39,7750.0,7761.0,Call GEX 3,GEX,265669.216,7565.496582352713,9249.933864615425
2026-09-01 11:39:39,7750.0,7761.0,Put VEX 3,VEX,-1119056.112,7565.496582352713,9249.933864615425
2026-09-01 11:39:39,7800.0,7811.0,Put DEX 4,DEX,-77.88,7565.496582352713,9249.933864615425
2026-09-01 11:39:39,7800.0,7811.0,Call GEX 1,GEX,479351.921,7565.496582352713,9249.933864615425
2026-09-01 11:39:39,7800.0,7811.0,Put VEX 2,VEX,-1718447.737,7565.496582352713,9249.933864615425
2026-09-01 11:39:39,7850.0,7861.0,Call GEX 4,GEX,256231.335,7565.496582352713,9249.933864615425
2026-09-01 11:39:39,7900.0,7911.25,Call GEX 2,GEX,350566.699,7565.496582352713,9249.933864615425
2026-09-01 11:39:39,7900.0,7911.25,Put VEX 5,VEX,-960638.409,7565.496582352713,9249.933864615425
2026-09-01 11:39:39,7950.0,7961.25,Call GEX 5,GEX,152747.021,7565.496582352713,9249.933864615425
2026-09-01 11:39:39,8000.0,8011.25,Put CEX 1,CEX,-3032290.567,7565.496582352713,9249.933864615425
2026-09-01 11:39:39,8000.0,8011.25,Put DEX 1,DEX,-2568.205,7565.496582352713,9249.933864615425
2026-09-01 11:39:39,8000.0,8011.25,Put GEX 4,GEX,-421568.021,7565.496582352713,9249.933864615425
2026-09-01 11:39:39,8000.0,8011.25,Put VEX 1,VEX,-10079205.751,7565.496582352713,9249.933864615425
2026-09-01 11:40:26,7000.0,7009.75,Call DEX 1,DEX,850.602,7566.873657214354,9248.058384664531
2026-09-01 11:40:26,7000.0,7009.75,Put GEX 1,GEX,-705302.376,7566.873657214354,9248.058384664531
2026-09-01 11:40:26,7000.0,7009.75,Call VEX 1,VEX,7065003.955,7566.873657214354,9248.058384664531
2026-09-01 11:40:26,7200.0,7210.0,Call DEX 5,DEX,120.509,7566.873657214354,9248.058384664531
2026-09-01 11:40:26,7300.0,7310.25,Call DEX 2,DEX,248.458,7566.873657214354,9248.058384664531
2026-09-01 11:40:26,7300.0,7310.25,Call VEX 5,VEX,1662995.269,7566.873657214354,9248.058384664531
2026-09-01 11:40:26,7400.0,7410.25,Call DEX 4,DEX,187.149,7566.873657214354,9248.058384664531
2026-09-01 11:40:26,7400.0,7410.25,Call VEX 3,VEX,2086060.843,7566.873657214354,9248.058384664531
2026-09-01 11:40:26,7450.0,7460.25,Call DEX 3,DEX,193.23,7566.873657214354,9248.058384664531
2026-09-01 11:40:26,7450.0,7460.25,Call VEX 4,VEX,1813214.247,7566.873657214354,9248.058384664531
2026-09-01 11:40:26,7500.0,7510.5,Call CEX 4,CEX,1621655.59,7566.873657214354,9248.058384664531
2026-09-01 11:40:26,7500.0,7510.5,Put GEX 2,GEX,-601515.603,7566.873657214354,9248.058384664531
2026-09-01 11:40:26,7500.0,7510.5,Call VEX 2,VEX,2762653.73,7566.873657214354,9248.058384664531
2026-09-01 11:40:26,7515.0,7525.5,Call CEX 2,CEX,1735225.878,7566.873657214354,9248.058384664531
2026-09-01 11:40:26,7550.0,7560.5,Put GEX 5,GEX,-405873.224,7566.873657214354,9248.058384664531
2026-09-01 11:40:26,7600.0,7610.5,Call CEX 1,CEX,3434902.719,7566.873657214354,9248.058384664531
2026-09-01 11:40:26,7605.0,7615.5,Call CEX 5,CEX,1595076.656,7566.873657214354,9248.058384664531
2026-09-01 11:40:26,7610.0,7620.5,Call CEX 3,CEX,1687522.362,7566.873657214354,9248.058384664531
2026-09-01 11:40:26,7625.0,7635.5,Put GEX 3,GEX,-466623.353,7566.873657214354,9248.058384664531
2026-09-01 11:40:26,7630.0,7640.5,Put CEX 2,CEX,-1664317.731,7566.873657214354,9248.058384664531
2026-09-01 11:40:26,7635.0,7645.5,Put CEX 5,CEX,-1260380.418,7566.873657214354,9248.058384664531
2026-09-01 11:40:26,7640.0,7650.5,Put CEX 3,CEX,-1557947.679,7566.873657214354,9248.058384664531
2026-09-01 11:40:26,7650.0,7660.5,Put DEX 5,DEX,-63.58,7566.873657214354,9248.058384664531
2026-09-01 11:40:26,7700.0,7710.75,Put CEX 4,CEX,-1432157.332,7566.873657214354,9248.058384664531
2026-09-01 11:40:26,7700.0,7710.75,Put DEX 2,DEX,-202.179,7566.873657214354,9248.058384664531
2026-09-01 11:40:26,7700.0,7710.75,Put VEX 4,VEX,-1066633.12,7566.873657214354,9248.058384664531
2026-09-01 11:40:26,7750.0,7760.75,Put DEX 3,DEX,-95.088,7566.873657214354,9248.058384664531
2026-09-01 11:40:26,7750.0,7760.75,Call GEX 3,GEX,260529.838,7566.873657214354,9248.058384664531
2026-09-01 11:40:26,7750.0,7760.75,Put VEX 3,VEX,-1123471.196,7566.873657214354,9248.058384664531
2026-09-01 11:40:26,7800.0,7810.75,Put DEX 4,DEX,-77.412,7566.873657214354,9248.058384664531
2026-09-01 11:40:26,7800.0,7810.75,Call GEX 1,GEX,479036.362,7566.873657214354,9248.058384664531
2026-09-01 11:40:26,7800.0,7810.75,Put VEX 2,VEX,-1719566.459,7566.873657214354,9248.058384664531
2026-09-01 11:40:26,7850.0,7861.0,Call GEX 4,GEX,256813.868,7566.873657214354,9248.058384664531
2026-09-01 11:40:26,7900.0,7911.0,Call GEX 2,GEX,351326.586,7566.873657214354,9248.058384664531
2026-09-01 11:40:26,7900.0,7911.0,Put VEX 5,VEX,-961204.795,7566.873657214354,9248.058384664531
2026-09-01 11:40:26,7950.0,7961.0,Call GEX 5,GEX,153083.016,7566.873657214354,9248.058384664531
2026-09-01 11:40:26,8000.0,8011.0,Put CEX 1,CEX,-3041210.173,7566.873657214354,9248.058384664531
2026-09-01 11:40:26,8000.0,8011.0,Put DEX 1,DEX,-2571.309,7566.873657214354,9248.058384664531
2026-09-01 11:40:26,8000.0,8011.0,Put GEX 4,GEX,-419205.448,7566.873657214354,9248.058384664531
2026-09-01 11:40:26,8000.0,8011.0,Put VEX 1,VEX,-10071576.691,7566.873657214354,9248.058384664531
2026-09-01 11:41:14,7000.0,7010.0,Call DEX 1,DEX,855.419,7572.08691490716,9246.72535903506
2026-09-01 11:41:14,7000.0,7010.0,Put GEX 1,GEX,-717981.732,7572.08691490716,9246.72535903506
2026-09-01 11:41:14,7000.0,7010.0,Call VEX 1,VEX,6975577.176,7572.08691490716,9246.72535903506
2026-09-01 11:41:14,7200.0,7210.25,Call DEX 5,DEX,121.463,7572.08691490716,9246.72535903506
2026-09-01 11:41:14,7300.0,7310.25,Call DEX 2,DEX,249.664,7572.08691490716,9246.72535903506
2026-09-01 11:41:14,7300.0,7310.25,Call VEX 5,VEX,1654822.962,7572.08691490716,9246.72535903506
2026-09-01 11:41:14,7400.0,7410.5,Call DEX 4,DEX,188.162,7572.08691490716,9246.72535903506
2026-09-01 11:41:14,7400.0,7410.5,Call VEX 3,VEX,2086092.236,7572.08691490716,9246.72535903506
2026-09-01 11:41:14,7450.0,7460.5,Call DEX 3,DEX,193.394,7572.08691490716,9246.72535903506
2026-09-01 11:41:14,7450.0,7460.5,Call VEX 4,VEX,1813892.993,7572.08691490716,9246.72535903506
2026-09-01 11:41:14,7500.0,7510.5,Call CEX 4,CEX,1607519.123,7572.08691490716,9246.72535903506
2026-09-01 11:41:14,7500.0,7510.5,Put GEX 2,GEX,-597925.208,7572.08691490716,9246.72535903506
2026-09-01 11:41:14,7500.0,7510.5,Call VEX 2,VEX,2764746.637,7572.08691490716,9246.72535903506
2026-09-01 11:41:14,7515.0,7525.75,Call CEX 2,CEX,1738600.4,7572.08691490716,9246.72535903506
2026-09-01 11:41:14,7550.0,7560.75,Put GEX 5,GEX,-402356.333,7572.08691490716,9246.72535903506
2026-09-01 11:41:14,7600.0,7610.75,Call CEX 1,CEX,3380519.362,7572.08691490716,9246.72535903506
2026-09-01 11:41:14,7605.0,7615.75,Call CEX 5,CEX,1604913.206,7572.08691490716,9246.72535903506
2026-09-01 11:41:14,7610.0,7620.75,Call CEX 3,CEX,1732006.165,7572.08691490716,9246.72535903506
2026-09-01 11:41:14,7625.0,7635.75,Put GEX 3,GEX,-451929.995,7572.08691490716,9246.72535903506
2026-09-01 11:41:14,7630.0,7640.75,Put CEX 4,CEX,-1609098.783,7572.08691490716,9246.72535903506
2026-09-01 11:41:14,7640.0,7650.75,Put CEX 3,CEX,-1703890.04,7572.08691490716,9246.72535903506
2026-09-01 11:41:14,7650.0,7660.75,Put CEX 2,CEX,-2319921.128,7572.08691490716,9246.72535903506
2026-09-01 11:41:14,7650.0,7660.75,Put DEX 4,DEX,-83.561,7572.08691490716,9246.72535903506
2026-09-01 11:41:14,7700.0,7711.0,Put CEX 5,CEX,-1432081.191,7572.08691490716,9246.72535903506
2026-09-01 11:41:14,7700.0,7711.0,Put DEX 2,DEX,-201.512,7572.08691490716,9246.72535903506
2026-09-01 11:41:14,7700.0,7711.0,Put VEX 4,VEX,-1060816.778,7572.08691490716,9246.72535903506
2026-09-01 11:41:14,7750.0,7761.0,Put DEX 3,DEX,-95.169,7572.08691490716,9246.72535903506
2026-09-01 11:41:14,7750.0,7761.0,Call GEX 3,GEX,274009.062,7572.08691490716,9246.72535903506
2026-09-01 11:41:14,7750.0,7761.0,Put VEX 3,VEX,-1108198.328,7572.08691490716,9246.72535903506
2026-09-01 11:41:14,7800.0,7811.0,Put DEX 5,DEX,-77.007,7572.08691490716,9246.72535903506
2026-09-01 11:41:14,7800.0,7811.0,Call GEX 1,GEX,481925.412,7572.08691490716,9246.72535903506
2026-09-01 11:41:14,7800.0,7811.0,Put VEX 2,VEX,-1717116.13,7572.08691490716,9246.72535903506
2026-09-01 11:41:14,7850.0,7861.0,Call GEX 4,GEX,257291.987,7572.08691490716,9246.72535903506
2026-09-01 11:41:14,7900.0,7911.25,Call GEX 2,GEX,351591.25,7572.08691490716,9246.72535903506
2026-09-01 11:41:14,7900.0,7911.25,Put VEX 5,VEX,-961595.443,7572.08691490716,9246.72535903506
2026-09-01 11:41:14,7950.0,7961.25,Call GEX 5,GEX,153162.738,7572.08691490716,9246.72535903506
2026-09-01 11:41:14,8000.0,8011.25,Put CEX 1,CEX,-3055706.855,7572.08691490716,9246.72535903506
2026-09-01 11:41:14,8000.0,8011.25,Put DEX 1,DEX,-2561.182,7572.08691490716,9246.72535903506
2026-09-01 11:41:14,8000.0,8011.25,Put GEX 4,GEX,-429544.054,7572.08691490716,9246.72535903506
2026-09-01 11:41:14,8000.0,8011.25,Put VEX 1,VEX,-10110221.778,7572.08691490716,9246.72535903506
2026-09-01 11:42:01,7000.0,7009.75,Call DEX 1,DEX,886.798,7566.736184750503,9250.460139120638
2026-09-01 11:42:01,7000.0,7009.75,Put GEX 1,GEX,-717891.156,7566.736184750503,9250.460139120638
2026-09-01 11:42:01,7000.0,7009.75,Call VEX 1,VEX,7024351.719,7566.736184750503,9250.460139120638
2026-09-01 11:42:01,7200.0,7210.0,Call DEX 5,DEX,120.52,7566.736184750503,9250.460139120638
2026-09-01 11:42:01,7300.0,7310.0,Call DEX 2,DEX,248.271,7566.736184750503,9250.460139120638
2026-09-01 11:42:01,7300.0,7310.0,Call VEX 5,VEX,1660027.386,7566.736184750503,9250.460139120638
2026-09-01 11:42:01,7400.0,7410.25,Call DEX 4,DEX,186.314,7566.736184750503,9250.460139120638
2026-09-01 11:42:01,7400.0,7410.25,Call VEX 3,VEX,2083792.75,7566.736184750503,9250.460139120638
2026-09-01 11:42:01,7450.0,7460.25,Call DEX 3,DEX,191.405,7566.736184750503,9250.460139120638
2026-09-01 11:42:01,7450.0,7460.25,Call VEX 4,VEX,1808779.242,7566.736184750503,9250.460139120638
2026-09-01 11:42:01,7500.0,7510.25,Call CEX 3,CEX,1625239.254,7566.736184750503,9250.460139120638
2026-09-01 11:42:01,7500.0,7510.25,Put GEX 2,GEX,-601845.904,7566.736184750503,9250.460139120638
2026-09-01 11:42:01,7500.0,7510.25,Call VEX 2,VEX,2750240.682,7566.736184750503,9250.460139120638
2026-09-01 11:42:01,7515.0,7525.5,Call CEX 2,CEX,1757563.72,7566.736184750503,9250.460139120638
2026-09-01 11:42:01,7550.0,7560.5,Put GEX 5,GEX,-406809.663,7566.736184750503,9250.460139120638
2026-09-01 11:42:01,7600.0,7610.5,Call CEX 1,CEX,3511851.48,7566.736184750503,9250.460139120638
2026-09-01 11:42:01,7605.0,7615.5,Call CEX 5,CEX,1598885.757,7566.736184750503,9250.460139120638
2026-09-01 11:42:01,7610.0,7620.5,Call CEX 4,CEX,1618203.234,7566.736184750503,9250.460139120638
2026-09-01 11:42:01,7625.0,7635.5,Put GEX 3,GEX,-441604.446,7566.736184750503,9250.460139120638
2026-09-01 11:42:01,7630.0,7640.5,Put CEX 2,CEX,-1760967.164,7566.736184750503,9250.460139120638
2026-09-01 11:42:01,7640.0,7650.5,Put CEX 3,CEX,-1614622.298,7566.736184750503,9250.460139120638
2026-09-01 11:42:01,7650.0,7660.5,Put CEX 4,CEX,-1604690.072,7566.736184750503,9250.460139120638
2026-09-01 11:42:01,7650.0,7660.5,Put DEX 4,DEX,-85.844,7566.736184750503,9250.460139120638
2026-09-01 11:42:01,7700.0,7710.75,Put CEX 5,CEX,-1437054.499,7566.736184750503,9250.460139120638
2026-09-01 11:42:01,7700.0,7710.75,Put DEX 2,DEX,-204.515,7566.736184750503,9250.460139120638
2026-09-01 11:42:01,7700.0,7710.75,Put VEX 4,VEX,-1081556.373,7566.736184750503,9250.460139120638
2026-09-01 11:42:01,7750.0,7760.75,Put DEX 3,DEX,-96.773,7566.736184750503,9250.460139120638
2026-09-01 11:42:01,7750.0,7760.75,Call GEX 3,GEX,266759.438,7566.736184750503,9250.460139120638
2026-09-01 11:42:01,7750.0,7760.75,Put VEX 3,VEX,-1120733.705,7566.736184750503,9250.460139120638
2026-09-01 11:42:01,7800.0,7810.75,Put DEX 5,DEX,-77.845,7566.736184750503,9250.460139120638
2026-09-01 11:42:01,7800.0,7810.75,Call GEX 1,GEX,479328.084,7566.736184750503,9250.460139120638
2026-09-01 11:42:01,7800.0,7810.75,Put VEX 2,VEX,-1717106.673,7566.736184750503,9250.460139120638
2026-09-01 11:42:01,7850.0,7860.75,Call GEX 4,GEX,255483.168,7566.736184750503,9250.460139120638
2026-09-01 11:42:01,7900.0,7911.0,Call GEX 2,GEX,349406.449,7566.736184750503,9250.460139120638
2026-09-01 11:42:01,7900.0,7911.0,Put VEX 5,VEX,-959622.997,7566.736184750503,9250.460139120638
2026-09-01 11:42:01,7950.0,7961.0,Call GEX 5,GEX,152235.621,7566.736184750503,9250.460139120638
2026-09-01 11:42:01,8000.0,8011.0,Put CEX 1,CEX,-3029615.535,7566.736184750503,9250.460139120638
2026-09-01 11:42:01,8000.0,8011.0,Put DEX 1,DEX,-2540.193,7566.736184750503,9250.460139120638
2026-09-01 11:42:01,8000.0,8011.0,Put GEX 4,GEX,-418877.626,7566.736184750503,9250.460139120638
2026-09-01 11:42:01,8000.0,8011.0,Put VEX 1,VEX,-10099410.967,7566.736184750503,9250.460139120638
2026-09-01 11:42:49,7000.0,7009.25,Call CEX 4,CEX,1579854.767,7580.12155669659,9245.462161081874
2026-09-01 11:42:49,7000.0,7009.25,Call DEX 1,DEX,881.032,7580.12155669659,9245.462161081874
2026-09-01 11:42:49,7000.0,7009.25,Put GEX 1,GEX,-716442.411,7580.12155669659,9245.462161081874
2026-09-01 11:42:49,7000.0,7009.25,Call VEX 1,VEX,7095077.3,7580.12155669659,9245.462161081874
2026-09-01 11:42:49,7200.0,7209.5,Call DEX 5,DEX,119.28,7580.12155669659,9245.462161081874
2026-09-01 11:42:49,7300.0,7309.75,Call DEX 2,DEX,246.687,7580.12155669659,9245.462161081874
2026-09-01 11:42:49,7300.0,7309.75,Call VEX 5,VEX,1661958.467,7580.12155669659,9245.462161081874
2026-09-01 11:42:49,7400.0,7409.75,Call DEX 4,DEX,182.981,7580.12155669659,9245.462161081874
2026-09-01 11:42:49,7400.0,7409.75,Call VEX 3,VEX,2078111.469,7580.12155669659,9245.462161081874
2026-09-01 11:42:49,7450.0,7460.0,Call DEX 3,DEX,183.812,7580.12155669659,9245.462161081874
2026-09-01 11:42:49,7450.0,7460.0,Call VEX 4,VEX,1798127.538,7580.12155669659,9245.462161081874
2026-09-01 11:42:49,7500.0,7510.0,Call CEX 3,CEX,1594296.637,7580.12155669659,9245.462161081874
2026-09-01 11:42:49,7500.0,7510.0,Put GEX 2,GEX,-603963.085,7580.12155669659,9245.462161081874
2026-09-01 11:42:49,7500.0,7510.0,Call VEX 2,VEX,2723695.234,7580.12155669659,9245.462161081874
2026-09-01 11:42:49,7515.0,7525.0,Call CEX 2,CEX,1773293.805,7580.12155669659,9245.462161081874
2026-09-01 11:42:49,7550.0,7560.0,Put GEX 5,GEX,-409193.505,7580.12155669659,9245.462161081874
2026-09-01 11:42:49,7600.0,7610.0,Call CEX 1,CEX,3554991.66,7580.12155669659,9245.462161081874
2026-09-01 11:42:49,7605.0,7615.0,Call CEX 5,CEX,1559131.622,7580.12155669659,9245.462161081874
2026-09-01 11:42:49,7625.0,7635.0,Put GEX 4,GEX,-414886.077,7580.12155669659,9245.462161081874
2026-09-01 11:42:49,7630.0,7640.0,Put CEX 5,CEX,-1889438.336,7580.12155669659,9245.462161081874
2026-09-01 11:42:49,7650.0,7660.25,Put CEX 2,CEX,-2295033.425,7580.12155669659,9245.462161081874
2026-09-01 11:42:49,7650.0,7660.25,Put DEX 4,DEX,-87.331,7580.12155669659,9245.462161081874
2026-09-01 11:42:49,7675.0,7685.25,Put CEX 4,CEX,-1916839.752,7580.12155669659,9245.462161081874
2026-09-01 11:42:49,7700.0,7710.25,Put CEX 3,CEX,-1962735.457,7580.12155669659,9245.462161081874
2026-09-01 11:42:49,7700.0,7710.25,Put DEX 2,DEX,-220.701,7580.12155669659,9245.462161081874
2026-09-01 11:42:49,7700.0,7710.25,Put VEX 4,VEX,-1112176.743,7580.12155669659,9245.462161081874
2026-09-01 11:42:49,7750.0,7760.25,Put DEX 3,DEX,-104.446,7580.12155669659,9245.462161081874
2026-09-01 11:42:49,7750.0,7760.25,Call GEX 3,GEX,262879.451,7580.12155669659,9245.462161081874
2026-09-01 11:42:49,7750.0,7760.25,Put VEX 3,VEX,-1129985.889,7580.12155669659,9245.462161081874
2026-09-01 11:42:49,7800.0,7810.25,Put DEX 5,DEX,-82.332,7580.12155669659,9245.462161081874
2026-09-01 11:42:49,7800.0,7810.25,Call GEX 1,GEX,474013.12,7580.12155669659,9245.462161081874
2026-09-01 11:42:49,7800.0,7810.25,Put VEX 2,VEX,-1723001.61,7580.12155669659,9245.462161081874
2026-09-01 11:42:49,7850.0,7860.5,Call GEX 4,GEX,252977.626,7580.12155669659,9245.462161081874
2026-09-01 11:42:49,7900.0,7910.5,Call GEX 2,GEX,346228.446,7580.12155669659,9245.462161081874
2026-09-01 11:42:49,7900.0,7910.5,Put VEX 5,VEX,-959831.442,7580.12155669659,9245.462161081874
2026-09-01 11:42:49,7950.0,7960.5,Call GEX 5,GEX,151033.7,7580.12155669659,9245.462161081874
2026-09-01 11:42:49,8000.0,8010.5,Put CEX 1,CEX,-3029288.459,7580.12155669659,9245.462161081874
2026-09-01 11:42:49,8000.0,8010.5,Put DEX 1,DEX,-2538.974,7580.12155669659,9245.462161081874
2026-09-01 11:42:49,8000.0,8010.5,Put GEX 3,GEX,-421319.22,7580.12155669659,9245.462161081874
2026-09-01 11:42:49,8000.0,8010.5,Put VEX 1,VEX,-10102286.244,7580.12155669659,9245.462161081874
2026-09-01 11:43:37,7000.0,7010.0,Call CEX 5,CEX,1583187.403,7569.323886351733,9244.833399758869
2026-09-01 11:43:37,7000.0,7010.0,Call DEX 1,DEX,873.524,7569.323886351733,9244.833399758869
2026-09-01 11:43:37,7000.0,7010.0,Put GEX 1,GEX,-717374.087,7569.323886351733,9244.833399758869
2026-09-01 11:43:37,7000.0,7010.0,Call VEX 1,VEX,7186332.088,7569.323886351733,9244.833399758869
2026-09-01 11:43:37,7200.0,7210.25,Call DEX 5,DEX,117.27,7569.323886351733,9244.833399758869
2026-09-01 11:43:37,7300.0,7310.5,Call DEX 2,DEX,243.564,7569.323886351733,9244.833399758869
2026-09-01 11:43:37,7300.0,7310.5,Call VEX 5,VEX,1675543.495,7569.323886351733,9244.833399758869
2026-09-01 11:43:37,7400.0,7410.75,Call DEX 4,DEX,179.357,7569.323886351733,9244.833399758869
2026-09-01 11:43:37,7400.0,7410.75,Call VEX 3,VEX,2072897.681,7569.323886351733,9244.833399758869
2026-09-01 11:43:37,7450.0,7460.75,Call DEX 3,DEX,184.184,7569.323886351733,9244.833399758869
2026-09-01 11:43:37,7450.0,7460.75,Call VEX 4,VEX,1792891.165,7569.323886351733,9244.833399758869
2026-09-01 11:43:37,7500.0,7510.75,Call CEX 3,CEX,1651072.384,7569.323886351733,9244.833399758869
2026-09-01 11:43:37,7500.0,7510.75,Put GEX 2,GEX,-611968.889,7569.323886351733,9244.833399758869
2026-09-01 11:43:37,7500.0,7510.75,Call VEX 2,VEX,2692048.778,7569.323886351733,9244.833399758869
2026-09-01 11:43:37,7515.0,7525.75,Call CEX 2,CEX,1810919.794,7569.323886351733,9244.833399758869
2026-09-01 11:43:37,7550.0,7560.75,Call CEX 4,CEX,1592767.197,7569.323886351733,9244.833399758869
2026-09-01 11:43:37,7550.0,7560.75,Put GEX 3,GEX,-417883.549,7569.323886351733,9244.833399758869
2026-09-01 11:43:37,7600.0,7611.0,Call CEX 1,CEX,3534479.052,7569.323886351733,9244.833399758869
2026-09-01 11:43:37,7625.0,7636.0,Put CEX 2,CEX,-2390686.438,7569.323886351733,9244.833399758869
2026-09-01 11:43:37,7625.0,7636.0,Put GEX 5,GEX,-413348.108,7569.323886351733,9244.833399758869
2026-09-01 11:43:37,7630.0,7641.0,Put CEX 3,CEX,-2066284.656,7569.323886351733,9244.833399758869
2026-09-01 11:43:37,7650.0,7661.0,Put DEX 5,DEX,-70.132,7569.323886351733,9244.833399758869
2026-09-01 11:43:37,7700.0,7711.0,Put CEX 4,CEX,-1429037.04,7569.323886351733,9244.833399758869
2026-09-01 11:43:37,7700.0,7711.0,Put DEX 2,DEX,-213.612,7569.323886351733,9244.833399758869
2026-09-01 11:43:37,7700.0,7711.0,Put VEX 4,VEX,-1137595.588,7569.323886351733,9244.833399758869
2026-09-01 11:43:37,7750.0,7761.25,Put CEX 5,CEX,-1199902.104,7569.323886351733,9244.833399758869
2026-09-01 11:43:37,7750.0,7761.25,Put DEX 3,DEX,-100.962,7569.323886351733,9244.833399758869
2026-09-01 11:43:37,7750.0,7761.25,Call GEX 3,GEX,261986.092,7569.323886351733,9244.833399758869
2026-09-01 11:43:37,7750.0,7761.25,Put VEX 3,VEX,-1140445.329,7569.323886351733,9244.833399758869
2026-09-01 11:43:37,7800.0,7811.25,Put DEX 4,DEX,-82.112,7569.323886351733,9244.833399758869
2026-09-01 11:43:37,7800.0,7811.25,Call GEX 1,GEX,466378.686,7569.323886351733,9244.833399758869
2026-09-01 11:43:37,7800.0,7811.25,Put VEX 2,VEX,-1728869.676,7569.323886351733,9244.833399758869
2026-09-01 11:43:37,7850.0,7861.25,Call GEX 4,GEX,249499.85,7569.323886351733,9244.833399758869
2026-09-01 11:43:37,7900.0,7911.5,Call GEX 2,GEX,341953.887,7569.323886351733,9244.833399758869
2026-09-01 11:43:37,7900.0,7911.5,Put VEX 5,VEX,-957596.477,7569.323886351733,9244.833399758869
2026-09-01 11:43:37,7950.0,7961.5,Call GEX 5,GEX,149294.003,7569.323886351733,9244.833399758869
2026-09-01 11:43:37,8000.0,8011.5,Put CEX 1,CEX,-3024067.572,7569.323886351733,9244.833399758869
2026-09-01 11:43:37,8000.0,8011.5,Put DEX 1,DEX,-2573.008,7569.323886351733,9244.833399758869
2026-09-01 11:43:37,8000.0,8011.5,Put GEX 4,GEX,-415951.635,7569.323886351733,9244.833399758869
2026-09-01 11:43:37,8000.0,8011.5,Put VEX 1,VEX,-10066701.37,7569.323886351733,9244.833399758869
2026-09-01 11:44:25,7000.0,7009.25,Call CEX 4,CEX,1589788.383,7582.886990851913,9247.503205288309
2026-09-01 11:44:25,7000.0,7009.25,Call DEX 1,DEX,871.204,7582.886990851913,9247.503205288309
2026-09-01 11:44:25,7000.0,7009.25,Put GEX 1,GEX,-722046.176,7582.886990851913,9247.503205288309
2026-09-01 11:44:25,7000.0,7009.25,Call VEX 1,VEX,7205073.878,7582.886990851913,9247.503205288309
2026-09-01 11:44:25,7200.0,7209.5,Call DEX 5,DEX,116.357,7582.886990851913,9247.503205288309
2026-09-01 11:44:25,7300.0,7309.75,Call DEX 2,DEX,242.424,7582.886990851913,9247.503205288309
2026-09-01 11:44:25,7300.0,7309.75,Call VEX 5,VEX,1676285.809,7582.886990851913,9247.503205288309
2026-09-01 11:44:25,7400.0,7409.75,Call DEX 3,DEX,177.706,7582.886990851913,9247.503205288309
2026-09-01 11:44:25,7400.0,7409.75,Call VEX 3,VEX,2068824.592,7582.886990851913,9247.503205288309
2026-09-01 11:44:25,7450.0,7459.75,Call DEX 4,DEX,177.458,7582.886990851913,9247.503205288309
2026-09-01 11:44:25,7450.0,7459.75,Call VEX 4,VEX,1782514.444,7582.886990851913,9247.503205288309
2026-09-01 11:44:25,7500.0,7510.0,Call CEX 3,CEX,1606398.788,7582.886990851913,9247.503205288309
2026-09-01 11:44:25,7500.0,7510.0,Put GEX 2,GEX,-614757.843,7582.886990851913,9247.503205288309
2026-09-01 11:44:25,7500.0,7510.0,Call VEX 2,VEX,2671506.075,7582.886990851913,9247.503205288309
2026-09-01 11:44:25,7515.0,7525.0,Call CEX 2,CEX,1824154.472,7582.886990851913,9247.503205288309
2026-09-01 11:44:25,7550.0,7560.0,Call CEX 5,CEX,1560288.778,7582.886990851913,9247.503205288309
2026-09-01 11:44:25,7550.0,7560.0,Put GEX 3,GEX,-420061.447,7582.886990851913,9247.503205288309
2026-09-01 11:44:25,7600.0,7610.0,Call CEX 1,CEX,3466475.865,7582.886990851913,9247.503205288309
2026-09-01 11:44:25,7600.0,7610.0,Put GEX 5,GEX,-416466.976,7582.886990851913,9247.503205288309
2026-09-01 11:44:25,7625.0,7635.0,Put CEX 2,CEX,-2529143.752,7582.886990851913,9247.503205288309
2026-09-01 11:44:25,7630.0,7640.0,Put CEX 4,CEX,-2082903.56,7582.886990851913,9247.503205288309
2026-09-01 11:44:25,7650.0,7660.25,Put CEX 3,CEX,-2281870.704,7582.886990851913,9247.503205288309
2026-09-01 11:44:25,7650.0,7660.25,Put DEX 4,DEX,-92.216,7582.886990851913,9247.503205288309
2026-09-01 11:44:25,7700.0,7710.25,Put CEX 5,CEX,-1777295.493,7582.886990851913,9247.503205288309
2026-09-01 11:44:25,7700.0,7710.25,Put DEX 2,DEX,-229.334,7582.886990851913,9247.503205288309
2026-09-01 11:44:25,7700.0,7710.25,Put VEX 3,VEX,-1164066.773,7582.886990851913,9247.503205288309
2026-09-01 11:44:25,7750.0,7760.25,Put DEX 3,DEX,-108.604,7582.886990851913,9247.503205288309
2026-09-01 11:44:25,7750.0,7760.25,Call GEX 3,GEX,254089.669,7582.886990851913,9247.503205288309
2026-09-01 11:44:25,7750.0,7760.25,Put VEX 4,VEX,-1150004.872,7582.886990851913,9247.503205288309
2026-09-01 11:44:25,7800.0,7810.25,Put DEX 5,DEX,-86.693,7582.886990851913,9247.503205288309
2026-09-01 11:44:25,7800.0,7810.25,Call GEX 1,GEX,462769.065,7582.886990851913,9247.503205288309
2026-09-01 11:44:25,7800.0,7810.25,Put VEX 2,VEX,-1733405.32,7582.886990851913,9247.503205288309
2026-09-01 11:44:25,7850.0,7860.5,Call GEX 4,GEX,247402.01,7582.886990851913,9247.503205288309
2026-09-01 11:44:25,7900.0,7910.5,Call GEX 2,GEX,340164.717,7582.886990851913,9247.503205288309
2026-09-01 11:44:25,7900.0,7910.5,Put VEX 5,VEX,-956855.969,7582.886990851913,9247.503205288309
2026-09-01 11:44:25,7950.0,7960.5,Call GEX 5,GEX,148095.962,7582.886990851913,9247.503205288309
2026-09-01 11:44:25,8000.0,8010.5,Put CEX 1,CEX,-3027272.188,7582.886990851913,9247.503205288309
2026-09-01 11:44:25,8000.0,8010.5,Put DEX 1,DEX,-2571.58,7582.886990851913,9247.503205288309
2026-09-01 11:44:25,8000.0,8010.5,Put GEX 4,GEX,-419909.631,7582.886990851913,9247.503205288309
2026-09-01 11:44:25,8000.0,8010.5,Put VEX 1,VEX,-10074301.757,7582.886990851913,9247.503205288309
2026-09-01 11:45:13,7000.0,7008.5,Call CEX 4,CEX,1594992.0,7585.390174154524,9244.65617135638
2026-09-01 11:45:13,7000.0,7008.5,Call DEX 1,DEX,830.165,7585.390174154524,9244.65617135638
2026-09-01 11:45:13,7000.0,7008.5,Put GEX 1,GEX,-724105.448,7585.390174154524,9244.65617135638
2026-09-01 11:45:13,7000.0,7008.5,Call VEX 1,VEX,7275552.123,7585.390174154524,9244.65617135638
2026-09-01 11:45:13,7200.0,7208.75,Call DEX 5,DEX,115.896,7585.390174154524,9244.65617135638
2026-09-01 11:45:13,7300.0,7309.0,Call DEX 2,DEX,241.303,7585.390174154524,9244.65617135638
2026-09-01 11:45:13,7300.0,7309.0,Call VEX 5,VEX,1677295.697,7585.390174154524,9244.65617135638
2026-09-01 11:45:13,7400.0,7409.0,Call DEX 3,DEX,174.825,7585.390174154524,9244.65617135638
2026-09-01 11:45:13,7400.0,7409.0,Call VEX 3,VEX,2063857.657,7585.390174154524,9244.65617135638
2026-09-01 11:45:13,7450.0,7459.25,Call DEX 4,DEX,174.345,7585.390174154524,9244.65617135638
2026-09-01 11:45:13,7450.0,7459.25,Call VEX 4,VEX,1779212.04,7585.390174154524,9244.65617135638
2026-09-01 11:45:13,7500.0,7509.25,Call CEX 3,CEX,1662203.894,7585.390174154524,9244.65617135638
2026-09-01 11:45:13,7500.0,7509.25,Put GEX 2,GEX,-612587.529,7585.390174154524,9244.65617135638
2026-09-01 11:45:13,7500.0,7509.25,Call VEX 2,VEX,2651817.945,7585.390174154524,9244.65617135638
2026-09-01 11:45:13,7515.0,7524.25,Call CEX 2,CEX,1836942.794,7585.390174154524,9244.65617135638
2026-09-01 11:45:13,7550.0,7559.25,Call CEX 5,CEX,1539277.481,7585.390174154524,9244.65617135638
2026-09-01 11:45:13,7550.0,7559.25,Put GEX 4,GEX,-417058.918,7585.390174154524,9244.65617135638
2026-09-01 11:45:13,7600.0,7609.25,Call CEX 1,CEX,3328151.576,7585.390174154524,9244.65617135638
2026-09-01 11:45:13,7600.0,7609.25,Put GEX 5,GEX,-401327.948,7585.390174154524,9244.65617135638
2026-09-01 11:45:13,7625.0,7634.25,Put CEX 4,CEX,-2521144.204,7585.390174154524,9244.65617135638
2026-09-01 11:45:13,7650.0,7659.5,Put CEX 2,CEX,-3003494.635,7585.390174154524,9244.65617135638
2026-09-01 11:45:13,7650.0,7659.5,Put DEX 4,DEX,-92.042,7585.390174154524,9244.65617135638
2026-09-01 11:45:13,7675.0,7684.5,Put CEX 3,CEX,-2682031.082,7585.390174154524,9244.65617135638
2026-09-01 11:45:13,7700.0,7709.5,Put CEX 5,CEX,-2449593.81,7585.390174154524,9244.65617135638
2026-09-01 11:45:13,7700.0,7709.5,Put DEX 2,DEX,-230.246,7585.390174154524,9244.65617135638
2026-09-01 11:45:13,7700.0,7709.5,Put VEX 3,VEX,-1188532.392,7585.390174154524,9244.65617135638
2026-09-01 11:45:13,7750.0,7759.5,Put DEX 3,DEX,-103.121,7585.390174154524,9244.65617135638
2026-09-01 11:45:13,7750.0,7759.5,Call GEX 3,GEX,260044.272,7585.390174154524,9244.65617135638
2026-09-01 11:45:13,7750.0,7759.5,Put VEX 4,VEX,-1146531.198,7585.390174154524,9244.65617135638
2026-09-01 11:45:13,7800.0,7809.5,Put DEX 5,DEX,-84.163,7585.390174154524,9244.65617135638
2026-09-01 11:45:13,7800.0,7809.5,Call GEX 1,GEX,461125.834,7585.390174154524,9244.65617135638
2026-09-01 11:45:13,7800.0,7809.5,Put VEX 2,VEX,-1734490.993,7585.390174154524,9244.65617135638
2026-09-01 11:45:13,7850.0,7859.75,Call GEX 4,GEX,246811.378,7585.390174154524,9244.65617135638
2026-09-01 11:45:13,7900.0,7909.75,Call GEX 2,GEX,338368.071,7585.390174154524,9244.65617135638
2026-09-01 11:45:13,7900.0,7909.75,Put VEX 5,VEX,-954678.268,7585.390174154524,9244.65617135638
2026-09-01 11:45:13,7950.0,7959.75,Call GEX 5,GEX,147239.973,7585.390174154524,9244.65617135638
2026-09-01 11:45:13,8000.0,8009.75,Put CEX 1,CEX,-3030328.239,7585.390174154524,9244.65617135638
2026-09-01 11:45:13,8000.0,8009.75,Put DEX 1,DEX,-2564.61,7585.390174154524,9244.65617135638
2026-09-01 11:45:13,8000.0,8009.75,Put GEX 3,GEX,-450058.134,7585.390174154524,9244.65617135638
2026-09-01 11:45:13,8000.0,8009.75,Put VEX 1,VEX,-10062610.952,7585.390174154524,9244.65617135638
2026-09-01 11:46:02,7000.0,7009.5,Call CEX 4,CEX,1610006.145,7578.592739584881,9242.880127369708
2026-09-01 11:46:02,7000.0,7009.5,Call DEX 1,DEX,865.83,7578.592739584881,9242.880127369708
2026-09-01 11:46:02,7000.0,7009.5,Put GEX 1,GEX,-737576.605,7578.592739584881,9242.880127369708
2026-09-01 11:46:02,7000.0,7009.5,Call VEX 1,VEX,7237631.618,7578.592739584881,9242.880127369708
2026-09-01 11:46:02,7200.0,7209.75,Call DEX 5,DEX,114.986,7578.592739584881,9242.880127369708
2026-09-01 11:46:02,7300.0,7310.0,Call DEX 2,DEX,239.542,7578.592739584881,9242.880127369708
2026-09-01 11:46:02,7300.0,7310.0,Call VEX 5,VEX,1683299.21,7578.592739584881,9242.880127369708
2026-09-01 11:46:02,7400.0,7410.0,Call DEX 4,DEX,173.059,7578.592739584881,9242.880127369708
2026-09-01 11:46:02,7400.0,7410.0,Call VEX 3,VEX,2059276.171,7578.592739584881,9242.880127369708
2026-09-01 11:46:02,7450.0,7460.25,Call DEX 3,DEX,177.147,7578.592739584881,9242.880127369708
2026-09-01 11:46:02,7450.0,7460.25,Call VEX 4,VEX,1769681.227,7578.592739584881,9242.880127369708
2026-09-01 11:46:02,7500.0,7510.25,Call CEX 3,CEX,1638319.292,7578.592739584881,9242.880127369708
2026-09-01 11:46:02,7500.0,7510.25,Put GEX 2,GEX,-617995.292,7578.592739584881,9242.880127369708
2026-09-01 11:46:02,7500.0,7510.25,Call VEX 2,VEX,2626526.448,7578.592739584881,9242.880127369708
2026-09-01 11:46:02,7515.0,7525.25,Call CEX 2,CEX,1868568.321,7578.592739584881,9242.880127369708
2026-09-01 11:46:02,7550.0,7560.25,Call CEX 5,CEX,1593137.062,7578.592739584881,9242.880127369708
2026-09-01 11:46:02,7550.0,7560.25,Put GEX 5,GEX,-423448.176,7578.592739584881,9242.880127369708
2026-09-01 11:46:02,7600.0,7610.25,Call CEX 1,CEX,3161676.982,7578.592739584881,9242.880127369708
2026-09-01 11:46:02,7600.0,7610.25,Put GEX 4,GEX,-438086.339,7578.592739584881,9242.880127369708
2026-09-01 11:46:02,7625.0,7635.5,Put CEX 2,CEX,-2965690.984,7578.592739584881,9242.880127369708
2026-09-01 11:46:02,7630.0,7640.5,Put CEX 3,CEX,-2155143.995,7578.592739584881,9242.880127369708
2026-09-01 11:46:02,7650.0,7660.5,Put CEX 4,CEX,-1963060.006,7578.592739584881,9242.880127369708
2026-09-01 11:46:02,7650.0,7660.5,Put DEX 4,DEX,-96.113,7578.592739584881,9242.880127369708
2026-09-01 11:46:02,7700.0,7710.5,Put CEX 5,CEX,-1438474.381,7578.592739584881,9242.880127369708
2026-09-01 11:46:02,7700.0,7710.5,Put DEX 2,DEX,-222.337,7578.592739584881,9242.880127369708
2026-09-01 11:46:02,7700.0,7710.5,Put VEX 3,VEX,-1196285.115,7578.592739584881,9242.880127369708
2026-09-01 11:46:02,7750.0,7760.5,Put DEX 3,DEX,-105.457,7578.592739584881,9242.880127369708
2026-09-01 11:46:02,7750.0,7760.5,Call GEX 3,GEX,255658.492,7578.592739584881,9242.880127369708
2026-09-01 11:46:02,7750.0,7760.5,Put VEX 4,VEX,-1155151.331,7578.592739584881,9242.880127369708
2026-09-01 11:46:02,7800.0,7810.75,Put DEX 5,DEX,-86.284,7578.592739584881,9242.880127369708
2026-09-01 11:46:02,7800.0,7810.75,Call GEX 1,GEX,456526.788,7578.592739584881,9242.880127369708
2026-09-01 11:46:02,7800.0,7810.75,Put VEX 2,VEX,-1739739.787,7578.592739584881,9242.880127369708
2026-09-01 11:46:02,7850.0,7860.75,Call GEX 4,GEX,244598.828,7578.592739584881,9242.880127369708
2026-09-01 11:46:02,7900.0,7910.75,Call GEX 2,GEX,335572.412,7578.592739584881,9242.880127369708
2026-09-01 11:46:02,7900.0,7910.75,Put VEX 5,VEX,-952861.295,7578.592739584881,9242.880127369708
2026-09-01 11:46:02,7950.0,7960.75,Call GEX 5,GEX,145637.83,7578.592739584881,9242.880127369708
2026-09-01 11:46:02,8000.0,8011.0,Put CEX 1,CEX,-3003671.97,7578.592739584881,9242.880127369708
2026-09-01 11:46:02,8000.0,8011.0,Put DEX 1,DEX,-2572.024,7578.592739584881,9242.880127369708
2026-09-01 11:46:02,8000.0,8011.0,Put GEX 3,GEX,-446918.153,7578.592739584881,9242.880127369708
2026-09-01 11:46:02,8000.0,8011.0,Put VEX 1,VEX,-10000591.082,7578.592739584881,9242.880127369708
2026-09-01 11:46:50,7000.0,7009.75,Call CEX 4,CEX,1635469.38,7577.436553684836,9243.185215884132
2026-09-01 11:46:50,7000.0,7009.75,Call DEX 1,DEX,854.855,7577.436553684836,9243.185215884132
2026-09-01 11:46:50,7000.0,7009.75,Put GEX 1,GEX,-710533.207,7577.436553684836,9243.185215884132
2026-09-01 11:46:50,7000.0,7009.75,Call VEX 1,VEX,7418948.889,7577.436553684836,9243.185215884132
2026-09-01 11:46:50,7200.0,7210.25,Call DEX 5,DEX,113.501,7577.436553684836,9243.185215884132
2026-09-01 11:46:50,7300.0,7310.25,Call DEX 2,DEX,237.765,7577.436553684836,9243.185215884132
2026-09-01 11:46:50,7300.0,7310.25,Call VEX 5,VEX,1692616.47,7577.436553684836,9243.185215884132
2026-09-01 11:46:50,7400.0,7410.5,Call DEX 4,DEX,172.022,7577.436553684836,9243.185215884132
2026-09-01 11:46:50,7400.0,7410.5,Call VEX 3,VEX,2058710.903,7577.436553684836,9243.185215884132
2026-09-01 11:46:50,7450.0,7460.5,Call DEX 3,DEX,176.413,7577.436553684836,9243.185215884132
2026-09-01 11:46:50,7450.0,7460.5,Call VEX 4,VEX,1771554.009,7577.436553684836,9243.185215884132
2026-09-01 11:46:50,7500.0,7510.5,Call CEX 3,CEX,1670028.701,7577.436553684836,9243.185215884132
2026-09-01 11:46:50,7500.0,7510.5,Put GEX 2,GEX,-625317.715,7577.436553684836,9243.185215884132
2026-09-01 11:46:50,7500.0,7510.5,Call VEX 2,VEX,2623731.814,7577.436553684836,9243.185215884132
2026-09-01 11:46:50,7515.0,7525.5,Call CEX 2,CEX,1882123.049,7577.436553684836,9243.185215884132
2026-09-01 11:46:50,7550.0,7560.5,Call CEX 5,CEX,1629829.506,7577.436553684836,9243.185215884132
2026-09-01 11:46:50,7550.0,7560.5,Put GEX 4,GEX,-431235.438,7577.436553684836,9243.185215884132
2026-09-01 11:46:50,7600.0,7610.75,Call CEX 1,CEX,3172248.555,7577.436553684836,9243.185215884132
2026-09-01 11:46:50,7600.0,7610.75,Put GEX 3,GEX,-469742.941,7577.436553684836,9243.185215884132
2026-09-01 11:46:50,7620.0,7630.75,Put CEX 5,CEX,-1180242.999,7577.436553684836,9243.185215884132
2026-09-01 11:46:50,7625.0,7635.75,Put CEX 1,CEX,-3121435.268,7577.436553684836,9243.185215884132
2026-09-01 11:46:50,7630.0,7640.75,Put CEX 3,CEX,-2093379.521,7577.436553684836,9243.185215884132
2026-09-01 11:46:50,7650.0,7660.75,Put DEX 5,DEX,-75.952,7577.436553684836,9243.185215884132
2026-09-01 11:46:50,7700.0,7710.75,Put CEX 4,CEX,-1430177.793,7577.436553684836,9243.185215884132
2026-09-01 11:46:50,7700.0,7710.75,Put DEX 2,DEX,-223.633,7577.436553684836,9243.185215884132
2026-09-01 11:46:50,7700.0,7710.75,Put VEX 3,VEX,-1200601.417,7577.436553684836,9243.185215884132
2026-09-01 11:46:50,7750.0,7761.0,Put DEX 3,DEX,-106.115,7577.436553684836,9243.185215884132
2026-09-01 11:46:50,7750.0,7761.0,Call GEX 3,GEX,252249.551,7577.436553684836,9243.185215884132
2026-09-01 11:46:50,7750.0,7761.0,Put VEX 4,VEX,-1154611.935,7577.436553684836,9243.185215884132
2026-09-01 11:46:50,7800.0,7811.0,Put DEX 4,DEX,-87.733,7577.436553684836,9243.185215884132
2026-09-01 11:46:50,7800.0,7811.0,Call GEX 1,GEX,453200.309,7577.436553684836,9243.185215884132
2026-09-01 11:46:50,7800.0,7811.0,Put VEX 2,VEX,-1740455.507,7577.436553684836,9243.185215884132
2026-09-01 11:46:50,7850.0,7861.0,Call GEX 4,GEX,243683.275,7577.436553684836,9243.185215884132
2026-09-01 11:46:50,7900.0,7911.0,Call GEX 2,GEX,334336.933,7577.436553684836,9243.185215884132
2026-09-01 11:46:50,7900.0,7911.0,Put VEX 5,VEX,-953864.4,7577.436553684836,9243.185215884132
2026-09-01 11:46:50,7950.0,7961.25,Call GEX 5,GEX,145449.778,7577.436553684836,9243.185215884132
2026-09-01 11:46:50,8000.0,8011.25,Put CEX 2,CEX,-2958846.196,7577.436553684836,9243.185215884132
2026-09-01 11:46:50,8000.0,8011.25,Put DEX 1,DEX,-2590.622,7577.436553684836,9243.185215884132
2026-09-01 11:46:50,8000.0,8011.25,Put GEX 5,GEX,-426898.973,7577.436553684836,9243.185215884132
2026-09-01 11:46:50,8000.0,8011.25,Put VEX 1,VEX,-9925979.406,7577.436553684836,9243.185215884132
2026-09-01 11:47:36,7000.0,7009.75,Call CEX 5,CEX,1620699.736,7577.48921815574,9242.107289828527
2026-09-01 11:47:36,7000.0,7009.75,Call DEX 1,DEX,862.254,7577.48921815574,9242.107289828527
2026-09-01 11:47:36,7000.0,7009.75,Put GEX 1,GEX,-715048.192,7577.48921815574,9242.107289828527
2026-09-01 11:47:36,7000.0,7009.75,Call VEX 1,VEX,7331417.676,7577.48921815574,9242.107289828527
2026-09-01 11:47:36,7200.0,7210.25,Call DEX 5,DEX,114.5,7577.48921815574,9242.107289828527
2026-09-01 11:47:36,7300.0,7310.25,Call DEX 2,DEX,239.911,7577.48921815574,9242.107289828527
2026-09-01 11:47:36,7300.0,7310.25,Call VEX 5,VEX,1687913.431,7577.48921815574,9242.107289828527
2026-09-01 11:47:36,7400.0,7410.5,Call DEX 4,DEX,175.151,7577.48921815574,9242.107289828527
2026-09-01 11:47:36,7400.0,7410.5,Call VEX 3,VEX,2065818.859,7577.48921815574,9242.107289828527
2026-09-01 11:47:36,7450.0,7460.5,Call DEX 3,DEX,179.62,7577.48921815574,9242.107289828527
2026-09-01 11:47:36,7450.0,7460.5,Call VEX 4,VEX,1783206.04,7577.48921815574,9242.107289828527
2026-09-01 11:47:36,7500.0,7510.5,Call CEX 3,CEX,1692011.95,7577.48921815574,9242.107289828527
2026-09-01 11:47:36,7500.0,7510.5,Put GEX 2,GEX,-620991.607,7577.48921815574,9242.107289828527
2026-09-01 11:47:36,7500.0,7510.5,Call VEX 2,VEX,2654834.518,7577.48921815574,9242.107289828527
2026-09-01 11:47:36,7515.0,7525.5,Call CEX 2,CEX,1872708.469,7577.48921815574,9242.107289828527
2026-09-01 11:47:36,7550.0,7560.5,Call CEX 4,CEX,1622957.268,7577.48921815574,9242.107289828527
2026-09-01 11:47:36,7550.0,7560.5,Put GEX 4,GEX,-426396.069,7577.48921815574,9242.107289828527
2026-09-01 11:47:36,7600.0,7610.75,Call CEX 1,CEX,3505664.303,7577.48921815574,9242.107289828527
2026-09-01 11:47:36,7600.0,7610.75,Put GEX 3,GEX,-449584.711,7577.48921815574,9242.107289828527
2026-09-01 11:47:36,7625.0,7635.75,Put CEX 1,CEX,-2968832.495,7577.48921815574,9242.107289828527
2026-09-01 11:47:36,7630.0,7640.75,Put CEX 3,CEX,-2156757.651,7577.48921815574,9242.107289828527
2026-09-01 11:47:36,7635.0,7645.75,Put CEX 5,CEX,-1012820.774,7577.48921815574,9242.107289828527
2026-09-01 11:47:36,7650.0,7660.75,Put DEX 5,DEX,-73.392,7577.48921815574,9242.107289828527
2026-09-01 11:47:36,7700.0,7710.75,Put CEX 4,CEX,-1436225.495,7577.48921815574,9242.107289828527
2026-09-01 11:47:36,7700.0,7710.75,Put DEX 2,DEX,-219.208,7577.48921815574,9242.107289828527
2026-09-01 11:47:36,7700.0,7710.75,Put VEX 3,VEX,-1172891.497,7577.48921815574,9242.107289828527
2026-09-01 11:47:36,7750.0,7761.0,Put DEX 3,DEX,-91.827,7577.48921815574,9242.107289828527
2026-09-01 11:47:36,7750.0,7761.0,Call GEX 3,GEX,262357.877,7577.48921815574,9242.107289828527
2026-09-01 11:47:36,7750.0,7761.0,Put VEX 4,VEX,-1137884.986,7577.48921815574,9242.107289828527
2026-09-01 11:47:36,7800.0,7811.0,Put DEX 4,DEX,-85.894,7577.48921815574,9242.107289828527
2026-09-01 11:47:36,7800.0,7811.0,Call GEX 1,GEX,458138.286,7577.48921815574,9242.107289828527
2026-09-01 11:47:36,7800.0,7811.0,Put VEX 2,VEX,-1734375.931,7577.48921815574,9242.107289828527
2026-09-01 11:47:36,7850.0,7861.0,Call GEX 4,GEX,246139.884,7577.48921815574,9242.107289828527
2026-09-01 11:47:36,7900.0,7911.0,Call GEX 2,GEX,337315.376,7577.48921815574,9242.107289828527
2026-09-01 11:47:36,7900.0,7911.0,Put VEX 5,VEX,-955617.377,7577.48921815574,9242.107289828527
2026-09-01 11:47:36,7950.0,7961.25,Call GEX 5,GEX,146770.35,7577.48921815574,9242.107289828527
2026-09-01 11:47:36,8000.0,8011.25,Put CEX 2,CEX,-2961594.834,7577.48921815574,9242.107289828527
2026-09-01 11:47:36,8000.0,8011.25,Put DEX 1,DEX,-2588.43,7577.48921815574,9242.107289828527
2026-09-01 11:47:36,8000.0,8011.25,Put GEX 5,GEX,-425028.276,7577.48921815574,9242.107289828527
2026-09-01 11:47:36,8000.0,8011.25,Put VEX 1,VEX,-9930354.91,7577.48921815574,9242.107289828527
2026-09-01 11:48:23,7000.0,7009.75,Call CEX 5,CEX,1598311.274,7578.388322609027,9239.71607171018
2026-09-01 11:48:23,7000.0,7009.75,Call DEX 1,DEX,871.11,7578.388322609027,9239.71607171018
2026-09-01 11:48:23,7000.0,7009.75,Put GEX 1,GEX,-730538.313,7578.388322609027,9239.71607171018
2026-09-01 11:48:23,7000.0,7009.75,Call VEX 1,VEX,7195849.578,7578.388322609027,9239.71607171018
2026-09-01 11:48:23,7200.0,7210.0,Call DEX 5,DEX,115.808,7578.388322609027,9239.71607171018
2026-09-01 11:48:23,7300.0,7310.0,Call DEX 2,DEX,242.233,7578.388322609027,9239.71607171018
2026-09-01 11:48:23,7300.0,7310.0,Call VEX 5,VEX,1678171.475,7578.388322609027,9239.71607171018
2026-09-01 11:48:23,7400.0,7410.25,Call DEX 4,DEX,177.579,7578.388322609027,9239.71607171018
2026-09-01 11:48:23,7400.0,7410.25,Call VEX 3,VEX,2068933.719,7578.388322609027,9239.71607171018
2026-09-01 11:48:23,7450.0,7460.25,Call DEX 3,DEX,182.383,7578.388322609027,9239.71607171018
2026-09-01 11:48:23,7450.0,7460.25,Call VEX 4,VEX,1786118.374,7578.388322609027,9239.71607171018
2026-09-01 11:48:23,7500.0,7510.25,Call CEX 3,CEX,1654571.873,7578.388322609027,9239.71607171018
2026-09-01 11:48:23,7500.0,7510.25,Put GEX 2,GEX,-612826.571,7578.388322609027,9239.71607171018
2026-09-01 11:48:23,7500.0,7510.25,Call VEX 2,VEX,2675200.588,7578.388322609027,9239.71607171018
2026-09-01 11:48:23,7515.0,7525.25,Call CEX 2,CEX,1866594.415,7578.388322609027,9239.71607171018
2026-09-01 11:48:23,7550.0,7560.5,Call CEX 4,CEX,1606816.497,7578.388322609027,9239.71607171018
2026-09-01 11:48:23,7550.0,7560.5,Put GEX 5,GEX,-419042.473,7578.388322609027,9239.71607171018
2026-09-01 11:48:23,7600.0,7610.5,Call CEX 1,CEX,3609922.517,7578.388322609027,9239.71607171018
2026-09-01 11:48:23,7600.0,7610.5,Put GEX 4,GEX,-420074.68,7578.388322609027,9239.71607171018
2026-09-01 11:48:23,7625.0,7635.5,Put CEX 2,CEX,-2715443.02,7578.388322609027,9239.71607171018
2026-09-01 11:48:23,7630.0,7640.5,Put CEX 3,CEX,-2169270.565,7578.388322609027,9239.71607171018
2026-09-01 11:48:23,7640.0,7650.5,Put CEX 4,CEX,-1461534.362,7578.388322609027,9239.71607171018
2026-09-01 11:48:23,7650.0,7660.5,Put CEX 5,CEX,-1452987.821,7578.388322609027,9239.71607171018
2026-09-01 11:48:23,7650.0,7660.5,Put DEX 4,DEX,-92.686,7578.388322609027,9239.71607171018
2026-09-01 11:48:23,7700.0,7710.5,Put DEX 2,DEX,-215.927,7578.388322609027,9239.71607171018
2026-09-01 11:48:23,7700.0,7710.5,Put VEX 3,VEX,-1155872.004,7578.388322609027,9239.71607171018
2026-09-01 11:48:23,7750.0,7760.75,Put DEX 3,DEX,-102.203,7578.388322609027,9239.71607171018
2026-09-01 11:48:23,7750.0,7760.75,Call GEX 3,GEX,256837.487,7578.388322609027,9239.71607171018
2026-09-01 11:48:23,7750.0,7760.75,Put VEX 4,VEX,-1146783.459,7578.388322609027,9239.71607171018
2026-09-01 11:48:23,7800.0,7810.75,Put DEX 5,DEX,-83.974,7578.388322609027,9239.71607171018
2026-09-01 11:48:23,7800.0,7810.75,Call GEX 1,GEX,462914.113,7578.388322609027,9239.71607171018
2026-09-01 11:48:23,7800.0,7810.75,Put VEX 2,VEX,-1731992.735,7578.388322609027,9239.71607171018
2026-09-01 11:48:23,7850.0,7860.75,Call GEX 4,GEX,247907.666,7578.388322609027,9239.71607171018
2026-09-01 11:48:23,7900.0,7910.75,Call GEX 2,GEX,339587.171,7578.388322609027,9239.71607171018
2026-09-01 11:48:23,7900.0,7910.75,Put VEX 5,VEX,-957866.113,7578.388322609027,9239.71607171018
2026-09-01 11:48:23,7950.0,7961.0,Call GEX 5,GEX,147803.444,7578.388322609027,9239.71607171018
2026-09-01 11:48:23,8000.0,8011.0,Put CEX 1,CEX,-2995837.231,7578.388322609027,9239.71607171018
2026-09-01 11:48:23,8000.0,8011.0,Put DEX 1,DEX,-2575.484,7578.388322609027,9239.71607171018
2026-09-01 11:48:23,8000.0,8011.0,Put GEX 3,GEX,-438536.744,7578.388322609027,9239.71607171018
2026-09-01 11:48:23,8000.0,8011.0,Put VEX 1,VEX,-9983125.043,7578.388322609027,9239.71607171018
2026-09-01 11:49:09,7000.0,7009.5,Call CEX 4,CEX,1613367.783,7590.26644446192,9253.940118037044
2026-09-01 11:49:09,7000.0,7009.5,Call DEX 1,DEX,866.078,7590.26644446192,9253.940118037044
2026-09-01 11:49:09,7000.0,7009.5,Put GEX 1,GEX,-718835.045,7590.26644446192,9253.940118037044
2026-09-01 11:49:09,7000.0,7009.5,Call VEX 1,VEX,7276782.996,7590.26644446192,9253.940118037044
2026-09-01 11:49:09,7200.0,7209.75,Call DEX 5,DEX,115.438,7590.26644446192,9253.940118037044
2026-09-01 11:49:09,7300.0,7309.75,Call DEX 2,DEX,241.426,7590.26644446192,9253.940118037044
2026-09-01 11:49:09,7300.0,7309.75,Call VEX 5,VEX,1678270.864,7590.26644446192,9253.940118037044
2026-09-01 11:49:09,7400.0,7410.0,Call DEX 3,DEX,176.073,7590.26644446192,9253.940118037044
2026-09-01 11:49:09,7400.0,7410.0,Call VEX 3,VEX,2066104.717,7590.26644446192,9253.940118037044
2026-09-01 11:49:09,7450.0,7460.0,Call DEX 4,DEX,175.47,7590.26644446192,9253.940118037044
2026-09-01 11:49:09,7450.0,7460.0,Call VEX 4,VEX,1779496.678,7590.26644446192,9253.940118037044
2026-09-01 11:49:09,7500.0,7510.0,Call CEX 3,CEX,1629403.401,7590.26644446192,9253.940118037044
2026-09-01 11:49:09,7500.0,7510.0,Put GEX 2,GEX,-618395.337,7590.26644446192,9253.940118037044
2026-09-01 11:49:09,7500.0,7510.0,Call VEX 2,VEX,2653829.68,7590.26644446192,9253.940118037044
2026-09-01 11:49:09,7515.0,7525.0,Call CEX 2,CEX,1887358.056,7590.26644446192,9253.940118037044
2026-09-01 11:49:09,7550.0,7560.25,Put GEX 5,GEX,-422924.205,7590.26644446192,9253.940118037044
2026-09-01 11:49:09,7595.0,7605.25,Call CEX 5,CEX,1571838.262,7590.26644446192,9253.940118037044
2026-09-01 11:49:09,7600.0,7610.25,Call CEX 1,CEX,3474127.472,7590.26644446192,9253.940118037044
2026-09-01 11:49:09,7600.0,7610.25,Put GEX 4,GEX,-431513.562,7590.26644446192,9253.940118037044
2026-09-01 11:49:09,7625.0,7635.25,Put CEX 2,CEX,-2941437.407,7590.26644446192,9253.940118037044
2026-09-01 11:49:09,7630.0,7640.25,Put CEX 3,CEX,-2197797.064,7590.26644446192,9253.940118037044
2026-09-01 11:49:09,7650.0,7660.25,Put CEX 4,CEX,-2156327.341,7590.26644446192,9253.940118037044
2026-09-01 11:49:09,7650.0,7660.25,Put DEX 4,DEX,-94.188,7590.26644446192,9253.940118037044
2026-09-01 11:49:09,7700.0,7710.25,Put CEX 5,CEX,-2002822.034,7590.26644446192,9253.940118037044
2026-09-01 11:49:09,7700.0,7710.25,Put DEX 2,DEX,-232.399,7590.26644446192,9253.940118037044
2026-09-01 11:49:09,7700.0,7710.25,Put VEX 3,VEX,-1189226.745,7590.26644446192,9253.940118037044
2026-09-01 11:49:09,7750.0,7760.5,Put DEX 3,DEX,-110.688,7590.26644446192,9253.940118037044
2026-09-01 11:49:09,7750.0,7760.5,Call GEX 3,GEX,254265.154,7590.26644446192,9253.940118037044
2026-09-01 11:49:09,7750.0,7760.5,Put VEX 4,VEX,-1156169.522,7590.26644446192,9253.940118037044
2026-09-01 11:49:09,7800.0,7810.5,Put DEX 5,DEX,-88.267,7590.26644446192,9253.940118037044
2026-09-01 11:49:09,7800.0,7810.5,Call GEX 1,GEX,460929.367,7590.26644446192,9253.940118037044
2026-09-01 11:49:09,7800.0,7810.5,Put VEX 2,VEX,-1734017.444,7590.26644446192,9253.940118037044
2026-09-01 11:49:09,7850.0,7860.5,Call GEX 4,GEX,246019.527,7590.26644446192,9253.940118037044
2026-09-01 11:49:09,7900.0,7910.5,Call GEX 2,GEX,337091.287,7590.26644446192,9253.940118037044
2026-09-01 11:49:09,7900.0,7910.5,Put VEX 5,VEX,-955215.527,7590.26644446192,9253.940118037044
2026-09-01 11:49:09,7950.0,7960.75,Call GEX 5,GEX,146683.751,7590.26644446192,9253.940118037044
2026-09-01 11:49:09,8000.0,8010.75,Put CEX 1,CEX,-2982166.654,7590.26644446192,9253.940118037044
2026-09-01 11:49:09,8000.0,8010.75,Put DEX 1,DEX,-2551.805,7590.26644446192,9253.940118037044
2026-09-01 11:49:09,8000.0,8010.75,Put GEX 3,GEX,-443848.836,7590.26644446192,9253.940118037044
2026-09-01 11:49:09,8000.0,8010.75,Put VEX 1,VEX,-9991101.94,7590.26644446192,9253.940118037044
2026-09-01 11:49:56,7000.0,7009.25,Call CEX 3,CEX,1590476.932,7591.389167036514,9250.75526115778
2026-09-01 11:49:56,7000.0,7009.25,Call DEX 1,DEX,869.699,7591.389167036514,9250.75526115778
2026-09-01 11:49:56,7000.0,7009.25,Put GEX 1,GEX,-718752.703,7591.389167036514,9250.75526115778
2026-09-01 11:49:56,7000.0,7009.25,Call VEX 1,VEX,7167035.945,7591.389167036514,9250.75526115778
2026-09-01 11:49:56,7200.0,7209.5,Call DEX 5,DEX,117.036,7591.389167036514,9250.75526115778
2026-09-01 11:49:56,7300.0,7309.75,Call DEX 2,DEX,244.125,7591.389167036514,9250.75526115778
2026-09-01 11:49:56,7300.0,7309.75,Call VEX 5,VEX,1672692.333,7591.389167036514,9250.75526115778
2026-09-01 11:49:56,7400.0,7409.75,Call DEX 4,DEX,179.907,7591.389167036514,9250.75526115778
2026-09-01 11:49:56,7400.0,7409.75,Call VEX 3,VEX,2075093.229,7591.389167036514,9250.75526115778
2026-09-01 11:49:56,7450.0,7459.75,Call DEX 3,DEX,180.8,7591.389167036514,9250.75526115778
2026-09-01 11:49:56,7450.0,7459.75,Call VEX 4,VEX,1793370.95,7591.389167036514,9250.75526115778
2026-09-01 11:49:56,7500.0,7510.0,Put GEX 2,GEX,-607028.842,7591.389167036514,9250.75526115778
2026-09-01 11:49:56,7500.0,7510.0,Call VEX 2,VEX,2697289.513,7591.389167036514,9250.75526115778
2026-09-01 11:49:56,7515.0,7525.0,Call CEX 2,CEX,1863266.665,7591.389167036514,9250.75526115778
2026-09-01 11:49:56,7550.0,7560.0,Put GEX 4,GEX,-409426.126,7591.389167036514,9250.75526115778
2026-09-01 11:49:56,7595.0,7605.0,Call CEX 5,CEX,1515282.42,7591.389167036514,9250.75526115778
2026-09-01 11:49:56,7600.0,7610.0,Call CEX 1,CEX,3712159.259,7591.389167036514,9250.75526115778
2026-09-01 11:49:56,7600.0,7610.0,Put GEX 5,GEX,-393769.062,7591.389167036514,9250.75526115778
2026-09-01 11:49:56,7605.0,7615.0,Call CEX 4,CEX,1566942.955,7591.389167036514,9250.75526115778
2026-09-01 11:49:56,7625.0,7635.0,Put CEX 3,CEX,-2308861.396,7591.389167036514,9250.75526115778
2026-09-01 11:49:56,7650.0,7660.0,Put CEX 2,CEX,-2629461.539,7591.389167036514,9250.75526115778
2026-09-01 11:49:56,7650.0,7660.0,Put DEX 4,DEX,-89.223,7591.389167036514,9250.75526115778
2026-09-01 11:49:56,7675.0,7685.25,Put CEX 5,CEX,-2136521.75,7591.389167036514,9250.75526115778
2026-09-01 11:49:56,7700.0,7710.25,Put CEX 4,CEX,-2169412.805,7591.389167036514,9250.75526115778
2026-09-01 11:49:56,7700.0,7710.25,Put DEX 2,DEX,-224.625,7591.389167036514,9250.75526115778
2026-09-01 11:49:56,7700.0,7710.25,Put VEX 4,VEX,-1142278.857,7591.389167036514,9250.75526115778
2026-09-01 11:49:56,7750.0,7760.25,Put DEX 3,DEX,-106.634,7591.389167036514,9250.75526115778
2026-09-01 11:49:56,7750.0,7760.25,Call GEX 3,GEX,255273.183,7591.389167036514,9250.75526115778
2026-09-01 11:49:56,7750.0,7760.25,Put VEX 3,VEX,-1144543.31,7591.389167036514,9250.75526115778
2026-09-01 11:49:56,7800.0,7810.25,Put DEX 5,DEX,-85.067,7591.389167036514,9250.75526115778
2026-09-01 11:49:56,7800.0,7810.25,Call GEX 1,GEX,468004.959,7591.389167036514,9250.75526115778
2026-09-01 11:49:56,7800.0,7810.25,Put VEX 2,VEX,-1728989.037,7591.389167036514,9250.75526115778
2026-09-01 11:49:56,7850.0,7860.5,Call GEX 4,GEX,249972.914,7591.389167036514,9250.75526115778
2026-09-01 11:49:56,7900.0,7910.5,Call GEX 2,GEX,342355.929,7591.389167036514,9250.75526115778
2026-09-01 11:49:56,7900.0,7910.5,Put VEX 5,VEX,-958084.837,7591.389167036514,9250.75526115778
2026-09-01 11:49:56,7950.0,7960.5,Call GEX 5,GEX,149166.837,7591.389167036514,9250.75526115778
2026-09-01 11:49:56,8000.0,8010.5,Put CEX 1,CEX,-3004849.764,7591.389167036514,9250.75526115778
2026-09-01 11:49:56,8000.0,8010.5,Put DEX 1,DEX,-2547.387,7591.389167036514,9250.75526115778
2026-09-01 11:49:56,8000.0,8010.5,Put GEX 3,GEX,-436580.153,7591.389167036514,9250.75526115778
2026-09-01 11:49:56,8000.0,8010.5,Put VEX 1,VEX,-10027406.417,7591.389167036514,9250.75526115778
2026-09-01 11:50:44,7000.0,7010.0,Call CEX 3,CEX,1603174.461,7575.308643297597,9244.702147250067
2026-09-01 11:50:44,7000.0,7010.0,Call DEX 1,DEX,867.07,7575.308643297597,9244.702147250067
2026-09-01 11:50:44,7000.0,7010.0,Put GEX 1,GEX,-705882.733,7575.308643297597,9244.702147250067
2026-09-01 11:50:44,7000.0,7010.0,Call VEX 1,VEX,7223217.22,7575.308643297597,9244.702147250067
2026-09-01 11:50:44,7200.0,7210.25,Call DEX 5,DEX,117.561,7575.308643297597,9244.702147250067
2026-09-01 11:50:44,7300.0,7310.25,Call DEX 2,DEX,244.384,7575.308643297597,9244.702147250067
2026-09-01 11:50:44,7300.0,7310.25,Call VEX 5,VEX,1673043.452,7575.308643297597,9244.702147250067
2026-09-01 11:50:44,7400.0,7410.5,Call DEX 4,DEX,181.019,7575.308643297597,9244.702147250067
2026-09-01 11:50:44,7400.0,7410.5,Call VEX 3,VEX,2076417.917,7575.308643297597,9244.702147250067
2026-09-01 11:50:44,7450.0,7460.5,Call DEX 3,DEX,185.895,7575.308643297597,9244.702147250067
2026-09-01 11:50:44,7450.0,7460.5,Call VEX 4,VEX,1798535.89,7575.308643297597,9244.702147250067
2026-09-01 11:50:44,7500.0,7510.5,Call CEX 5,CEX,1551807.331,7575.308643297597,9244.702147250067
2026-09-01 11:50:44,7500.0,7510.5,Put GEX 2,GEX,-612171.24,7575.308643297597,9244.702147250067
2026-09-01 11:50:44,7500.0,7510.5,Call VEX 2,VEX,2701836.936,7575.308643297597,9244.702147250067
2026-09-01 11:50:44,7515.0,7525.75,Call CEX 2,CEX,1879601.679,7575.308643297597,9244.702147250067
2026-09-01 11:50:44,7550.0,7560.75,Put GEX 5,GEX,-412488.82,7575.308643297597,9244.702147250067
2026-09-01 11:50:44,7600.0,7610.75,Call CEX 1,CEX,3724057.016,7575.308643297597,9244.702147250067
2026-09-01 11:50:44,7605.0,7615.75,Call CEX 4,CEX,1600918.095,7575.308643297597,9244.702147250067
2026-09-01 11:50:44,7625.0,7635.75,Put CEX 2,CEX,-2561867.173,7575.308643297597,9244.702147250067
2026-09-01 11:50:44,7625.0,7635.75,Put GEX 3,GEX,-437541.329,7575.308643297597,9244.702147250067
2026-09-01 11:50:44,7630.0,7640.75,Put CEX 3,CEX,-2195050.073,7575.308643297597,9244.702147250067
2026-09-01 11:50:44,7635.0,7645.75,Put CEX 5,CEX,-1203504.0,7575.308643297597,9244.702147250067
2026-09-01 11:50:44,7650.0,7660.75,Put DEX 5,DEX,-69.667,7575.308643297597,9244.702147250067
2026-09-01 11:50:44,7700.0,7711.0,Put CEX 4,CEX,-1451448.937,7575.308643297597,9244.702147250067
2026-09-01 11:50:44,7700.0,7711.0,Put DEX 2,DEX,-213.145,7575.308643297597,9244.702147250067
2026-09-01 11:50:44,7700.0,7711.0,Put VEX 3,VEX,-1134445.952,7575.308643297597,9244.702147250067
2026-09-01 11:50:44,7750.0,7761.0,Put DEX 3,DEX,-96.499,7575.308643297597,9244.702147250067
2026-09-01 11:50:44,7750.0,7761.0,Call GEX 3,GEX,264062.953,7575.308643297597,9244.702147250067
2026-09-01 11:50:44,7750.0,7761.0,Put VEX 4,VEX,-1133781.175,7575.308643297597,9244.702147250067
2026-09-01 11:50:44,7800.0,7811.0,Put DEX 4,DEX,-76.068,7575.308643297597,9244.702147250067
2026-09-01 11:50:44,7800.0,7811.0,Call GEX 1,GEX,469343.788,7575.308643297597,9244.702147250067
2026-09-01 11:50:44,7800.0,7811.0,Put VEX 2,VEX,-1723320.95,7575.308643297597,9244.702147250067
2026-09-01 11:50:44,7850.0,7861.0,Call GEX 4,GEX,250045.006,7575.308643297597,9244.702147250067
2026-09-01 11:50:44,7900.0,7911.25,Call GEX 2,GEX,342006.816,7575.308643297597,9244.702147250067
2026-09-01 11:50:44,7900.0,7911.25,Put VEX 5,VEX,-957390.859,7575.308643297597,9244.702147250067
2026-09-01 11:50:44,7950.0,7961.25,Call GEX 5,GEX,148848.368,7575.308643297597,9244.702147250067
2026-09-01 11:50:44,8000.0,8011.25,Put CEX 1,CEX,-2989856.751,7575.308643297597,9244.702147250067
2026-09-01 11:50:44,8000.0,8011.25,Put DEX 1,DEX,-2555.304,7575.308643297597,9244.702147250067
2026-09-01 11:50:44,8000.0,8011.25,Put GEX 4,GEX,-427837.09,7575.308643297597,9244.702147250067
2026-09-01 11:50:44,8000.0,8011.25,Put VEX 1,VEX,-9993511.265,7575.308643297597,9244.702147250067
2026-09-01 11:51:31,7000.0,7009.5,Call CEX 3,CEX,1593662.651,7592.0818985563155,9245.568166769755
2026-09-01 11:51:31,7000.0,7009.5,Call DEX 1,DEX,870.22,7592.0818985563155,9245.568166769755
2026-09-01 11:51:31,7000.0,7009.5,Put GEX 1,GEX,-715214.416,7592.0818985563155,9245.568166769755
2026-09-01 11:51:31,7000.0,7009.5,Call VEX 1,VEX,7163601.769,7592.0818985563155,9245.568166769755
2026-09-01 11:51:31,7200.0,7209.75,Call DEX 5,DEX,117.797,7592.0818985563155,9245.568166769755
2026-09-01 11:51:31,7300.0,7310.0,Call DEX 2,DEX,244.988,7592.0818985563155,9245.568166769755
2026-09-01 11:51:31,7300.0,7310.0,Call VEX 5,VEX,1667606.839,7592.0818985563155,9245.568166769755
2026-09-01 11:51:31,7400.0,7410.0,Call DEX 4,DEX,180.446,7592.0818985563155,9245.568166769755
2026-09-01 11:51:31,7400.0,7410.0,Call VEX 3,VEX,2075164.43,7592.0818985563155,9245.568166769755
2026-09-01 11:51:31,7450.0,7460.0,Call DEX 3,DEX,181.003,7592.0818985563155,9245.568166769755
2026-09-01 11:51:31,7450.0,7460.0,Call VEX 4,VEX,1793900.569,7592.0818985563155,9245.568166769755
2026-09-01 11:51:31,7500.0,7510.25,Put GEX 2,GEX,-611715.173,7592.0818985563155,9245.568166769755
2026-09-01 11:51:31,7500.0,7510.25,Call VEX 2,VEX,2701223.498,7592.0818985563155,9245.568166769755
2026-09-01 11:51:31,7515.0,7525.25,Call CEX 2,CEX,1881530.645,7592.0818985563155,9245.568166769755
2026-09-01 11:51:31,7550.0,7560.25,Put GEX 4,GEX,-411601.978,7592.0818985563155,9245.568166769755
2026-09-01 11:51:31,7595.0,7605.25,Call CEX 5,CEX,1532846.466,7592.0818985563155,9245.568166769755
2026-09-01 11:51:31,7600.0,7610.25,Call CEX 1,CEX,3741988.157,7592.0818985563155,9245.568166769755
2026-09-01 11:51:31,7600.0,7610.25,Put GEX 5,GEX,-401318.577,7592.0818985563155,9245.568166769755
2026-09-01 11:51:31,7605.0,7615.25,Call CEX 4,CEX,1558416.519,7592.0818985563155,9245.568166769755
2026-09-01 11:51:31,7625.0,7635.25,Put CEX 3,CEX,-2494098.395,7592.0818985563155,9245.568166769755
2026-09-01 11:51:31,7630.0,7640.25,Put CEX 4,CEX,-2163357.783,7592.0818985563155,9245.568166769755
2026-09-01 11:51:31,7650.0,7660.5,Put CEX 2,CEX,-2665949.215,7592.0818985563155,9245.568166769755
2026-09-01 11:51:31,7650.0,7660.5,Put DEX 4,DEX,-89.976,7592.0818985563155,9245.568166769755
2026-09-01 11:51:31,7700.0,7710.5,Put CEX 5,CEX,-2155794.56,7592.0818985563155,9245.568166769755
2026-09-01 11:51:31,7700.0,7710.5,Put DEX 2,DEX,-226.432,7592.0818985563155,9245.568166769755
2026-09-01 11:51:31,7700.0,7710.5,Put VEX 3,VEX,-1152542.264,7592.0818985563155,9245.568166769755
2026-09-01 11:51:31,7750.0,7760.5,Put DEX 3,DEX,-107.951,7592.0818985563155,9245.568166769755
2026-09-01 11:51:31,7750.0,7760.5,Call GEX 3,GEX,257239.669,7592.0818985563155,9245.568166769755
2026-09-01 11:51:31,7750.0,7760.5,Put VEX 4,VEX,-1145866.333,7592.0818985563155,9245.568166769755
2026-09-01 11:51:31,7800.0,7810.5,Put DEX 5,DEX,-85.733,7592.0818985563155,9245.568166769755
2026-09-01 11:51:31,7800.0,7810.5,Call GEX 1,GEX,466941.864,7592.0818985563155,9245.568166769755
2026-09-01 11:51:31,7800.0,7810.5,Put VEX 2,VEX,-1727903.593,7592.0818985563155,9245.568166769755
2026-09-01 11:51:31,7850.0,7860.75,Call GEX 4,GEX,249314.348,7592.0818985563155,9245.568166769755
2026-09-01 11:51:31,7900.0,7910.75,Call GEX 2,GEX,341182.062,7592.0818985563155,9245.568166769755
2026-09-01 11:51:31,7900.0,7910.75,Put VEX 5,VEX,-956087.248,7592.0818985563155,9245.568166769755
2026-09-01 11:51:31,7950.0,7960.75,Call GEX 5,GEX,148338.175,7592.0818985563155,9245.568166769755
2026-09-01 11:51:31,8000.0,8010.75,Put CEX 1,CEX,-2987274.44,7592.0818985563155,9245.568166769755
2026-09-01 11:51:31,8000.0,8010.75,Put DEX 1,DEX,-2552.096,7592.0818985563155,9245.568166769755
2026-09-01 11:51:31,8000.0,8010.75,Put GEX 3,GEX,-439692.743,7592.0818985563155,9245.568166769755
2026-09-01 11:51:31,8000.0,8010.75,Put VEX 1,VEX,-9990514.572,7592.0818985563155,9245.568166769755
2026-09-01 11:52:18,7000.0,7010.0,Call CEX 4,CEX,1595337.283,7576.894800654811,9244.178509601836
2026-09-01 11:52:18,7000.0,7010.0,Call DEX 1,DEX,869.468,7576.894800654811,9244.178509601836
2026-09-01 11:52:18,7000.0,7010.0,Put GEX 1,GEX,-708115.771,7576.894800654811,9244.178509601836
2026-09-01 11:52:18,7000.0,7010.0,Call VEX 1,VEX,7188125.342,7576.894800654811,9244.178509601836
2026-09-01 11:52:18,7200.0,7210.25,Call DEX 5,DEX,118.422,7576.894800654811,9244.178509601836
2026-09-01 11:52:18,7300.0,7310.5,Call DEX 2,DEX,245.491,7576.894800654811,9244.178509601836
2026-09-01 11:52:18,7300.0,7310.5,Call VEX 5,VEX,1667873.892,7576.894800654811,9244.178509601836
2026-09-01 11:52:18,7400.0,7410.5,Call DEX 4,DEX,181.667,7576.894800654811,9244.178509601836
2026-09-01 11:52:18,7400.0,7410.5,Call VEX 3,VEX,2077086.863,7576.894800654811,9244.178509601836
2026-09-01 11:52:18,7450.0,7460.75,Call DEX 3,DEX,186.641,7576.894800654811,9244.178509601836
2026-09-01 11:52:18,7450.0,7460.75,Call VEX 4,VEX,1799361.406,7576.894800654811,9244.178509601836
2026-09-01 11:52:18,7500.0,7510.75,Call CEX 5,CEX,1541604.884,7576.894800654811,9244.178509601836
2026-09-01 11:52:18,7500.0,7510.75,Put GEX 2,GEX,-612300.352,7576.894800654811,9244.178509601836
2026-09-01 11:52:18,7500.0,7510.75,Call VEX 2,VEX,2706682.47,7576.894800654811,9244.178509601836
2026-09-01 11:52:18,7515.0,7525.75,Call CEX 2,CEX,1893994.03,7576.894800654811,9244.178509601836
2026-09-01 11:52:18,7550.0,7560.75,Put GEX 5,GEX,-410886.686,7576.894800654811,9244.178509601836
2026-09-01 11:52:18,7600.0,7610.75,Call CEX 1,CEX,3767853.319,7576.894800654811,9244.178509601836
2026-09-01 11:52:18,7605.0,7615.75,Call CEX 3,CEX,1623373.682,7576.894800654811,9244.178509601836
2026-09-01 11:52:18,7625.0,7636.0,Put CEX 2,CEX,-2519406.859,7576.894800654811,9244.178509601836
2026-09-01 11:52:18,7625.0,7636.0,Put GEX 4,GEX,-428452.077,7576.894800654811,9244.178509601836
2026-09-01 11:52:18,7630.0,7641.0,Put CEX 3,CEX,-2203323.359,7576.894800654811,9244.178509601836
2026-09-01 11:52:18,7640.0,7651.0,Put CEX 5,CEX,-1402028.516,7576.894800654811,9244.178509601836
2026-09-01 11:52:18,7650.0,7661.0,Put DEX 5,DEX,-69.483,7576.894800654811,9244.178509601836
2026-09-01 11:52:18,7700.0,7711.0,Put CEX 4,CEX,-1455744.799,7576.894800654811,9244.178509601836
2026-09-01 11:52:18,7700.0,7711.0,Put DEX 2,DEX,-212.888,7576.894800654811,9244.178509601836
2026-09-01 11:52:18,7700.0,7711.0,Put VEX 4,VEX,-1132810.991,7576.894800654811,9244.178509601836
2026-09-01 11:52:18,7750.0,7761.0,Put DEX 3,DEX,-101.416,7576.894800654811,9244.178509601836
2026-09-01 11:52:18,7750.0,7761.0,Call GEX 3,GEX,263748.881,7576.894800654811,9244.178509601836
2026-09-01 11:52:18,7750.0,7761.0,Put VEX 3,VEX,-1135153.023,7576.894800654811,9244.178509601836
2026-09-01 11:52:18,7800.0,7811.25,Put DEX 4,DEX,-82.81,7576.894800654811,9244.178509601836
2026-09-01 11:52:18,7800.0,7811.25,Call GEX 1,GEX,469698.98,7576.894800654811,9244.178509601836
2026-09-01 11:52:18,7800.0,7811.25,Put VEX 2,VEX,-1725009.559,7576.894800654811,9244.178509601836
2026-09-01 11:52:18,7850.0,7861.25,Call GEX 4,GEX,250099.2,7576.894800654811,9244.178509601836
2026-09-01 11:52:18,7900.0,7911.25,Call GEX 2,GEX,342160.368,7576.894800654811,9244.178509601836
2026-09-01 11:52:18,7900.0,7911.25,Put VEX 5,VEX,-957514.547,7576.894800654811,9244.178509601836
2026-09-01 11:52:18,7950.0,7961.25,Call GEX 5,GEX,148913.704,7576.894800654811,9244.178509601836
2026-09-01 11:52:18,8000.0,8011.5,Put CEX 1,CEX,-2988118.149,7576.894800654811,9244.178509601836
2026-09-01 11:52:18,8000.0,8011.5,Put DEX 1,DEX,-2553.97,7576.894800654811,9244.178509601836
2026-09-01 11:52:18,8000.0,8011.5,Put GEX 3,GEX,-437487.194,7576.894800654811,9244.178509601836
2026-09-01 11:52:18,8000.0,8011.5,Put VEX 1,VEX,-9985324.298,7576.894800654811,9244.178509601836
2026-09-01 11:53:05,7000.0,7009.5,Call CEX 5,CEX,1548518.422,7588.8092063453,9243.153700221194
2026-09-01 11:53:05,7000.0,7009.5,Call DEX 1,DEX,843.0,7588.8092063453,9243.153700221194
2026-09-01 11:53:05,7000.0,7009.5,Put GEX 1,GEX,-717000.63,7588.8092063453,9243.153700221194
2026-09-01 11:53:05,7000.0,7009.5,Call VEX 1,VEX,7058024.847,7588.8092063453,9243.153700221194
2026-09-01 11:53:05,7200.0,7209.75,Call DEX 5,DEX,118.519,7588.8092063453,9243.153700221194
2026-09-01 11:53:05,7300.0,7310.0,Call DEX 2,DEX,245.9,7588.8092063453,9243.153700221194
2026-09-01 11:53:05,7300.0,7310.0,Call VEX 5,VEX,1665705.814,7588.8092063453,9243.153700221194
2026-09-01 11:53:05,7400.0,7410.0,Call DEX 4,DEX,183.493,7588.8092063453,9243.153700221194
2026-09-01 11:53:05,7400.0,7410.0,Call VEX 3,VEX,2080309.233,7588.8092063453,9243.153700221194
2026-09-01 11:53:05,7450.0,7460.0,Call DEX 3,DEX,183.867,7588.8092063453,9243.153700221194
2026-09-01 11:53:05,7450.0,7460.0,Call VEX 4,VEX,1800718.537,7588.8092063453,9243.153700221194
2026-09-01 11:53:05,7500.0,7510.25,Put GEX 2,GEX,-605606.031,7588.8092063453,9243.153700221194
2026-09-01 11:53:05,7500.0,7510.25,Call VEX 2,VEX,2726191.333,7588.8092063453,9243.153700221194
2026-09-01 11:53:05,7515.0,7525.25,Call CEX 2,CEX,1884282.17,7588.8092063453,9243.153700221194
2026-09-01 11:53:05,7550.0,7560.25,Put GEX 5,GEX,-406486.564,7588.8092063453,9243.153700221194
2026-09-01 11:53:05,7600.0,7610.25,Call CEX 1,CEX,3741334.143,7588.8092063453,9243.153700221194
2026-09-01 11:53:05,7605.0,7615.25,Call CEX 3,CEX,1700025.194,7588.8092063453,9243.153700221194
2026-09-01 11:53:05,7610.0,7620.25,Call CEX 4,CEX,1618298.955,7588.8092063453,9243.153700221194
2026-09-01 11:53:05,7625.0,7635.25,Put CEX 4,CEX,-2087882.784,7588.8092063453,9243.153700221194
2026-09-01 11:53:05,7625.0,7635.25,Put GEX 4,GEX,-426513.533,7588.8092063453,9243.153700221194
2026-09-01 11:53:05,7630.0,7640.25,Put CEX 3,CEX,-2094082.92,7588.8092063453,9243.153700221194
2026-09-01 11:53:05,7650.0,7660.25,Put CEX 2,CEX,-2520032.176,7588.8092063453,9243.153700221194
2026-09-01 11:53:05,7650.0,7660.25,Put DEX 4,DEX,-87.558,7588.8092063453,9243.153700221194
2026-09-01 11:53:05,7700.0,7710.5,Put CEX 5,CEX,-1941230.792,7588.8092063453,9243.153700221194
2026-09-01 11:53:05,7700.0,7710.5,Put DEX 2,DEX,-222.082,7588.8092063453,9243.153700221194
2026-09-01 11:53:05,7700.0,7710.5,Put VEX 4,VEX,-1118866.905,7588.8092063453,9243.153700221194
2026-09-01 11:53:05,7750.0,7760.5,Put DEX 3,DEX,-105.367,7588.8092063453,9243.153700221194
2026-09-01 11:53:05,7750.0,7760.5,Call GEX 3,GEX,258318.699,7588.8092063453,9243.153700221194
2026-09-01 11:53:05,7750.0,7760.5,Put VEX 3,VEX,-1139634.827,7588.8092063453,9243.153700221194
2026-09-01 11:53:05,7800.0,7810.5,Put DEX 5,DEX,-84.255,7588.8092063453,9243.153700221194
2026-09-01 11:53:05,7800.0,7810.5,Call GEX 1,GEX,471830.233,7588.8092063453,9243.153700221194
2026-09-01 11:53:05,7800.0,7810.5,Put VEX 2,VEX,-1729278.414,7588.8092063453,9243.153700221194
2026-09-01 11:53:05,7850.0,7860.5,Call GEX 4,GEX,251775.997,7588.8092063453,9243.153700221194
2026-09-01 11:53:05,7900.0,7910.75,Call GEX 2,GEX,343707.305,7588.8092063453,9243.153700221194
2026-09-01 11:53:05,7900.0,7910.75,Put VEX 5,VEX,-955594.159,7588.8092063453,9243.153700221194
2026-09-01 11:53:05,7950.0,7960.75,Call GEX 5,GEX,149463.479,7588.8092063453,9243.153700221194
2026-09-01 11:53:05,8000.0,8010.75,Put CEX 1,CEX,-3033040.175,7588.8092063453,9243.153700221194
2026-09-01 11:53:05,8000.0,8010.75,Put DEX 1,DEX,-2570.649,7588.8092063453,9243.153700221194
2026-09-01 11:53:05,8000.0,8010.75,Put GEX 3,GEX,-445534.567,7588.8092063453,9243.153700221194
2026-09-01 11:53:05,8000.0,8010.75,Put VEX 1,VEX,-10021902.798,7588.8092063453,9243.153700221194
2026-09-01 11:53:52,7000.0,7009.5,Call CEX 4,CEX,1577642.611,7590.378561179429,9245.692528244756
2026-09-01 11:53:52,7000.0,7009.5,Call DEX 1,DEX,874.169,7590.378561179429,9245.692528244756
2026-09-01 11:53:52,7000.0,7009.5,Put GEX 1,GEX,-715591.185,7590.378561179429,9245.692528244756
2026-09-01 11:53:52,7000.0,7009.5,Call VEX 1,VEX,7112228.334,7590.378561179429,9245.692528244756
2026-09-01 11:53:52,7200.0,7209.75,Call DEX 5,DEX,118.076,7590.378561179429,9245.692528244756
2026-09-01 11:53:52,7300.0,7310.0,Call DEX 2,DEX,245.335,7590.378561179429,9245.692528244756
2026-09-01 11:53:52,7300.0,7310.0,Call VEX 5,VEX,1670937.854,7590.378561179429,9245.692528244756
2026-09-01 11:53:52,7400.0,7410.0,Call DEX 4,DEX,182.601,7590.378561179429,9245.692528244756
2026-09-01 11:53:52,7400.0,7410.0,Call VEX 3,VEX,2079197.164,7590.378561179429,9245.692528244756
2026-09-01 11:53:52,7450.0,7460.0,Call DEX 3,DEX,182.86,7590.378561179429,9245.692528244756
2026-09-01 11:53:52,7450.0,7460.0,Call VEX 4,VEX,1799627.158,7590.378561179429,9245.692528244756
2026-09-01 11:53:52,7500.0,7510.25,Put GEX 2,GEX,-606784.107,7590.378561179429,9245.692528244756
2026-09-01 11:53:52,7500.0,7510.25,Call VEX 2,VEX,2714943.394,7590.378561179429,9245.692528244756
2026-09-01 11:53:52,7515.0,7525.25,Call CEX 2,CEX,1901016.728,7590.378561179429,9245.692528244756
2026-09-01 11:53:52,7550.0,7560.25,Put GEX 5,GEX,-409077.426,7590.378561179429,9245.692528244756
2026-09-01 11:53:52,7600.0,7610.25,Call CEX 1,CEX,3780691.239,7590.378561179429,9245.692528244756
2026-09-01 11:53:52,7605.0,7615.25,Call CEX 3,CEX,1685745.076,7590.378561179429,9245.692528244756
2026-09-01 11:53:52,7610.0,7620.25,Call CEX 5,CEX,1535732.658,7590.378561179429,9245.692528244756
2026-09-01 11:53:52,7625.0,7635.25,Put CEX 3,CEX,-2323658.453,7590.378561179429,9245.692528244756
2026-09-01 11:53:52,7625.0,7635.25,Put GEX 4,GEX,-421987.017,7590.378561179429,9245.692528244756
2026-09-01 11:53:52,7630.0,7640.25,Put CEX 4,CEX,-2167606.034,7590.378561179429,9245.692528244756
2026-09-01 11:53:52,7650.0,7660.5,Put CEX 2,CEX,-2446390.623,7590.378561179429,9245.692528244756
2026-09-01 11:53:52,7650.0,7660.5,Put DEX 4,DEX,-88.711,7590.378561179429,9245.692528244756
2026-09-01 11:53:52,7700.0,7710.5,Put CEX 5,CEX,-2021519.377,7590.378561179429,9245.692528244756
2026-09-01 11:53:52,7700.0,7710.5,Put DEX 2,DEX,-224.01,7590.378561179429,9245.692528244756
2026-09-01 11:53:52,7700.0,7710.5,Put VEX 4,VEX,-1132130.863,7590.378561179429,9245.692528244756
2026-09-01 11:53:52,7750.0,7760.5,Put DEX 3,DEX,-106.75,7590.378561179429,9245.692528244756
2026-09-01 11:53:52,7750.0,7760.5,Call GEX 3,GEX,258753.69,7590.378561179429,9245.692528244756
2026-09-01 11:53:52,7750.0,7760.5,Put VEX 3,VEX,-1141753.735,7590.378561179429,9245.692528244756
2026-09-01 11:53:52,7800.0,7810.5,Put DEX 5,DEX,-84.875,7590.378561179429,9245.692528244756
2026-09-01 11:53:52,7800.0,7810.5,Call GEX 1,GEX,469910.394,7590.378561179429,9245.692528244756
2026-09-01 11:53:52,7800.0,7810.5,Put VEX 2,VEX,-1728635.391,7590.378561179429,9245.692528244756
2026-09-01 11:53:52,7850.0,7860.75,Call GEX 4,GEX,250872.998,7590.378561179429,9245.692528244756
2026-09-01 11:53:52,7900.0,7910.75,Call GEX 2,GEX,342146.746,7590.378561179429,9245.692528244756
2026-09-01 11:53:52,7900.0,7910.75,Put VEX 5,VEX,-953220.355,7590.378561179429,9245.692528244756
2026-09-01 11:53:52,7950.0,7960.75,Call GEX 5,GEX,148448.632,7590.378561179429,9245.692528244756
2026-09-01 11:53:52,8000.0,8010.75,Put CEX 1,CEX,-3001383.079,7590.378561179429,9245.692528244756
2026-09-01 11:53:52,8000.0,8010.75,Put DEX 1,DEX,-2576.262,7590.378561179429,9245.692528244756
2026-09-01 11:53:52,8000.0,8010.75,Put GEX 3,GEX,-440175.242,7590.378561179429,9245.692528244756
2026-09-01 11:53:52,8000.0,8010.75,Put VEX 1,VEX,-9995454.603,7590.378561179429,9245.692528244756
2026-09-01 11:54:40,7000.0,7009.5,Call CEX 3,CEX,1583240.459,7580.11667304506,9245.81046842843
2026-09-01 11:54:40,7000.0,7009.5,Call DEX 1,DEX,872.317,7580.11667304506,9245.81046842843
2026-09-01 11:54:40,7000.0,7009.5,Put GEX 1,GEX,-713909.499,7580.11667304506,9245.81046842843
2026-09-01 11:54:40,7000.0,7009.5,Call VEX 1,VEX,7141269.33,7580.11667304506,9245.81046842843
2026-09-01 11:54:40,7200.0,7209.75,Call DEX 5,DEX,118.637,7580.11667304506,9245.81046842843
2026-09-01 11:54:40,7300.0,7310.0,Call DEX 2,DEX,245.641,7580.11667304506,9245.81046842843
2026-09-01 11:54:40,7300.0,7310.0,Call VEX 5,VEX,1669088.307,7580.11667304506,9245.81046842843
2026-09-01 11:54:40,7400.0,7410.0,Call DEX 4,DEX,182.278,7580.11667304506,9245.81046842843
2026-09-01 11:54:40,7400.0,7410.0,Call VEX 3,VEX,2078395.94,7580.11667304506,9245.81046842843
2026-09-01 11:54:40,7450.0,7460.25,Call DEX 3,DEX,187.907,7580.11667304506,9245.81046842843
2026-09-01 11:54:40,7450.0,7460.25,Call VEX 4,VEX,1799410.937,7580.11667304506,9245.81046842843
2026-09-01 11:54:40,7500.0,7510.25,Put GEX 2,GEX,-606485.439,7580.11667304506,9245.81046842843
2026-09-01 11:54:40,7500.0,7510.25,Call VEX 2,VEX,2714755.558,7580.11667304506,9245.81046842843
2026-09-01 11:54:40,7515.0,7525.25,Call CEX 4,CEX,1564087.615,7580.11667304506,9245.81046842843
2026-09-01 11:54:40,7550.0,7560.25,Put GEX 5,GEX,-408011.173,7580.11667304506,9245.81046842843
2026-09-01 11:54:40,7600.0,7610.5,Call CEX 1,CEX,3801008.573,7580.11667304506,9245.81046842843
2026-09-01 11:54:40,7605.0,7615.5,Call CEX 2,CEX,1704197.023,7580.11667304506,9245.81046842843
2026-09-01 11:54:40,7610.0,7620.5,Call CEX 5,CEX,1562867.879,7580.11667304506,9245.81046842843
2026-09-01 11:54:40,7625.0,7635.5,Put CEX 2,CEX,-2426081.623,7580.11667304506,9245.81046842843
2026-09-01 11:54:40,7625.0,7635.5,Put GEX 4,GEX,-437836.143,7580.11667304506,9245.81046842843
2026-09-01 11:54:40,7630.0,7640.5,Put CEX 3,CEX,-2215309.864,7580.11667304506,9245.81046842843
2026-09-01 11:54:40,7650.0,7660.5,Put CEX 4,CEX,-1839212.623,7580.11667304506,9245.81046842843
2026-09-01 11:54:40,7650.0,7660.5,Put DEX 4,DEX,-89.363,7580.11667304506,9245.81046842843
2026-09-01 11:54:40,7700.0,7710.5,Put CEX 5,CEX,-1541420.988,7580.11667304506,9245.81046842843
2026-09-01 11:54:40,7700.0,7710.5,Put DEX 2,DEX,-224.461,7580.11667304506,9245.81046842843
2026-09-01 11:54:40,7700.0,7710.5,Put VEX 4,VEX,-1126005.396,7580.11667304506,9245.81046842843
2026-09-01 11:54:40,7750.0,7760.5,Put DEX 3,DEX,-106.824,7580.11667304506,9245.81046842843
2026-09-01 11:54:40,7750.0,7760.5,Call GEX 3,GEX,260519.148,7580.11667304506,9245.81046842843
2026-09-01 11:54:40,7750.0,7760.5,Put VEX 3,VEX,-1140102.555,7580.11667304506,9245.81046842843
2026-09-01 11:54:40,7800.0,7810.75,Put DEX 5,DEX,-85.174,7580.11667304506,9245.81046842843
2026-09-01 11:54:40,7800.0,7810.75,Call GEX 1,GEX,470966.166,7580.11667304506,9245.81046842843
2026-09-01 11:54:40,7800.0,7810.75,Put VEX 2,VEX,-1727048.332,7580.11667304506,9245.81046842843
2026-09-01 11:54:40,7850.0,7860.75,Call GEX 4,GEX,250656.422,7580.11667304506,9245.81046842843
2026-09-01 11:54:40,7900.0,7910.75,Call GEX 2,GEX,342093.641,7580.11667304506,9245.81046842843
2026-09-01 11:54:40,7900.0,7910.75,Put VEX 5,VEX,-953251.392,7580.11667304506,9245.81046842843
2026-09-01 11:54:40,7950.0,7960.75,Call GEX 5,GEX,148481.165,7580.11667304506,9245.81046842843
2026-09-01 11:54:40,8000.0,8011.0,Put CEX 1,CEX,-2987285.027,7580.11667304506,9245.81046842843
2026-09-01 11:54:40,8000.0,8011.0,Put DEX 1,DEX,-2575.218,7580.11667304506,9245.81046842843
2026-09-01 11:54:40,8000.0,8011.0,Put GEX 3,GEX,-453441.418,7580.11667304506,9245.81046842843
2026-09-01 11:54:40,8000.0,8011.0,Put VEX 1,VEX,-9962155.691,7580.11667304506,9245.81046842843
2026-09-01 11:55:27,7000.0,7009.5,Call CEX 5,CEX,1559733.724,7595.449962304795,9244.27341892614
2026-09-01 11:55:27,7000.0,7009.5,Call DEX 1,DEX,840.061,7595.449962304795,9244.27341892614
2026-09-01 11:55:27,7000.0,7009.5,Put GEX 1,GEX,-719954.769,7595.449962304795,9244.27341892614
2026-09-01 11:55:27,7000.0,7009.5,Call VEX 1,VEX,7095809.565,7595.449962304795,9244.27341892614
2026-09-01 11:55:27,7200.0,7209.75,Call DEX 5,DEX,119.059,7595.449962304795,9244.27341892614
2026-09-01 11:55:27,7300.0,7310.0,Call DEX 2,DEX,246.691,7595.449962304795,9244.27341892614
2026-09-01 11:55:27,7300.0,7310.0,Call VEX 5,VEX,1661789.407,7595.449962304795,9244.27341892614
2026-09-01 11:55:27,7400.0,7410.0,Call DEX 4,DEX,182.759,7595.449962304795,9244.27341892614
2026-09-01 11:55:27,7400.0,7410.0,Call VEX 3,VEX,2079180.943,7595.449962304795,9244.27341892614
2026-09-01 11:55:27,7450.0,7460.0,Call DEX 3,DEX,183.542,7595.449962304795,9244.27341892614
2026-09-01 11:55:27,7450.0,7460.0,Call VEX 4,VEX,1800033.251,7595.449962304795,9244.27341892614
2026-09-01 11:55:27,7500.0,7510.25,Put GEX 2,GEX,-605255.393,7595.449962304795,9244.27341892614
2026-09-01 11:55:27,7500.0,7510.25,Call VEX 2,VEX,2720670.126,7595.449962304795,9244.27341892614
2026-09-01 11:55:27,7515.0,7525.25,Call CEX 4,CEX,1565260.853,7595.449962304795,9244.27341892614
2026-09-01 11:55:27,7550.0,7560.25,Put GEX 5,GEX,-407107.409,7595.449962304795,9244.27341892614
2026-09-01 11:55:27,7600.0,7610.25,Call CEX 1,CEX,3763206.628,7595.449962304795,9244.27341892614
2026-09-01 11:55:27,7605.0,7615.25,Call CEX 2,CEX,1721082.771,7595.449962304795,9244.27341892614
2026-09-01 11:55:27,7610.0,7620.25,Call CEX 3,CEX,1601475.727,7595.449962304795,9244.27341892614
2026-09-01 11:55:27,7625.0,7635.25,Put CEX 5,CEX,-2254901.562,7595.449962304795,9244.27341892614
2026-09-01 11:55:27,7625.0,7635.25,Put GEX 4,GEX,-411565.957,7595.449962304795,9244.27341892614
2026-09-01 11:55:27,7650.0,7660.25,Put CEX 2,CEX,-2873162.901,7595.449962304795,9244.27341892614
2026-09-01 11:55:27,7650.0,7660.25,Put DEX 4,DEX,-87.82,7595.449962304795,9244.27341892614
2026-09-01 11:55:27,7675.0,7685.5,Put CEX 3,CEX,-2366782.324,7595.449962304795,9244.27341892614
2026-09-01 11:55:27,7700.0,7710.5,Put CEX 4,CEX,-2322611.344,7595.449962304795,9244.27341892614
2026-09-01 11:55:27,7700.0,7710.5,Put DEX 2,DEX,-223.223,7595.449962304795,9244.27341892614
2026-09-01 11:55:27,7700.0,7710.5,Put VEX 4,VEX,-1134635.871,7595.449962304795,9244.27341892614
2026-09-01 11:55:27,7750.0,7760.5,Put DEX 3,DEX,-106.235,7595.449962304795,9244.27341892614
2026-09-01 11:55:27,7750.0,7760.5,Call GEX 3,GEX,257074.102,7595.449962304795,9244.27341892614
2026-09-01 11:55:27,7750.0,7760.5,Put VEX 3,VEX,-1144422.506,7595.449962304795,9244.27341892614
2026-09-01 11:55:27,7800.0,7810.5,Put DEX 5,DEX,-85.15,7595.449962304795,9244.27341892614
2026-09-01 11:55:27,7800.0,7810.5,Call GEX 1,GEX,470101.638,7595.449962304795,9244.27341892614
2026-09-01 11:55:27,7800.0,7810.5,Put VEX 2,VEX,-1729208.179,7595.449962304795,9244.27341892614
2026-09-01 11:55:27,7850.0,7860.75,Call GEX 4,GEX,250646.164,7595.449962304795,9244.27341892614
2026-09-01 11:55:27,7900.0,7910.75,Call GEX 2,GEX,342516.28,7595.449962304795,9244.27341892614
2026-09-01 11:55:27,7900.0,7910.75,Put VEX 5,VEX,-953728.489,7595.449962304795,9244.27341892614
2026-09-01 11:55:27,7950.0,7960.75,Call GEX 5,GEX,148675.626,7595.449962304795,9244.27341892614
2026-09-01 11:55:27,8000.0,8010.75,Put CEX 1,CEX,-3008827.836,7595.449962304795,9244.27341892614
2026-09-01 11:55:27,8000.0,8010.75,Put DEX 1,DEX,-2572.327,7595.449962304795,9244.27341892614
2026-09-01 11:55:27,8000.0,8010.75,Put GEX 3,GEX,-458281.234,7595.449962304795,9244.27341892614
2026-09-01 11:55:27,8000.0,8010.75,Put VEX 1,VEX,-9978772.294,7595.449962304795,9244.27341892614
2026-09-01 11:56:16,7000.0,7009.5,Call CEX 4,CEX,1571252.098,7590.348376557538,9245.655046973818
2026-09-01 11:56:16,7000.0,7009.5,Call DEX 1,DEX,877.414,7590.348376557538,9245.655046973818
2026-09-01 11:56:16,7000.0,7009.5,Put GEX 1,GEX,-715684.821,7590.348376557538,9245.655046973818
2026-09-01 11:56:16,7000.0,7009.5,Call VEX 1,VEX,7075068.249,7590.348376557538,9245.655046973818
2026-09-01 11:56:16,7200.0,7209.75,Call DEX 5,DEX,119.213,7590.348376557538,9245.655046973818
2026-09-01 11:56:16,7300.0,7310.0,Call DEX 2,DEX,246.616,7590.348376557538,9245.655046973818
2026-09-01 11:56:16,7300.0,7310.0,Call VEX 5,VEX,1664107.264,7590.348376557538,9245.655046973818
2026-09-01 11:56:16,7400.0,7410.25,Call DEX 4,DEX,184.68,7590.348376557538,9245.655046973818
2026-09-01 11:56:16,7400.0,7410.25,Call VEX 3,VEX,2082727.606,7590.348376557538,9245.655046973818
2026-09-01 11:56:16,7450.0,7460.25,Call DEX 3,DEX,185.076,7590.348376557538,9245.655046973818
2026-09-01 11:56:16,7450.0,7460.25,Call VEX 4,VEX,1806248.316,7590.348376557538,9245.655046973818
2026-09-01 11:56:16,7500.0,7510.25,Put GEX 2,GEX,-603255.184,7590.348376557538,9245.655046973818
2026-09-01 11:56:16,7500.0,7510.25,Call VEX 2,VEX,2734761.55,7590.348376557538,9245.655046973818
2026-09-01 11:56:16,7515.0,7525.25,Call CEX 5,CEX,1568468.971,7590.348376557538,9245.655046973818
2026-09-01 11:56:16,7550.0,7560.25,Put GEX 5,GEX,-405971.112,7590.348376557538,9245.655046973818
2026-09-01 11:56:16,7600.0,7610.5,Call CEX 1,CEX,3735740.903,7590.348376557538,9245.655046973818
2026-09-01 11:56:16,7605.0,7615.5,Call CEX 3,CEX,1766048.566,7590.348376557538,9245.655046973818
2026-09-01 11:56:16,7610.0,7620.5,Call CEX 2,CEX,1767040.581,7590.348376557538,9245.655046973818
2026-09-01 11:56:16,7625.0,7635.5,Put CEX 5,CEX,-1996498.467,7590.348376557538,9245.655046973818
2026-09-01 11:56:16,7625.0,7635.5,Put GEX 4,GEX,-443850.008,7590.348376557538,9245.655046973818
2026-09-01 11:56:16,7630.0,7640.5,Put CEX 3,CEX,-2117877.2,7590.348376557538,9245.655046973818
2026-09-01 11:56:16,7650.0,7660.5,Put CEX 2,CEX,-2545701.734,7590.348376557538,9245.655046973818
2026-09-01 11:56:16,7650.0,7660.5,Put DEX 4,DEX,-86.85,7590.348376557538,9245.655046973818
2026-09-01 11:56:16,7700.0,7710.5,Put CEX 4,CEX,-2005644.255,7590.348376557538,9245.655046973818
2026-09-01 11:56:16,7700.0,7710.5,Put DEX 2,DEX,-221.097,7590.348376557538,9245.655046973818
2026-09-01 11:56:16,7700.0,7710.5,Put VEX 4,VEX,-1112581.234,7590.348376557538,9245.655046973818
2026-09-01 11:56:16,7750.0,7760.5,Put DEX 3,DEX,-105.414,7590.348376557538,9245.655046973818
2026-09-01 11:56:16,7750.0,7760.5,Call GEX 3,GEX,264248.049,7590.348376557538,9245.655046973818
2026-09-01 11:56:16,7750.0,7760.5,Put VEX 3,VEX,-1131349.888,7590.348376557538,9245.655046973818
2026-09-01 11:56:16,7800.0,7810.75,Put DEX 5,DEX,-84.05,7590.348376557538,9245.655046973818
2026-09-01 11:56:16,7800.0,7810.75,Call GEX 1,GEX,474305.462,7590.348376557538,9245.655046973818
2026-09-01 11:56:16,7800.0,7810.75,Put VEX 2,VEX,-1723769.466,7590.348376557538,9245.655046973818
2026-09-01 11:56:16,7850.0,7860.75,Call GEX 4,GEX,252363.302,7590.348376557538,9245.655046973818
2026-09-01 11:56:16,7900.0,7910.75,Call GEX 2,GEX,344008.777,7590.348376557538,9245.655046973818
2026-09-01 11:56:16,7900.0,7910.75,Put VEX 5,VEX,-954201.302,7590.348376557538,9245.655046973818
2026-09-01 11:56:16,7950.0,7961.0,Call GEX 5,GEX,149480.844,7590.348376557538,9245.655046973818
2026-09-01 11:56:16,8000.0,8011.0,Put CEX 1,CEX,-2991405.966,7590.348376557538,9245.655046973818
2026-09-01 11:56:16,8000.0,8011.0,Put DEX 1,DEX,-2571.562,7590.348376557538,9245.655046973818
2026-09-01 11:56:16,8000.0,8011.0,Put GEX 3,GEX,-447155.262,7590.348376557538,9245.655046973818
2026-09-01 11:56:16,8000.0,8011.0,Put VEX 1,VEX,-9988654.229,7590.348376557538,9245.655046973818
2026-09-01 11:57:03,7000.0,7009.75,Call CEX 5,CEX,1540382.085,7575.024997503006,9239.21107701938
2026-09-01 11:57:03,7000.0,7009.75,Call DEX 1,DEX,847.668,7575.024997503006,9239.21107701938
2026-09-01 11:57:03,7000.0,7009.75,Put GEX 1,GEX,-709805.712,7575.024997503006,9239.21107701938
2026-09-01 11:57:03,7000.0,7009.75,Call VEX 1,VEX,7024645.051,7575.024997503006,9239.21107701938
2026-09-01 11:57:03,7200.0,7210.0,Call DEX 5,DEX,120.302,7575.024997503006,9239.21107701938
2026-09-01 11:57:03,7300.0,7310.0,Call DEX 2,DEX,248.073,7575.024997503006,9239.21107701938
2026-09-01 11:57:03,7300.0,7310.0,Call VEX 5,VEX,1660178.858,7575.024997503006,9239.21107701938
2026-09-01 11:57:03,7400.0,7410.25,Call DEX 4,DEX,187.02,7575.024997503006,9239.21107701938
2026-09-01 11:57:03,7400.0,7410.25,Call VEX 3,VEX,2087343.426,7575.024997503006,9239.21107701938
2026-09-01 11:57:03,7450.0,7460.25,Call DEX 3,DEX,188.955,7575.024997503006,9239.21107701938
2026-09-01 11:57:03,7450.0,7460.25,Call VEX 4,VEX,1812666.346,7575.024997503006,9239.21107701938
2026-09-01 11:57:03,7500.0,7510.5,Put GEX 2,GEX,-599517.084,7575.024997503006,9239.21107701938
2026-09-01 11:57:03,7500.0,7510.5,Call VEX 2,VEX,2772036.937,7575.024997503006,9239.21107701938
2026-09-01 11:57:03,7515.0,7525.5,Call CEX 4,CEX,1550391.918,7575.024997503006,9239.21107701938
2026-09-01 11:57:03,7550.0,7560.5,Put GEX 5,GEX,-400937.894,7575.024997503006,9239.21107701938
2026-09-01 11:57:03,7600.0,7610.5,Call CEX 1,CEX,3448987.399,7575.024997503006,9239.21107701938
2026-09-01 11:57:03,7605.0,7615.5,Call CEX 3,CEX,1738922.142,7575.024997503006,9239.21107701938
2026-09-01 11:57:03,7610.0,7620.5,Call CEX 2,CEX,2034166.759,7575.024997503006,9239.21107701938
2026-09-01 11:57:03,7625.0,7635.5,Put GEX 3,GEX,-499178.715,7575.024997503006,9239.21107701938
2026-09-01 11:57:03,7630.0,7640.5,Put CEX 2,CEX,-1827030.72,7575.024997503006,9239.21107701938
2026-09-01 11:57:03,7640.0,7650.5,Put CEX 3,CEX,-1699125.147,7575.024997503006,9239.21107701938
2026-09-01 11:57:03,7650.0,7660.5,Put DEX 5,DEX,-62.791,7575.024997503006,9239.21107701938
2026-09-01 11:57:03,7700.0,7710.75,Put CEX 4,CEX,-1487826.17,7575.024997503006,9239.21107701938
2026-09-01 11:57:03,7700.0,7710.75,Put DEX 2,DEX,-201.431,7575.024997503006,9239.21107701938
2026-09-01 11:57:03,7700.0,7710.75,Put VEX 4,VEX,-1060753.013,7575.024997503006,9239.21107701938
2026-09-01 11:57:03,7725.0,7735.75,Put CEX 5,CEX,-1471148.761,7575.024997503006,9239.21107701938
2026-09-01 11:57:03,7750.0,7760.75,Put DEX 3,DEX,-101.666,7575.024997503006,9239.21107701938
2026-09-01 11:57:03,7750.0,7760.75,Call GEX 3,GEX,261465.012,7575.024997503006,9239.21107701938
2026-09-01 11:57:03,7750.0,7760.75,Put VEX 3,VEX,-1122058.983,7575.024997503006,9239.21107701938
2026-09-01 11:57:03,7800.0,7810.75,Put DEX 4,DEX,-78.039,7575.024997503006,9239.21107701938
2026-09-01 11:57:03,7800.0,7810.75,Call GEX 1,GEX,480117.803,7575.024997503006,9239.21107701938
2026-09-01 11:57:03,7800.0,7810.75,Put VEX 2,VEX,-1720700.14,7575.024997503006,9239.21107701938
2026-09-01 11:57:03,7850.0,7861.0,Call GEX 4,GEX,255970.279,7575.024997503006,9239.21107701938
2026-09-01 11:57:03,7900.0,7911.0,Call GEX 2,GEX,348794.405,7575.024997503006,9239.21107701938
2026-09-01 11:57:03,7900.0,7911.0,Put VEX 5,VEX,-957390.629,7575.024997503006,9239.21107701938
2026-09-01 11:57:03,7950.0,7961.0,Call GEX 5,GEX,151831.504,7575.024997503006,9239.21107701938
2026-09-01 11:57:03,8000.0,8011.0,Put CEX 1,CEX,-3023029.842,7575.024997503006,9239.21107701938
2026-09-01 11:57:03,8000.0,8011.0,Put DEX 1,DEX,-2575.483,7575.024997503006,9239.21107701938
2026-09-01 11:57:03,8000.0,8011.0,Put GEX 4,GEX,-433078.525,7575.024997503006,9239.21107701938
2026-09-01 11:57:03,8000.0,8011.0,Put VEX 1,VEX,-9995338.126,7575.024997503006,9239.21107701938
2026-09-01 11:57:50,7000.0,7009.75,Call CEX 4,CEX,1531176.553,7579.256343024165,9238.43605621417
2026-09-01 11:57:50,7000.0,7009.75,Call DEX 1,DEX,889.244,7579.256343024165,9238.43605621417
2026-09-01 11:57:50,7000.0,7009.75,Put GEX 1,GEX,-730114.599,7579.256343024165,9238.43605621417
2026-09-01 11:57:50,7000.0,7009.75,Call VEX 1,VEX,6884610.091,7579.256343024165,9238.43605621417
2026-09-01 11:57:50,7200.0,7210.0,Call DEX 5,DEX,121.323,7579.256343024165,9238.43605621417
2026-09-01 11:57:50,7300.0,7310.0,Call DEX 2,DEX,249.41,7579.256343024165,9238.43605621417
2026-09-01 11:57:50,7300.0,7310.0,Call VEX 5,VEX,1651002.508,7579.256343024165,9238.43605621417
2026-09-01 11:57:50,7400.0,7410.25,Call DEX 4,DEX,188.805,7579.256343024165,9238.43605621417
2026-09-01 11:57:50,7400.0,7410.25,Call VEX 3,VEX,2088034.357,7579.256343024165,9238.43605621417
2026-09-01 11:57:50,7450.0,7460.25,Call DEX 3,DEX,190.057,7579.256343024165,9238.43605621417
2026-09-01 11:57:50,7450.0,7460.25,Call VEX 4,VEX,1816278.179,7579.256343024165,9238.43605621417
2026-09-01 11:57:50,7500.0,7510.5,Put GEX 2,GEX,-595155.271,7579.256343024165,9238.43605621417
2026-09-01 11:57:50,7500.0,7510.5,Call VEX 2,VEX,2773668.715,7579.256343024165,9238.43605621417
2026-09-01 11:57:50,7550.0,7560.5,Put GEX 5,GEX,-397198.041,7579.256343024165,9238.43605621417
2026-09-01 11:57:50,7600.0,7610.5,Call CEX 1,CEX,3388997.596,7579.256343024165,9238.43605621417
2026-09-01 11:57:50,7605.0,7615.5,Call CEX 3,CEX,1745594.808,7579.256343024165,9238.43605621417
2026-09-01 11:57:50,7610.0,7620.5,Call CEX 2,CEX,2052509.882,7579.256343024165,9238.43605621417
2026-09-01 11:57:50,7615.0,7625.5,Call CEX 5,CEX,1427601.597,7579.256343024165,9238.43605621417
2026-09-01 11:57:50,7625.0,7635.5,Put GEX 3,GEX,-488732.984,7579.256343024165,9238.43605621417
2026-09-01 11:57:50,7630.0,7640.5,Put CEX 4,CEX,-1794330.967,7579.256343024165,9238.43605621417
2026-09-01 11:57:50,7640.0,7650.5,Put CEX 3,CEX,-1827711.436,7579.256343024165,9238.43605621417
2026-09-01 11:57:50,7650.0,7660.5,Put CEX 2,CEX,-2231351.476,7579.256343024165,9238.43605621417
2026-09-01 11:57:50,7650.0,7660.5,Put DEX 4,DEX,-82.952,7579.256343024165,9238.43605621417
2026-09-01 11:57:50,7700.0,7710.75,Put CEX 5,CEX,-1696557.822,7579.256343024165,9238.43605621417
2026-09-01 11:57:50,7700.0,7710.75,Put DEX 2,DEX,-213.568,7579.256343024165,9238.43605621417
2026-09-01 11:57:50,7700.0,7710.75,Put VEX 4,VEX,-1058047.31,7579.256343024165,9238.43605621417
2026-09-01 11:57:50,7750.0,7760.75,Put DEX 3,DEX,-101.264,7579.256343024165,9238.43605621417
2026-09-01 11:57:50,7750.0,7760.75,Call GEX 3,GEX,265002.302,7579.256343024165,9238.43605621417
2026-09-01 11:57:50,7750.0,7760.75,Put VEX 3,VEX,-1121295.196,7579.256343024165,9238.43605621417
2026-09-01 11:57:50,7800.0,7810.75,Put DEX 5,DEX,-80.081,7579.256343024165,9238.43605621417
2026-09-01 11:57:50,7800.0,7810.75,Call GEX 1,GEX,483215.85,7579.256343024165,9238.43605621417
2026-09-01 11:57:50,7800.0,7810.75,Put VEX 2,VEX,-1717020.385,7579.256343024165,9238.43605621417
2026-09-01 11:57:50,7850.0,7860.75,Call GEX 4,GEX,256936.948,7579.256343024165,9238.43605621417
2026-09-01 11:57:50,7900.0,7911.0,Call GEX 2,GEX,350249.675,7579.256343024165,9238.43605621417
2026-09-01 11:57:50,7900.0,7911.0,Put VEX 5,VEX,-958541.669,7579.256343024165,9238.43605621417
2026-09-01 11:57:50,7950.0,7961.0,Call GEX 5,GEX,152372.57,7579.256343024165,9238.43605621417
2026-09-01 11:57:50,8000.0,8011.0,Put CEX 1,CEX,-3033751.28,7579.256343024165,9238.43605621417
2026-09-01 11:57:50,8000.0,8011.0,Put DEX 1,DEX,-2565.051,7579.256343024165,9238.43605621417
2026-09-01 11:57:50,8000.0,8011.0,Put GEX 4,GEX,-441659.955,7579.256343024165,9238.43605621417
2026-09-01 11:57:50,8000.0,8011.0,Put VEX 1,VEX,-10030420.098,7579.256343024165,9238.43605621417
2026-09-01 11:58:37,7000.0,7009.75,Call CEX 5,CEX,1568303.145,7554.829595500006,9251.323978195816
2026-09-01 11:58:37,7000.0,7009.75,Call DEX 1,DEX,883.147,7554.829595500006,9251.323978195816
2026-09-01 11:58:37,7000.0,7009.75,Put GEX 1,GEX,-705277.754,7554.829595500006,9251.323978195816
2026-09-01 11:58:37,7000.0,7009.75,Call VEX 1,VEX,7036323.575,7554.829595500006,9251.323978195816
2026-09-01 11:58:37,7200.0,7210.0,Call DEX 5,DEX,121.182,7554.829595500006,9251.323978195816
2026-09-01 11:58:37,7300.0,7310.25,Call DEX 2,DEX,249.364,7554.829595500006,9251.323978195816
2026-09-01 11:58:37,7300.0,7310.25,Call VEX 5,VEX,1660603.97,7554.829595500006,9251.323978195816
2026-09-01 11:58:37,7400.0,7410.25,Call DEX 4,DEX,189.749,7554.829595500006,9251.323978195816
2026-09-01 11:58:37,7400.0,7410.25,Call VEX 3,VEX,2091574.693,7554.829595500006,9251.323978195816
2026-09-01 11:58:37,7450.0,7460.5,Call DEX 3,DEX,195.732,7554.829595500006,9251.323978195816
2026-09-01 11:58:37,7450.0,7460.5,Call VEX 4,VEX,1823316.517,7554.829595500006,9251.323978195816
2026-09-01 11:58:37,7500.0,7510.5,Put GEX 2,GEX,-594102.496,7554.829595500006,9251.323978195816
2026-09-01 11:58:37,7500.0,7510.5,Call VEX 2,VEX,2786937.436,7554.829595500006,9251.323978195816
2026-09-01 11:58:37,7550.0,7560.5,Put GEX 5,GEX,-395147.546,7554.829595500006,9251.323978195816
2026-09-01 11:58:37,7600.0,7610.5,Call CEX 1,CEX,3104568.959,7554.829595500006,9251.323978195816
2026-09-01 11:58:37,7605.0,7615.5,Call CEX 3,CEX,1653255.654,7554.829595500006,9251.323978195816
2026-09-01 11:58:37,7610.0,7620.5,Call CEX 2,CEX,2099012.823,7554.829595500006,9251.323978195816
2026-09-01 11:58:37,7615.0,7625.75,Call CEX 4,CEX,1631801.838,7554.829595500006,9251.323978195816
2026-09-01 11:58:37,7625.0,7635.75,Put GEX 3,GEX,-527410.177,7554.829595500006,9251.323978195816
2026-09-01 11:58:37,7630.0,7640.75,Put CEX 2,CEX,-1572523.519,7554.829595500006,9251.323978195816
2026-09-01 11:58:37,7635.0,7645.75,Put CEX 4,CEX,-1407782.078,7554.829595500006,9251.323978195816
2026-09-01 11:58:37,7640.0,7650.75,Put CEX 3,CEX,-1547930.556,7554.829595500006,9251.323978195816
2026-09-01 11:58:37,7650.0,7660.75,Put DEX 5,DEX,-60.28,7554.829595500006,9251.323978195816
2026-09-01 11:58:37,7700.0,7710.75,Put CEX 5,CEX,-1266303.407,7554.829595500006,9251.323978195816
2026-09-01 11:58:37,7700.0,7710.75,Put DEX 2,DEX,-196.803,7554.829595500006,9251.323978195816
2026-09-01 11:58:37,7700.0,7710.75,Put VEX 4,VEX,-1026287.288,7554.829595500006,9251.323978195816
2026-09-01 11:58:37,7750.0,7760.75,Put DEX 3,DEX,-92.911,7554.829595500006,9251.323978195816
2026-09-01 11:58:37,7750.0,7760.75,Call GEX 3,GEX,271540.441,7554.829595500006,9251.323978195816
2026-09-01 11:58:37,7750.0,7760.75,Put VEX 3,VEX,-1104370.035,7554.829595500006,9251.323978195816
2026-09-01 11:58:37,7800.0,7811.0,Put DEX 4,DEX,-75.447,7554.829595500006,9251.323978195816
2026-09-01 11:58:37,7800.0,7811.0,Call GEX 1,GEX,486178.176,7554.829595500006,9251.323978195816
2026-09-01 11:58:37,7800.0,7811.0,Put VEX 2,VEX,-1712809.259,7554.829595500006,9251.323978195816
2026-09-01 11:58:37,7850.0,7861.0,Call GEX 4,GEX,258901.516,7554.829595500006,9251.323978195816
2026-09-01 11:58:37,7900.0,7911.0,Call GEX 2,GEX,353539.207,7554.829595500006,9251.323978195816
2026-09-01 11:58:37,7900.0,7911.0,Put VEX 5,VEX,-962283.051,7554.829595500006,9251.323978195816
2026-09-01 11:58:37,7950.0,7961.0,Call GEX 5,GEX,153679.069,7554.829595500006,9251.323978195816
2026-09-01 11:58:37,8000.0,8011.25,Put CEX 1,CEX,-3000078.328,7554.829595500006,9251.323978195816
2026-09-01 11:58:37,8000.0,8011.25,Put DEX 1,DEX,-2546.72,7554.829595500006,9251.323978195816
2026-09-01 11:58:37,8000.0,8011.25,Put GEX 4,GEX,-432181.199,7554.829595500006,9251.323978195816
2026-09-01 11:58:37,8000.0,8011.25,Put VEX 1,VEX,-10006045.135,7554.829595500006,9251.323978195816
2026-09-01 11:59:23,7000.0,7009.5,Call CEX 5,CEX,1554167.766,7578.305410733779,9241.941000708755
2026-09-01 11:59:23,7000.0,7009.5,Call DEX 1,DEX,886.841,7578.305410733779,9241.941000708755
2026-09-01 11:59:23,7000.0,7009.5,Put GEX 1,GEX,-715971.687,7578.305410733779,9241.941000708755
2026-09-01 11:59:23,7000.0,7009.5,Call VEX 1,VEX,6962595.269,7578.305410733779,9241.941000708755
2026-09-01 11:59:23,7200.0,7209.75,Call DEX 5,DEX,121.559,7578.305410733779,9241.941000708755
2026-09-01 11:59:23,7300.0,7309.75,Call DEX 2,DEX,250.038,7578.305410733779,9241.941000708755
2026-09-01 11:59:23,7300.0,7309.75,Call VEX 5,VEX,1654363.921,7578.305410733779,9241.941000708755
2026-09-01 11:59:23,7400.0,7410.0,Call DEX 4,DEX,189.448,7578.305410733779,9241.941000708755
2026-09-01 11:59:23,7400.0,7410.0,Call VEX 3,VEX,2091374.759,7578.305410733779,9241.941000708755
2026-09-01 11:59:23,7450.0,7460.0,Call DEX 3,DEX,191.329,7578.305410733779,9241.941000708755
2026-09-01 11:59:23,7450.0,7460.0,Call VEX 4,VEX,1818226.264,7578.305410733779,9241.941000708755
2026-09-01 11:59:23,7500.0,7510.25,Put GEX 2,GEX,-592121.127,7578.305410733779,9241.941000708755
2026-09-01 11:59:23,7500.0,7510.25,Call VEX 2,VEX,2787547.514,7578.305410733779,9241.941000708755
2026-09-01 11:59:23,7550.0,7560.25,Put GEX 5,GEX,-393174.411,7578.305410733779,9241.941000708755
2026-09-01 11:59:23,7600.0,7610.25,Call CEX 1,CEX,2927254.258,7578.305410733779,9241.941000708755
2026-09-01 11:59:23,7605.0,7615.25,Call CEX 3,CEX,1656166.585,7578.305410733779,9241.941000708755
2026-09-01 11:59:23,7610.0,7620.25,Call CEX 2,CEX,2112324.178,7578.305410733779,9241.941000708755
2026-09-01 11:59:23,7615.0,7625.25,Call CEX 4,CEX,1642190.619,7578.305410733779,9241.941000708755
2026-09-01 11:59:23,7625.0,7635.25,Put GEX 3,GEX,-489364.965,7578.305410733779,9241.941000708755
2026-09-01 11:59:23,7640.0,7650.25,Put CEX 3,CEX,-1950264.571,7578.305410733779,9241.941000708755
2026-09-01 11:59:23,7650.0,7660.25,Put CEX 2,CEX,-2623143.659,7578.305410733779,9241.941000708755
2026-09-01 11:59:23,7650.0,7660.25,Put DEX 4,DEX,-80.474,7578.305410733779,9241.941000708755
2026-09-01 11:59:23,7675.0,7685.25,Put CEX 5,CEX,-1917275.401,7578.305410733779,9241.941000708755
2026-09-01 11:59:23,7700.0,7710.5,Put CEX 4,CEX,-1926356.825,7578.305410733779,9241.941000708755
2026-09-01 11:59:23,7700.0,7710.5,Put DEX 2,DEX,-209.188,7578.305410733779,9241.941000708755
2026-09-01 11:59:23,7700.0,7710.5,Put VEX 4,VEX,-1035235.922,7578.305410733779,9241.941000708755
2026-09-01 11:59:23,7750.0,7760.5,Put DEX 3,DEX,-98.403,7578.305410733779,9241.941000708755
2026-09-01 11:59:23,7750.0,7760.5,Call GEX 3,GEX,264117.309,7578.305410733779,9241.941000708755
2026-09-01 11:59:23,7750.0,7760.5,Put VEX 3,VEX,-1114529.631,7578.305410733779,9241.941000708755
2026-09-01 11:59:23,7800.0,7810.5,Put DEX 5,DEX,-77.539,7578.305410733779,9241.941000708755
2026-09-01 11:59:23,7800.0,7810.5,Call GEX 1,GEX,486681.775,7578.305410733779,9241.941000708755
2026-09-01 11:59:23,7800.0,7810.5,Put VEX 2,VEX,-1713090.254,7578.305410733779,9241.941000708755
2026-09-01 11:59:23,7850.0,7860.5,Call GEX 4,GEX,258984.322,7578.305410733779,9241.941000708755
2026-09-01 11:59:23,7900.0,7910.75,Call GEX 2,GEX,353727.442,7578.305410733779,9241.941000708755
2026-09-01 11:59:23,7900.0,7910.75,Put VEX 5,VEX,-962557.235,7578.305410733779,9241.941000708755
2026-09-01 11:59:23,7950.0,7960.75,Call GEX 5,GEX,153705.305,7578.305410733779,9241.941000708755
2026-09-01 11:59:23,8000.0,8010.75,Put CEX 1,CEX,-3015984.095,7578.305410733779,9241.941000708755
2026-09-01 11:59:23,8000.0,8010.75,Put DEX 1,DEX,-2566.532,7578.305410733779,9241.941000708755
2026-09-01 11:59:23,8000.0,8010.75,Put GEX 4,GEX,-436444.687,7578.305410733779,9241.941000708755
2026-09-01 11:59:23,8000.0,8010.75,Put VEX 1,VEX,-10022264.995,7578.305410733779,9241.941000708755
2026-09-01 12:00:11,7000.0,7009.75,Call CEX 5,CEX,1535596.858,7579.979491667956,9243.899994084046
2026-09-01 12:00:11,7000.0,7009.75,Call DEX 1,DEX,888.629,7579.979491667956,9243.899994084046
2026-09-01 12:00:11,7000.0,7009.75,Put GEX 1,GEX,-723353.224,7579.979491667956,9243.899994084046
2026-09-01 12:00:11,7000.0,7009.75,Call VEX 1,VEX,6915683.236,7579.979491667956,9243.899994084046
2026-09-01 12:00:11,7200.0,7210.0,Call DEX 5,DEX,121.549,7579.979491667956,9243.899994084046
2026-09-01 12:00:11,7300.0,7310.0,Call DEX 2,DEX,250.318,7579.979491667956,9243.899994084046
2026-09-01 12:00:11,7300.0,7310.0,Call VEX 5,VEX,1651572.27,7579.979491667956,9243.899994084046
2026-09-01 12:00:11,7400.0,7410.25,Call DEX 4,DEX,189.46,7579.979491667956,9243.899994084046
2026-09-01 12:00:11,7400.0,7410.25,Call VEX 3,VEX,2090560.007,7579.979491667956,9243.899994084046
2026-09-01 12:00:11,7450.0,7460.25,Call DEX 3,DEX,191.0,7579.979491667956,9243.899994084046
2026-09-01 12:00:11,7450.0,7460.25,Call VEX 4,VEX,1818015.543,7579.979491667956,9243.899994084046
2026-09-01 12:00:11,7500.0,7510.25,Put GEX 2,GEX,-591466.358,7579.979491667956,9243.899994084046
2026-09-01 12:00:11,7500.0,7510.25,Call VEX 2,VEX,2784003.716,7579.979491667956,9243.899994084046
2026-09-01 12:00:11,7550.0,7560.5,Put GEX 5,GEX,-393832.216,7579.979491667956,9243.899994084046
2026-09-01 12:00:11,7600.0,7610.5,Call CEX 1,CEX,3097263.89,7579.979491667956,9243.899994084046
2026-09-01 12:00:11,7605.0,7615.5,Call CEX 3,CEX,1715704.665,7579.979491667956,9243.899994084046
2026-09-01 12:00:11,7610.0,7620.5,Call CEX 2,CEX,2121662.133,7579.979491667956,9243.899994084046
2026-09-01 12:00:11,7615.0,7625.5,Call CEX 4,CEX,1593287.238,7579.979491667956,9243.899994084046
2026-09-01 12:00:11,7625.0,7635.5,Put GEX 3,GEX,-488983.146,7579.979491667956,9243.899994084046
2026-09-01 12:00:11,7640.0,7650.5,Put CEX 4,CEX,-1970717.846,7579.979491667956,9243.899994084046
2026-09-01 12:00:11,7650.0,7660.5,Put CEX 2,CEX,-2782211.174,7579.979491667956,9243.899994084046
2026-09-01 12:00:11,7650.0,7660.5,Put DEX 4,DEX,-80.975,7579.979491667956,9243.899994084046
2026-09-01 12:00:11,7675.0,7685.5,Put CEX 3,CEX,-1992242.762,7579.979491667956,9243.899994084046
2026-09-01 12:00:11,7700.0,7710.5,Put CEX 5,CEX,-1888447.874,7579.979491667956,9243.899994084046
2026-09-01 12:00:11,7700.0,7710.5,Put DEX 2,DEX,-210.698,7579.979491667956,9243.899994084046
2026-09-01 12:00:11,7700.0,7710.5,Put VEX 4,VEX,-1043439.72,7579.979491667956,9243.899994084046
2026-09-01 12:00:11,7750.0,7760.75,Put DEX 3,DEX,-99.789,7579.979491667956,9243.899994084046
2026-09-01 12:00:11,7750.0,7760.75,Call GEX 3,GEX,266843.57,7579.979491667956,9243.899994084046
2026-09-01 12:00:11,7750.0,7760.75,Put VEX 3,VEX,-1113370.909,7579.979491667956,9243.899994084046
2026-09-01 12:00:11,7800.0,7810.75,Put DEX 5,DEX,-78.662,7579.979491667956,9243.899994084046
2026-09-01 12:00:11,7800.0,7810.75,Call GEX 1,GEX,485001.82,7579.979491667956,9243.899994084046
2026-09-01 12:00:11,7800.0,7810.75,Put VEX 2,VEX,-1711278.42,7579.979491667956,9243.899994084046
2026-09-01 12:00:11,7850.0,7860.75,Call GEX 4,GEX,257539.613,7579.979491667956,9243.899994084046
2026-09-01 12:00:11,7900.0,7911.0,Call GEX 2,GEX,351405.593,7579.979491667956,9243.899994084046
2026-09-01 12:00:11,7900.0,7911.0,Put VEX 5,VEX,-957116.261,7579.979491667956,9243.899994084046
2026-09-01 12:00:11,7950.0,7961.0,Call GEX 5,GEX,152664.138,7579.979491667956,9243.899994084046
2026-09-01 12:00:11,8000.0,8011.0,Put CEX 1,CEX,-3030119.393,7579.979491667956,9243.899994084046
2026-09-01 12:00:11,8000.0,8011.0,Put DEX 1,DEX,-2562.707,7579.979491667956,9243.899994084046
2026-09-01 12:00:11,8000.0,8011.0,Put GEX 4,GEX,-446705.914,7579.979491667956,9243.899994084046
2026-09-01 12:00:11,8000.0,8011.0,Put VEX 1,VEX,-10043413.405,7579.979491667956,9243.899994084046
2026-09-01 12:00:58,7000.0,7009.5,Call CEX 5,CEX,1517190.789,7579.075366822741,9253.404002278532
2026-09-01 12:00:58,7000.0,7009.5,Call DEX 1,DEX,853.877,7579.075366822741,9253.404002278532
2026-09-01 12:00:58,7000.0,7009.5,Put GEX 1,GEX,-723390.742,7579.075366822741,9253.404002278532
2026-09-01 12:00:58,7000.0,7009.5,Call VEX 1,VEX,6858289.106,7579.075366822741,9253.404002278532
2026-09-01 12:00:58,7300.0,7310.0,Call DEX 2,DEX,252.541,7579.075366822741,9253.404002278532
2026-09-01 12:00:58,7300.0,7310.0,Call VEX 5,VEX,1639364.378,7579.075366822741,9253.404002278532
2026-09-01 12:00:58,7400.0,7410.25,Call DEX 3,DEX,192.301,7579.075366822741,9253.404002278532
2026-09-01 12:00:58,7400.0,7410.25,Call VEX 3,VEX,2093536.909,7579.075366822741,9253.404002278532
2026-09-01 12:00:58,7450.0,7460.25,Call DEX 4,DEX,187.892,7579.075366822741,9253.404002278532
2026-09-01 12:00:58,7450.0,7460.25,Call VEX 4,VEX,1820981.224,7579.075366822741,9253.404002278532
2026-09-01 12:00:58,7500.0,7510.25,Call DEX 5,DEX,123.979,7579.075366822741,9253.404002278532
2026-09-01 12:00:58,7500.0,7510.25,Put GEX 2,GEX,-588154.435,7579.075366822741,9253.404002278532
2026-09-01 12:00:58,7500.0,7510.25,Call VEX 2,VEX,2803190.941,7579.075366822741,9253.404002278532
2026-09-01 12:00:58,7550.0,7560.25,Put GEX 5,GEX,-382279.519,7579.075366822741,9253.404002278532
2026-09-01 12:00:58,7600.0,7610.5,Call CEX 1,CEX,2566751.022,7579.075366822741,9253.404002278532
2026-09-01 12:00:58,7605.0,7615.5,Call CEX 4,CEX,1648596.556,7579.075366822741,9253.404002278532
2026-09-01 12:00:58,7610.0,7620.5,Call CEX 2,CEX,2135201.879,7579.075366822741,9253.404002278532
2026-09-01 12:00:58,7615.0,7625.5,Call CEX 3,CEX,1723793.137,7579.075366822741,9253.404002278532
2026-09-01 12:00:58,7625.0,7635.5,Put GEX 3,GEX,-463350.586,7579.075366822741,9253.404002278532
2026-09-01 12:00:58,7640.0,7650.5,Put CEX 5,CEX,-2026959.211,7579.075366822741,9253.404002278532
2026-09-01 12:00:58,7650.0,7660.5,Put CEX 1,CEX,-3270967.963,7579.075366822741,9253.404002278532
2026-09-01 12:00:58,7650.0,7660.5,Put DEX 4,DEX,-78.079,7579.075366822741,9253.404002278532
2026-09-01 12:00:58,7675.0,7685.5,Put CEX 4,CEX,-2088697.171,7579.075366822741,9253.404002278532
2026-09-01 12:00:58,7700.0,7710.5,Put CEX 3,CEX,-2279690.669,7579.075366822741,9253.404002278532
2026-09-01 12:00:58,7700.0,7710.5,Put DEX 2,DEX,-206.938,7579.075366822741,9253.404002278532
2026-09-01 12:00:58,7700.0,7710.5,Put VEX 4,VEX,-1024948.116,7579.075366822741,9253.404002278532
2026-09-01 12:00:58,7750.0,7760.5,Put DEX 3,DEX,-98.421,7579.075366822741,9253.404002278532
2026-09-01 12:00:58,7750.0,7760.5,Call GEX 3,GEX,273539.049,7579.075366822741,9253.404002278532
2026-09-01 12:00:58,7750.0,7760.5,Put VEX 3,VEX,-1100412.458,7579.075366822741,9253.404002278532
2026-09-01 12:00:58,7800.0,7810.75,Put DEX 5,DEX,-76.944,7579.075366822741,9253.404002278532
2026-09-01 12:00:58,7800.0,7810.75,Call GEX 1,GEX,489763.007,7579.075366822741,9253.404002278532
2026-09-01 12:00:58,7800.0,7810.75,Put VEX 2,VEX,-1705347.995,7579.075366822741,9253.404002278532
2026-09-01 12:00:58,7850.0,7860.75,Call GEX 4,GEX,258817.724,7579.075366822741,9253.404002278532
2026-09-01 12:00:58,7900.0,7910.75,Call GEX 2,GEX,352946.681,7579.075366822741,9253.404002278532
2026-09-01 12:00:58,7900.0,7910.75,Put VEX 5,VEX,-954093.538,7579.075366822741,9253.404002278532
2026-09-01 12:00:58,7950.0,7961.0,Call GEX 5,GEX,153212.984,7579.075366822741,9253.404002278532
2026-09-01 12:00:58,8000.0,8011.0,Put CEX 2,CEX,-3050589.215,7579.075366822741,9253.404002278532
2026-09-01 12:00:58,8000.0,8011.0,Put DEX 1,DEX,-2555.849,7579.075366822741,9253.404002278532
2026-09-01 12:00:58,8000.0,8011.0,Put GEX 4,GEX,-461955.055,7579.075366822741,9253.404002278532
2026-09-01 12:00:58,8000.0,8011.0,Put VEX 1,VEX,-10061121.053,7579.075366822741,9253.404002278532
2026-09-01 12:01:48,7000.0,7009.25,Call CEX 5,CEX,1520292.342,7585.193381507704,9252.540146249105
2026-09-01 12:01:48,7000.0,7009.25,Call DEX 1,DEX,857.296,7585.193381507704,9252.540146249105
2026-09-01 12:01:48,7000.0,7009.25,Put GEX 1,GEX,-722726.525,7585.193381507704,9252.540146249105
2026-09-01 12:01:48,7000.0,7009.25,Call VEX 1,VEX,6870386.533,7585.193381507704,9252.540146249105
2026-09-01 12:01:48,7200.0,7209.5,Call DEX 5,DEX,123.121,7585.193381507704,9252.540146249105
2026-09-01 12:01:48,7300.0,7309.5,Call DEX 2,DEX,251.379,7585.193381507704,9252.540146249105
2026-09-01 12:01:48,7300.0,7309.5,Call VEX 5,VEX,1642700.697,7585.193381507704,9252.540146249105
2026-09-01 12:01:48,7400.0,7409.75,Call DEX 3,DEX,191.55,7585.193381507704,9252.540146249105
2026-09-01 12:01:48,7400.0,7409.75,Call VEX 3,VEX,2092378.242,7585.193381507704,9252.540146249105
2026-09-01 12:01:48,7450.0,7459.75,Call DEX 4,DEX,187.676,7585.193381507704,9252.540146249105
2026-09-01 12:01:48,7450.0,7459.75,Call VEX 4,VEX,1821038.263,7585.193381507704,9252.540146249105
2026-09-01 12:01:48,7500.0,7509.75,Put GEX 2,GEX,-589978.749,7585.193381507704,9252.540146249105
2026-09-01 12:01:48,7500.0,7509.75,Call VEX 2,VEX,2798475.221,7585.193381507704,9252.540146249105
2026-09-01 12:01:48,7550.0,7560.0,Put GEX 5,GEX,-383441.351,7585.193381507704,9252.540146249105
2026-09-01 12:01:48,7600.0,7610.0,Call CEX 1,CEX,2567889.207,7585.193381507704,9252.540146249105
2026-09-01 12:01:48,7605.0,7615.0,Call CEX 4,CEX,1667955.628,7585.193381507704,9252.540146249105
2026-09-01 12:01:48,7610.0,7620.0,Call CEX 2,CEX,2151110.329,7585.193381507704,9252.540146249105
2026-09-01 12:01:48,7615.0,7625.0,Call CEX 3,CEX,1700836.87,7585.193381507704,9252.540146249105
2026-09-01 12:01:48,7625.0,7635.0,Put GEX 3,GEX,-469665.073,7585.193381507704,9252.540146249105
2026-09-01 12:01:48,7640.0,7650.0,Put CEX 5,CEX,-2038143.524,7585.193381507704,9252.540146249105
2026-09-01 12:01:48,7650.0,7660.0,Put CEX 1,CEX,-3166037.901,7585.193381507704,9252.540146249105
2026-09-01 12:01:48,7650.0,7660.0,Put DEX 4,DEX,-79.076,7585.193381507704,9252.540146249105
2026-09-01 12:01:48,7675.0,7685.0,Put CEX 3,CEX,-2512147.365,7585.193381507704,9252.540146249105
2026-09-01 12:01:48,7700.0,7710.0,Put CEX 4,CEX,-2257588.023,7585.193381507704,9252.540146249105
2026-09-01 12:01:48,7700.0,7710.0,Put DEX 2,DEX,-208.278,7585.193381507704,9252.540146249105
2026-09-01 12:01:48,7700.0,7710.0,Put VEX 4,VEX,-1034915.687,7585.193381507704,9252.540146249105
2026-09-01 12:01:48,7750.0,7760.25,Put DEX 3,DEX,-98.94,7585.193381507704,9252.540146249105
2026-09-01 12:01:48,7750.0,7760.25,Call GEX 3,GEX,266579.681,7585.193381507704,9252.540146249105
2026-09-01 12:01:48,7750.0,7760.25,Put VEX 3,VEX,-1109952.267,7585.193381507704,9252.540146249105
2026-09-01 12:01:48,7800.0,7810.25,Put DEX 5,DEX,-77.298,7585.193381507704,9252.540146249105
2026-09-01 12:01:48,7800.0,7810.25,Call GEX 1,GEX,487705.493,7585.193381507704,9252.540146249105
2026-09-01 12:01:48,7800.0,7810.25,Put VEX 2,VEX,-1706261.763,7585.193381507704,9252.540146249105
2026-09-01 12:01:48,7850.0,7860.25,Call GEX 4,GEX,257422.976,7585.193381507704,9252.540146249105
2026-09-01 12:01:48,7900.0,7910.25,Call GEX 2,GEX,352263.465,7585.193381507704,9252.540146249105
2026-09-01 12:01:48,7900.0,7910.25,Put VEX 5,VEX,-954470.665,7585.193381507704,9252.540146249105
2026-09-01 12:01:48,7950.0,7960.5,Call GEX 5,GEX,152680.24,7585.193381507704,9252.540146249105
2026-09-01 12:01:48,8000.0,8010.5,Put CEX 2,CEX,-3026263.666,7585.193381507704,9252.540146249105
2026-09-01 12:01:48,8000.0,8010.5,Put DEX 1,DEX,-2565.194,7585.193381507704,9252.540146249105
2026-09-01 12:01:48,8000.0,8010.5,Put GEX 4,GEX,-452470.068,7585.193381507704,9252.540146249105
2026-09-01 12:01:48,8000.0,8010.5,Put VEX 1,VEX,-10021716.725,7585.193381507704,9252.540146249105
2026-09-01 12:02:34,7000.0,7009.25,Call CEX 5,CEX,1528278.955,7587.092140754481,9241.692613955389
2026-09-01 12:02:34,7000.0,7009.25,Call DEX 1,DEX,853.477,7587.092140754481,9241.692613955389
2026-09-01 12:02:34,7000.0,7009.25,Put GEX 1,GEX,-713301.451,7587.092140754481,9241.692613955389
2026-09-01 12:02:34,7000.0,7009.25,Call VEX 1,VEX,6942270.477,7587.092140754481,9241.692613955389
2026-09-01 12:02:34,7200.0,7209.5,Call DEX 5,DEX,122.295,7587.092140754481,9241.692613955389
2026-09-01 12:02:34,7300.0,7309.75,Call DEX 2,DEX,250.91,7587.092140754481,9241.692613955389
2026-09-01 12:02:34,7300.0,7309.75,Call VEX 5,VEX,1648700.092,7587.092140754481,9241.692613955389
2026-09-01 12:02:34,7400.0,7409.75,Call DEX 3,DEX,190.6,7587.092140754481,9241.692613955389
2026-09-01 12:02:34,7400.0,7409.75,Call VEX 3,VEX,2091715.867,7587.092140754481,9241.692613955389
2026-09-01 12:02:34,7450.0,7460.0,Call DEX 4,DEX,186.732,7587.092140754481,9241.692613955389
2026-09-01 12:02:34,7450.0,7460.0,Call VEX 4,VEX,1818702.884,7587.092140754481,9241.692613955389
2026-09-01 12:02:34,7500.0,7510.0,Put GEX 2,GEX,-591846.024,7587.092140754481,9241.692613955389
2026-09-01 12:02:34,7500.0,7510.0,Call VEX 2,VEX,2794283.654,7587.092140754481,9241.692613955389
2026-09-01 12:02:34,7550.0,7560.0,Put GEX 5,GEX,-386155.977,7587.092140754481,9241.692613955389
2026-09-01 12:02:34,7600.0,7610.0,Call CEX 1,CEX,2825897.781,7587.092140754481,9241.692613955389
2026-09-01 12:02:34,7605.0,7615.0,Call CEX 3,CEX,1712297.277,7587.092140754481,9241.692613955389
2026-09-01 12:02:34,7610.0,7620.0,Call CEX 2,CEX,2163959.763,7587.092140754481,9241.692613955389
2026-09-01 12:02:34,7615.0,7625.0,Call CEX 4,CEX,1683306.845,7587.092140754481,9241.692613955389
2026-09-01 12:02:34,7625.0,7635.0,Put GEX 3,GEX,-469000.026,7587.092140754481,9241.692613955389
2026-09-01 12:02:34,7640.0,7650.25,Put CEX 4,CEX,-2042553.109,7587.092140754481,9241.692613955389
2026-09-01 12:02:34,7650.0,7660.25,Put CEX 1,CEX,-3114841.434,7587.092140754481,9241.692613955389
2026-09-01 12:02:34,7650.0,7660.25,Put DEX 4,DEX,-79.701,7587.092140754481,9241.692613955389
2026-09-01 12:02:34,7675.0,7685.25,Put CEX 3,CEX,-2448212.175,7587.092140754481,9241.692613955389
2026-09-01 12:02:34,7700.0,7710.25,Put CEX 5,CEX,-2038223.441,7587.092140754481,9241.692613955389
2026-09-01 12:02:34,7700.0,7710.25,Put DEX 2,DEX,-209.28,7587.092140754481,9241.692613955389
2026-09-01 12:02:34,7700.0,7710.25,Put VEX 4,VEX,-1037639.126,7587.092140754481,9241.692613955389
2026-09-01 12:02:34,7750.0,7760.25,Put DEX 3,DEX,-99.19,7587.092140754481,9241.692613955389
2026-09-01 12:02:34,7750.0,7760.25,Call GEX 3,GEX,264280.863,7587.092140754481,9241.692613955389
2026-09-01 12:02:34,7750.0,7760.25,Put VEX 3,VEX,-1113366.375,7587.092140754481,9241.692613955389
2026-09-01 12:02:34,7800.0,7810.25,Put DEX 5,DEX,-78.37,7587.092140754481,9241.692613955389
2026-09-01 12:02:34,7800.0,7810.25,Call GEX 1,GEX,484134.84,7587.092140754481,9241.692613955389
2026-09-01 12:02:34,7800.0,7810.25,Put VEX 2,VEX,-1709475.937,7587.092140754481,9241.692613955389
2026-09-01 12:02:34,7850.0,7860.5,Call GEX 4,GEX,256889.048,7587.092140754481,9241.692613955389
2026-09-01 12:02:34,7900.0,7910.5,Call GEX 2,GEX,350847.373,7587.092140754481,9241.692613955389
2026-09-01 12:02:34,7900.0,7910.5,Put VEX 5,VEX,-952958.423,7587.092140754481,9241.692613955389
2026-09-01 12:02:34,7950.0,7960.5,Call GEX 5,GEX,152016.392,7587.092140754481,9241.692613955389
2026-09-01 12:02:34,8000.0,8010.5,Put CEX 2,CEX,-3036967.189,7587.092140754481,9241.692613955389
2026-09-01 12:02:34,8000.0,8010.5,Put DEX 1,DEX,-2565.816,7587.092140754481,9241.692613955389
2026-09-01 12:02:34,8000.0,8010.5,Put GEX 4,GEX,-446378.917,7587.092140754481,9241.692613955389
2026-09-01 12:02:34,8000.0,8010.5,Put VEX 1,VEX,-10037306.684,7587.092140754481,9241.692613955389
2026-09-01 12:03:21,7000.0,7009.75,Call CEX 5,CEX,1554396.019,7582.431076454021,9244.304159791804
2026-09-01 12:03:21,7000.0,7009.75,Call DEX 1,DEX,886.98,7582.431076454021,9244.304159791804
2026-09-01 12:03:21,7000.0,7009.75,Put GEX 1,GEX,-717071.75,7582.431076454021,9244.304159791804
2026-09-01 12:03:21,7000.0,7009.75,Call VEX 1,VEX,6956863.663,7582.431076454021,9244.304159791804
2026-09-01 12:03:21,7200.0,7210.0,Call DEX 5,DEX,122.19,7582.431076454021,9244.304159791804
2026-09-01 12:03:21,7300.0,7310.0,Call DEX 2,DEX,251.345,7582.431076454021,9244.304159791804
2026-09-01 12:03:21,7300.0,7310.0,Call VEX 5,VEX,1646996.743,7582.431076454021,9244.304159791804
2026-09-01 12:03:21,7400.0,7410.25,Call DEX 4,DEX,190.009,7582.431076454021,9244.304159791804
2026-09-01 12:03:21,7400.0,7410.25,Call VEX 3,VEX,2090409.644,7582.431076454021,9244.304159791804
2026-09-01 12:03:21,7450.0,7460.25,Call DEX 3,DEX,191.597,7582.431076454021,9244.304159791804
2026-09-01 12:03:21,7450.0,7460.25,Call VEX 4,VEX,1819541.406,7582.431076454021,9244.304159791804
2026-09-01 12:03:21,7500.0,7510.25,Put GEX 2,GEX,-591713.499,7582.431076454021,9244.304159791804
2026-09-01 12:03:21,7500.0,7510.25,Call VEX 2,VEX,2785633.844,7582.431076454021,9244.304159791804
2026-09-01 12:03:21,7550.0,7560.5,Put GEX 5,GEX,-386655.273,7582.431076454021,9244.304159791804
2026-09-01 12:03:21,7600.0,7610.5,Call CEX 1,CEX,3141851.227,7582.431076454021,9244.304159791804
2026-09-01 12:03:21,7605.0,7615.5,Call CEX 3,CEX,1745099.066,7582.431076454021,9244.304159791804
2026-09-01 12:03:21,7610.0,7620.5,Call CEX 2,CEX,2173328.785,7582.431076454021,9244.304159791804
2026-09-01 12:03:21,7615.0,7625.5,Call CEX 4,CEX,1639905.008,7582.431076454021,9244.304159791804
2026-09-01 12:03:21,7625.0,7635.5,Put GEX 3,GEX,-485830.774,7582.431076454021,9244.304159791804
2026-09-01 12:03:21,7640.0,7650.5,Put CEX 4,CEX,-2019198.067,7582.431076454021,9244.304159791804
2026-09-01 12:03:21,7650.0,7660.5,Put CEX 2,CEX,-2826132.71,7582.431076454021,9244.304159791804
2026-09-01 12:03:21,7650.0,7660.5,Put DEX 4,DEX,-80.958,7582.431076454021,9244.304159791804
2026-09-01 12:03:21,7675.0,7685.5,Put CEX 3,CEX,-2093197.903,7582.431076454021,9244.304159791804
2026-09-01 12:03:21,7700.0,7710.5,Put CEX 5,CEX,-1824619.255,7582.431076454021,9244.304159791804
2026-09-01 12:03:21,7700.0,7710.5,Put DEX 2,DEX,-210.997,7582.431076454021,9244.304159791804
2026-09-01 12:03:21,7700.0,7710.5,Put VEX 4,VEX,-1042932.756,7582.431076454021,9244.304159791804
2026-09-01 12:03:21,7750.0,7760.75,Put DEX 3,DEX,-100.184,7582.431076454021,9244.304159791804
2026-09-01 12:03:21,7750.0,7760.75,Call GEX 3,GEX,267445.54,7582.431076454021,9244.304159791804
2026-09-01 12:03:21,7750.0,7760.75,Put VEX 3,VEX,-1111232.17,7582.431076454021,9244.304159791804
2026-09-01 12:03:21,7800.0,7810.75,Put DEX 5,DEX,-79.073,7582.431076454021,9244.304159791804
2026-09-01 12:03:21,7800.0,7810.75,Call GEX 1,GEX,483237.511,7582.431076454021,9244.304159791804
2026-09-01 12:03:21,7800.0,7810.75,Put VEX 2,VEX,-1709931.982,7582.431076454021,9244.304159791804
2026-09-01 12:03:21,7850.0,7860.75,Call GEX 4,GEX,257098.611,7582.431076454021,9244.304159791804
2026-09-01 12:03:21,7900.0,7910.75,Call GEX 2,GEX,350322.076,7582.431076454021,9244.304159791804
2026-09-01 12:03:21,7900.0,7910.75,Put VEX 5,VEX,-952904.252,7582.431076454021,9244.304159791804
2026-09-01 12:03:21,7950.0,7961.0,Call GEX 5,GEX,151611.48,7582.431076454021,9244.304159791804
2026-09-01 12:03:21,8000.0,8011.0,Put CEX 1,CEX,-3014517.63,7582.431076454021,9244.304159791804
2026-09-01 12:03:21,8000.0,8011.0,Put DEX 1,DEX,-2563.658,7582.431076454021,9244.304159791804
2026-09-01 12:03:21,8000.0,8011.0,Put GEX 4,GEX,-446151.81,7582.431076454021,9244.304159791804
2026-09-01 12:03:21,8000.0,8011.0,Put VEX 1,VEX,-10035170.925,7582.431076454021,9244.304159791804
2026-09-01 12:04:07,7000.0,7010.0,Call CEX 5,CEX,1541015.104,7570.94160253776,9242.839119728793
2026-09-01 12:04:07,7000.0,7010.0,Call DEX 1,DEX,848.037,7570.94160253776,9242.839119728793
2026-09-01 12:04:07,7000.0,7010.0,Put GEX 1,GEX,-701149.334,7570.94160253776,9242.839119728793
2026-09-01 12:04:07,7000.0,7010.0,Call VEX 1,VEX,7041773.754,7570.94160253776,9242.839119728793
2026-09-01 12:04:07,7300.0,7310.25,Call DEX 2,DEX,250.911,7570.94160253776,9242.839119728793
2026-09-01 12:04:07,7300.0,7310.25,Call VEX 5,VEX,1648887.293,7570.94160253776,9242.839119728793
2026-09-01 12:04:07,7400.0,7410.5,Call DEX 4,DEX,190.945,7570.94160253776,9242.839119728793
2026-09-01 12:04:07,7400.0,7410.5,Call VEX 3,VEX,2091270.931,7570.94160253776,9242.839119728793
2026-09-01 12:04:07,7450.0,7460.5,Call DEX 3,DEX,197.525,7570.94160253776,9242.839119728793
2026-09-01 12:04:07,7450.0,7460.5,Call VEX 4,VEX,1820865.199,7570.94160253776,9242.839119728793
2026-09-01 12:04:07,7500.0,7510.75,Call DEX 5,DEX,122.646,7570.94160253776,9242.839119728793
2026-09-01 12:04:07,7500.0,7510.75,Put GEX 2,GEX,-591580.739,7570.94160253776,9242.839119728793
2026-09-01 12:04:07,7500.0,7510.75,Call VEX 2,VEX,2793836.354,7570.94160253776,9242.839119728793
2026-09-01 12:04:07,7550.0,7560.75,Put GEX 5,GEX,-385682.564,7570.94160253776,9242.839119728793
2026-09-01 12:04:07,7600.0,7610.75,Call CEX 1,CEX,3172552.345,7570.94160253776,9242.839119728793
2026-09-01 12:04:07,7605.0,7615.75,Call CEX 4,CEX,1713619.413,7570.94160253776,9242.839119728793
2026-09-01 12:04:07,7610.0,7620.75,Call CEX 2,CEX,2187604.476,7570.94160253776,9242.839119728793
2026-09-01 12:04:07,7615.0,7625.75,Call CEX 3,CEX,1733504.682,7570.94160253776,9242.839119728793
2026-09-01 12:04:07,7625.0,7635.75,Put GEX 3,GEX,-508556.702,7570.94160253776,9242.839119728793
2026-09-01 12:04:07,7630.0,7640.75,Put CEX 4,CEX,-1549753.453,7570.94160253776,9242.839119728793
2026-09-01 12:04:07,7635.0,7645.75,Put CEX 5,CEX,-1427180.547,7570.94160253776,9242.839119728793
2026-09-01 12:04:07,7640.0,7650.75,Put CEX 3,CEX,-1999892.321,7570.94160253776,9242.839119728793
2026-09-01 12:04:07,7650.0,7660.75,Put CEX 2,CEX,-2099892.382,7570.94160253776,9242.839119728793
2026-09-01 12:04:07,7650.0,7660.75,Put DEX 4,DEX,-80.768,7570.94160253776,9242.839119728793
2026-09-01 12:04:07,7700.0,7711.0,Put DEX 2,DEX,-196.543,7570.94160253776,9242.839119728793
2026-09-01 12:04:07,7700.0,7711.0,Put VEX 4,VEX,-1025018.471,7570.94160253776,9242.839119728793
2026-09-01 12:04:07,7750.0,7761.0,Put DEX 3,DEX,-93.112,7570.94160253776,9242.839119728793
2026-09-01 12:04:07,7750.0,7761.0,Call GEX 3,GEX,268145.225,7570.94160253776,9242.839119728793
2026-09-01 12:04:07,7750.0,7761.0,Put VEX 3,VEX,-1105576.012,7570.94160253776,9242.839119728793
2026-09-01 12:04:07,7800.0,7811.0,Put DEX 5,DEX,-75.818,7570.94160253776,9242.839119728793
2026-09-01 12:04:07,7800.0,7811.0,Call GEX 1,GEX,483638.796,7570.94160253776,9242.839119728793
2026-09-01 12:04:07,7800.0,7811.0,Put VEX 2,VEX,-1707421.926,7570.94160253776,9242.839119728793
2026-09-01 12:04:07,7850.0,7861.25,Call GEX 4,GEX,257967.404,7570.94160253776,9242.839119728793
2026-09-01 12:04:07,7900.0,7911.25,Call GEX 2,GEX,351172.904,7570.94160253776,9242.839119728793
2026-09-01 12:04:07,7900.0,7911.25,Put VEX 5,VEX,-954215.423,7570.94160253776,9242.839119728793
2026-09-01 12:04:07,7950.0,7961.25,Call GEX 5,GEX,152039.95,7570.94160253776,9242.839119728793
2026-09-01 12:04:07,8000.0,8011.25,Put CEX 1,CEX,-3044610.579,7570.94160253776,9242.839119728793
2026-09-01 12:04:07,8000.0,8011.25,Put DEX 1,DEX,-2566.845,7570.94160253776,9242.839119728793
2026-09-01 12:04:07,8000.0,8011.25,Put GEX 4,GEX,-449562.992,7570.94160253776,9242.839119728793
2026-09-01 12:04:07,8000.0,8011.25,Put VEX 1,VEX,-10047886.077,7570.94160253776,9242.839119728793
2026-09-01 12:04:55,7000.0,7009.75,Call CEX 4,CEX,1524460.011,7554.607799560315,9250.034498996096
2026-09-01 12:04:55,7000.0,7009.75,Call DEX 1,DEX,895.242,7554.607799560315,9250.034498996096
2026-09-01 12:04:55,7000.0,7009.75,Put GEX 1,GEX,-710499.411,7554.607799560315,9250.034498996096
2026-09-01 12:04:55,7000.0,7009.75,Call VEX 1,VEX,6861362.963,7554.607799560315,9250.034498996096
2026-09-01 12:04:55,7300.0,7310.25,Call DEX 2,DEX,253.259,7554.607799560315,9250.034498996096
2026-09-01 12:04:55,7300.0,7310.25,Call VEX 5,VEX,1640860.021,7554.607799560315,9250.034498996096
2026-09-01 12:04:55,7400.0,7410.25,Call DEX 4,DEX,193.596,7554.607799560315,9250.034498996096
2026-09-01 12:04:55,7400.0,7410.25,Call VEX 3,VEX,2096590.755,7554.607799560315,9250.034498996096
2026-09-01 12:04:55,7450.0,7460.5,Call DEX 3,DEX,196.725,7554.607799560315,9250.034498996096
2026-09-01 12:04:55,7450.0,7460.5,Call VEX 4,VEX,1829872.133,7554.607799560315,9250.034498996096
2026-09-01 12:04:55,7500.0,7510.5,Call DEX 5,DEX,131.437,7554.607799560315,9250.034498996096
2026-09-01 12:04:55,7500.0,7510.5,Put GEX 2,GEX,-584015.701,7554.607799560315,9250.034498996096
2026-09-01 12:04:55,7500.0,7510.5,Call VEX 2,VEX,2833117.65,7554.607799560315,9250.034498996096
2026-09-01 12:04:55,7550.0,7560.5,Put GEX 5,GEX,-377553.975,7554.607799560315,9250.034498996096
2026-09-01 12:04:55,7600.0,7610.5,Call CEX 1,CEX,2735033.382,7554.607799560315,9250.034498996096
2026-09-01 12:04:55,7610.0,7620.75,Call CEX 2,CEX,2073190.5,7554.607799560315,9250.034498996096
2026-09-01 12:04:55,7615.0,7625.75,Call CEX 3,CEX,1933166.733,7554.607799560315,9250.034498996096
2026-09-01 12:04:55,7620.0,7630.75,Call CEX 5,CEX,1499055.517,7554.607799560315,9250.034498996096
2026-09-01 12:04:55,7625.0,7635.75,Put GEX 3,GEX,-496394.288,7554.607799560315,9250.034498996096
2026-09-01 12:04:55,7640.0,7650.75,Put CEX 3,CEX,-2085836.83,7554.607799560315,9250.034498996096
2026-09-01 12:04:55,7645.0,7655.75,Put CEX 4,CEX,-1602676.076,7554.607799560315,9250.034498996096
2026-09-01 12:04:55,7650.0,7660.75,Put CEX 2,CEX,-2584161.14,7554.607799560315,9250.034498996096
2026-09-01 12:04:55,7650.0,7660.75,Put DEX 4,DEX,-75.701,7554.607799560315,9250.034498996096
2026-09-01 12:04:55,7700.0,7710.75,Put DEX 2,DEX,-188.228,7554.607799560315,9250.034498996096
2026-09-01 12:04:55,7700.0,7710.75,Put VEX 4,VEX,-969846.693,7554.607799560315,9250.034498996096
2026-09-01 12:04:55,7750.0,7760.75,Put CEX 5,CEX,-1283360.225,7554.607799560315,9250.034498996096
2026-09-01 12:04:55,7750.0,7760.75,Put DEX 3,DEX,-95.004,7554.607799560315,9250.034498996096
2026-09-01 12:04:55,7750.0,7760.75,Call GEX 3,GEX,271844.872,7554.607799560315,9250.034498996096
2026-09-01 12:04:55,7750.0,7760.75,Put VEX 3,VEX,-1089731.234,7554.607799560315,9250.034498996096
2026-09-01 12:04:55,7800.0,7811.0,Put DEX 5,DEX,-74.259,7554.607799560315,9250.034498996096
2026-09-01 12:04:55,7800.0,7811.0,Call GEX 1,GEX,496518.96,7554.607799560315,9250.034498996096
2026-09-01 12:04:55,7800.0,7811.0,Put VEX 2,VEX,-1695636.613,7554.607799560315,9250.034498996096
2026-09-01 12:04:55,7850.0,7861.0,Call GEX 4,GEX,262694.804,7554.607799560315,9250.034498996096
2026-09-01 12:04:55,7900.0,7911.0,Call GEX 2,GEX,357592.625,7554.607799560315,9250.034498996096
2026-09-01 12:04:55,7900.0,7911.0,Put VEX 5,VEX,-957444.266,7554.607799560315,9250.034498996096
2026-09-01 12:04:55,7950.0,7961.0,Call GEX 5,GEX,154866.845,7554.607799560315,9250.034498996096
2026-09-01 12:04:55,8000.0,8011.25,Put CEX 1,CEX,-3032011.772,7554.607799560315,9250.034498996096
2026-09-01 12:04:55,8000.0,8011.25,Put DEX 1,DEX,-2561.814,7554.607799560315,9250.034498996096
2026-09-01 12:04:55,8000.0,8011.25,Put GEX 4,GEX,-440252.506,7554.607799560315,9250.034498996096
2026-09-01 12:04:55,8000.0,8011.25,Put VEX 1,VEX,-10039353.852,7554.607799560315,9250.034498996096
2026-09-01 12:05:42,7000.0,7009.25,Call CEX 5,CEX,1506440.823,7580.091354689962,9255.03930715632
2026-09-01 12:05:42,7000.0,7009.25,Call DEX 1,DEX,862.404,7580.091354689962,9255.03930715632
2026-09-01 12:05:42,7000.0,7009.25,Put GEX 1,GEX,-725770.031,7580.091354689962,9255.03930715632
2026-09-01 12:05:42,7000.0,7009.25,Call VEX 1,VEX,6788845.615,7580.091354689962,9255.03930715632
2026-09-01 12:05:42,7300.0,7309.75,Call DEX 2,DEX,253.511,7580.091354689962,9255.03930715632
2026-09-01 12:05:42,7300.0,7309.75,Call VEX 5,VEX,1636997.733,7580.091354689962,9255.03930715632
2026-09-01 12:05:42,7400.0,7409.75,Call DEX 3,DEX,194.199,7580.091354689962,9255.03930715632
2026-09-01 12:05:42,7400.0,7409.75,Call VEX 3,VEX,2094610.558,7580.091354689962,9255.03930715632
2026-09-01 12:05:42,7450.0,7460.0,Call DEX 4,DEX,190.58,7580.091354689962,9255.03930715632
2026-09-01 12:05:42,7450.0,7460.0,Call VEX 4,VEX,1827101.426,7580.091354689962,9255.03930715632
2026-09-01 12:05:42,7500.0,7510.0,Call DEX 5,DEX,129.004,7580.091354689962,9255.03930715632
2026-09-01 12:05:42,7500.0,7510.0,Put GEX 2,GEX,-584458.458,7580.091354689962,9255.03930715632
2026-09-01 12:05:42,7500.0,7510.0,Call VEX 2,VEX,2821832.05,7580.091354689962,9255.03930715632
2026-09-01 12:05:42,7550.0,7560.0,Put GEX 5,GEX,-377476.424,7580.091354689962,9255.03930715632
2026-09-01 12:05:42,7600.0,7610.0,Call CEX 1,CEX,2357000.654,7580.091354689962,9255.03930715632
2026-09-01 12:05:42,7605.0,7615.0,Call CEX 4,CEX,1545223.144,7580.091354689962,9255.03930715632
2026-09-01 12:05:42,7610.0,7620.0,Call CEX 2,CEX,2126262.236,7580.091354689962,9255.03930715632
2026-09-01 12:05:42,7615.0,7625.0,Call CEX 3,CEX,1906064.285,7580.091354689962,9255.03930715632
2026-09-01 12:05:42,7625.0,7635.0,Put GEX 3,GEX,-454918.205,7580.091354689962,9255.03930715632
2026-09-01 12:05:42,7640.0,7650.25,Put CEX 5,CEX,-2065185.764,7580.091354689962,9255.03930715632
2026-09-01 12:05:42,7650.0,7660.25,Put CEX 1,CEX,-3546448.229,7580.091354689962,9255.03930715632
2026-09-01 12:05:42,7650.0,7660.25,Put DEX 4,DEX,-75.506,7580.091354689962,9255.03930715632
2026-09-01 12:05:42,7675.0,7685.25,Put CEX 3,CEX,-2745896.705,7580.091354689962,9255.03930715632
2026-09-01 12:05:42,7700.0,7710.25,Put CEX 4,CEX,-2275061.064,7580.091354689962,9255.03930715632
2026-09-01 12:05:42,7700.0,7710.25,Put DEX 2,DEX,-202.826,7580.091354689962,9255.03930715632
2026-09-01 12:05:42,7700.0,7710.25,Put VEX 4,VEX,-999772.145,7580.091354689962,9255.03930715632
2026-09-01 12:05:42,7750.0,7760.25,Put DEX 3,DEX,-96.087,7580.091354689962,9255.03930715632
2026-09-01 12:05:42,7750.0,7760.25,Call GEX 3,GEX,267865.773,7580.091354689962,9255.03930715632
2026-09-01 12:05:42,7750.0,7760.25,Put VEX 3,VEX,-1100630.074,7580.091354689962,9255.03930715632
2026-09-01 12:05:42,7800.0,7810.25,Put DEX 5,DEX,-75.102,7580.091354689962,9255.03930715632
2026-09-01 12:05:42,7800.0,7810.25,Call GEX 1,GEX,492798.127,7580.091354689962,9255.03930715632
2026-09-01 12:05:42,7800.0,7810.25,Put VEX 2,VEX,-1702605.863,7580.091354689962,9255.03930715632
2026-09-01 12:05:42,7850.0,7860.5,Call GEX 4,GEX,261415.974,7580.091354689962,9255.03930715632
2026-09-01 12:05:42,7900.0,7910.5,Call GEX 2,GEX,356748.207,7580.091354689962,9255.03930715632
2026-09-01 12:05:42,7900.0,7910.5,Put VEX 5,VEX,-958051.363,7580.091354689962,9255.03930715632
2026-09-01 12:05:42,7950.0,7960.5,Call GEX 5,GEX,154753.776,7580.091354689962,9255.03930715632
2026-09-01 12:05:42,8000.0,8010.5,Put CEX 2,CEX,-3055393.898,7580.091354689962,9255.03930715632
2026-09-01 12:05:42,8000.0,8010.5,Put DEX 1,DEX,-2555.789,7580.091354689962,9255.03930715632
2026-09-01 12:05:42,8000.0,8010.5,Put GEX 4,GEX,-450530.27,7580.091354689962,9255.03930715632
2026-09-01 12:05:42,8000.0,8010.5,Put VEX 1,VEX,-10072652.697,7580.091354689962,9255.03930715632
2026-09-01 12:06:30,7000.0,7009.75,Call CEX 5,CEX,1542836.511,7571.322906786255,9247.839241252785
2026-09-01 12:06:30,7000.0,7009.75,Call DEX 1,DEX,887.254,7571.322906786255,9247.839241252785
2026-09-01 12:06:30,7000.0,7009.75,Put GEX 1,GEX,-701468.8,7571.322906786255,9247.839241252785
2026-09-01 12:06:30,7000.0,7009.75,Call VEX 1,VEX,6989237.884,7571.322906786255,9247.839241252785
2026-09-01 12:06:30,7300.0,7310.0,Call DEX 2,DEX,251.988,7571.322906786255,9247.839241252785
2026-09-01 12:06:30,7300.0,7310.0,Call VEX 5,VEX,1651064.479,7571.322906786255,9247.839241252785
2026-09-01 12:06:30,7400.0,7410.25,Call DEX 4,DEX,192.683,7571.322906786255,9247.839241252785
2026-09-01 12:06:30,7400.0,7410.25,Call VEX 3,VEX,2095363.811,7571.322906786255,9247.839241252785
2026-09-01 12:06:30,7450.0,7460.25,Call DEX 3,DEX,198.699,7571.322906786255,9247.839241252785
2026-09-01 12:06:30,7450.0,7460.25,Call VEX 4,VEX,1826839.436,7571.322906786255,9247.839241252785
2026-09-01 12:06:30,7500.0,7510.5,Call DEX 5,DEX,125.287,7571.322906786255,9247.839241252785
2026-09-01 12:06:30,7500.0,7510.5,Put GEX 2,GEX,-591098.932,7571.322906786255,9247.839241252785
2026-09-01 12:06:30,7500.0,7510.5,Call VEX 2,VEX,2808167.233,7571.322906786255,9247.839241252785
2026-09-01 12:06:30,7550.0,7560.5,Put GEX 5,GEX,-383515.926,7571.322906786255,9247.839241252785
2026-09-01 12:06:30,7600.0,7610.5,Call CEX 1,CEX,2970313.527,7571.322906786255,9247.839241252785
2026-09-01 12:06:30,7605.0,7615.5,Call CEX 4,CEX,1622289.177,7571.322906786255,9247.839241252785
2026-09-01 12:06:30,7610.0,7620.5,Call CEX 2,CEX,2194942.918,7571.322906786255,9247.839241252785
2026-09-01 12:06:30,7615.0,7625.5,Call CEX 3,CEX,1887158.065,7571.322906786255,9247.839241252785
2026-09-01 12:06:30,7625.0,7635.5,Put GEX 3,GEX,-511617.336,7571.322906786255,9247.839241252785
2026-09-01 12:06:30,7635.0,7645.5,Put CEX 5,CEX,-1410493.475,7571.322906786255,9247.839241252785
2026-09-01 12:06:30,7640.0,7650.5,Put CEX 3,CEX,-2075170.071,7571.322906786255,9247.839241252785
2026-09-01 12:06:30,7650.0,7660.5,Put CEX 2,CEX,-2477934.883,7571.322906786255,9247.839241252785
2026-09-01 12:06:30,7650.0,7660.5,Put DEX 4,DEX,-78.726,7571.322906786255,9247.839241252785
2026-09-01 12:06:30,7675.0,7685.5,Put CEX 4,CEX,-1636823.899,7571.322906786255,9247.839241252785
2026-09-01 12:06:30,7700.0,7710.75,Put DEX 2,DEX,-193.176,7571.322906786255,9247.839241252785
2026-09-01 12:06:30,7700.0,7710.75,Put VEX 4,VEX,-1002781.322,7571.322906786255,9247.839241252785
2026-09-01 12:06:30,7750.0,7760.75,Put DEX 3,DEX,-97.881,7571.322906786255,9247.839241252785
2026-09-01 12:06:30,7750.0,7760.75,Call GEX 3,GEX,270303.14,7571.322906786255,9247.839241252785
2026-09-01 12:06:30,7750.0,7760.75,Put VEX 3,VEX,-1097107.29,7571.322906786255,9247.839241252785
2026-09-01 12:06:30,7800.0,7810.75,Put DEX 5,DEX,-73.362,7571.322906786255,9247.839241252785
2026-09-01 12:06:30,7800.0,7810.75,Call GEX 1,GEX,488892.09,7571.322906786255,9247.839241252785
2026-09-01 12:06:30,7800.0,7810.75,Put VEX 2,VEX,-1701360.176,7571.322906786255,9247.839241252785
2026-09-01 12:06:30,7850.0,7860.75,Call GEX 4,GEX,259296.889,7571.322906786255,9247.839241252785
2026-09-01 12:06:30,7900.0,7911.0,Call GEX 2,GEX,354529.622,7571.322906786255,9247.839241252785
2026-09-01 12:06:30,7900.0,7911.0,Put VEX 5,VEX,-955670.318,7571.322906786255,9247.839241252785
2026-09-01 12:06:30,7950.0,7961.0,Call GEX 5,GEX,153955.513,7571.322906786255,9247.839241252785
2026-09-01 12:06:30,8000.0,8011.0,Put CEX 1,CEX,-3022400.326,7571.322906786255,9247.839241252785
2026-09-01 12:06:30,8000.0,8011.0,Put DEX 1,DEX,-2565.675,7571.322906786255,9247.839241252785
2026-09-01 12:06:30,8000.0,8011.0,Put GEX 4,GEX,-442194.344,7571.322906786255,9247.839241252785
2026-09-01 12:06:30,8000.0,8011.0,Put VEX 1,VEX,-10036745.652,7571.322906786255,9247.839241252785
2026-09-01 12:07:17,7000.0,7009.5,Call CEX 5,CEX,1513921.302,7579.303773475924,9240.842644670232
2026-09-01 12:07:17,7000.0,7009.5,Call DEX 1,DEX,856.915,7579.303773475924,9240.842644670232
2026-09-01 12:07:17,7000.0,7009.5,Put GEX 1,GEX,-719403.1,7579.303773475924,9240.842644670232
2026-09-01 12:07:17,7000.0,7009.5,Call VEX 1,VEX,6836579.597,7579.303773475924,9240.842644670232
2026-09-01 12:07:17,7300.0,7309.75,Call DEX 2,DEX,253.718,7579.303773475924,9240.842644670232
2026-09-01 12:07:17,7300.0,7309.75,Call VEX 5,VEX,1634432.316,7579.303773475924,9240.842644670232
2026-09-01 12:07:17,7400.0,7410.0,Call DEX 3,DEX,193.765,7579.303773475924,9240.842644670232
2026-09-01 12:07:17,7400.0,7410.0,Call VEX 3,VEX,2096658.564,7579.303773475924,9240.842644670232
2026-09-01 12:07:17,7450.0,7460.0,Call DEX 4,DEX,191.359,7579.303773475924,9240.842644670232
2026-09-01 12:07:17,7450.0,7460.0,Call VEX 4,VEX,1831368.11,7579.303773475924,9240.842644670232
2026-09-01 12:07:17,7500.0,7510.25,Call DEX 5,DEX,127.898,7579.303773475924,9240.842644670232
2026-09-01 12:07:17,7500.0,7510.25,Put GEX 2,GEX,-583296.783,7579.303773475924,9240.842644670232
2026-09-01 12:07:17,7500.0,7510.25,Call VEX 2,VEX,2832734.629,7579.303773475924,9240.842644670232
2026-09-01 12:07:17,7550.0,7560.25,Put GEX 5,GEX,-373727.828,7579.303773475924,9240.842644670232
2026-09-01 12:07:17,7600.0,7610.25,Call CEX 1,CEX,2365519.461,7579.303773475924,9240.842644670232
2026-09-01 12:07:17,7610.0,7620.25,Call CEX 2,CEX,2049117.102,7579.303773475924,9240.842644670232
2026-09-01 12:07:17,7615.0,7625.25,Call CEX 3,CEX,1949260.451,7579.303773475924,9240.842644670232
2026-09-01 12:07:17,7620.0,7630.25,Call CEX 4,CEX,1533438.502,7579.303773475924,9240.842644670232
2026-09-01 12:07:17,7625.0,7635.25,Put GEX 4,GEX,-434150.313,7579.303773475924,9240.842644670232
2026-09-01 12:07:17,7650.0,7660.25,Put CEX 1,CEX,-3713050.335,7579.303773475924,9240.842644670232
2026-09-01 12:07:17,7650.0,7660.25,Put DEX 4,DEX,-73.394,7579.303773475924,9240.842644670232
2026-09-01 12:07:17,7675.0,7685.25,Put CEX 3,CEX,-3036532.116,7579.303773475924,9240.842644670232
2026-09-01 12:07:17,7690.0,7700.5,Put CEX 5,CEX,-2099785.214,7579.303773475924,9240.842644670232
2026-09-01 12:07:17,7700.0,7710.5,Put CEX 4,CEX,-2506456.576,7579.303773475924,9240.842644670232
2026-09-01 12:07:17,7700.0,7710.5,Put DEX 2,DEX,-199.574,7579.303773475924,9240.842644670232
2026-09-01 12:07:17,7700.0,7710.5,Put VEX 4,VEX,-984168.558,7579.303773475924,9240.842644670232
2026-09-01 12:07:17,7750.0,7760.5,Put DEX 3,DEX,-94.063,7579.303773475924,9240.842644670232
2026-09-01 12:07:17,7750.0,7760.5,Call GEX 3,GEX,265556.389,7579.303773475924,9240.842644670232
2026-09-01 12:07:17,7750.0,7760.5,Put VEX 3,VEX,-1098248.771,7579.303773475924,9240.842644670232
2026-09-01 12:07:17,7800.0,7810.5,Put DEX 5,DEX,-73.342,7579.303773475924,9240.842644670232
2026-09-01 12:07:17,7800.0,7810.5,Call GEX 1,GEX,494338.715,7579.303773475924,9240.842644670232
2026-09-01 12:07:17,7800.0,7810.5,Put VEX 2,VEX,-1699890.587,7579.303773475924,9240.842644670232
2026-09-01 12:07:17,7850.0,7860.5,Call GEX 4,GEX,261844.885,7579.303773475924,9240.842644670232
2026-09-01 12:07:17,7900.0,7910.75,Call GEX 2,GEX,357782.936,7579.303773475924,9240.842644670232
2026-09-01 12:07:17,7900.0,7910.75,Put VEX 5,VEX,-957463.11,7579.303773475924,9240.842644670232
2026-09-01 12:07:17,7950.0,7960.75,Call GEX 5,GEX,155626.274,7579.303773475924,9240.842644670232
2026-09-01 12:07:17,8000.0,8010.75,Put CEX 2,CEX,-3091463.035,7579.303773475924,9240.842644670232
2026-09-01 12:07:17,8000.0,8010.75,Put DEX 1,DEX,-2548.064,7579.303773475924,9240.842644670232
2026-09-01 12:07:17,8000.0,8010.75,Put GEX 3,GEX,-453370.908,7579.303773475924,9240.842644670232
2026-09-01 12:07:17,8000.0,8010.75,Put VEX 1,VEX,-10129704.566,7579.303773475924,9240.842644670232
2026-09-01 12:08:04,7000.0,7009.75,Call CEX 5,CEX,1556094.277,7554.982850429687,9248.170542077369
2026-09-01 12:08:04,7000.0,7009.75,Call DEX 1,DEX,886.171,7554.982850429687,9248.170542077369
2026-09-01 12:08:04,7000.0,7009.75,Put GEX 1,GEX,-701673.551,7554.982850429687,9248.170542077369
2026-09-01 12:08:04,7000.0,7009.75,Call VEX 1,VEX,7007521.792,7554.982850429687,9248.170542077369
2026-09-01 12:08:04,7300.0,7310.0,Call DEX 2,DEX,251.315,7554.982850429687,9248.170542077369
2026-09-01 12:08:04,7300.0,7310.0,Call VEX 5,VEX,1654754.198,7554.982850429687,9248.170542077369
2026-09-01 12:08:04,7400.0,7410.25,Call DEX 4,DEX,191.861,7554.982850429687,9248.170542077369
2026-09-01 12:08:04,7400.0,7410.25,Call VEX 3,VEX,2094910.036,7554.982850429687,9248.170542077369
2026-09-01 12:08:04,7450.0,7460.25,Call DEX 3,DEX,197.9,7554.982850429687,9248.170542077369
2026-09-01 12:08:04,7450.0,7460.25,Call VEX 4,VEX,1828838.72,7554.982850429687,9248.170542077369
2026-09-01 12:08:04,7500.0,7510.25,Call DEX 5,DEX,124.592,7554.982850429687,9248.170542077369
2026-09-01 12:08:04,7500.0,7510.25,Put GEX 2,GEX,-591012.354,7554.982850429687,9248.170542077369
2026-09-01 12:08:04,7500.0,7510.25,Call VEX 2,VEX,2805908.797,7554.982850429687,9248.170542077369
2026-09-01 12:08:04,7550.0,7560.5,Put GEX 5,GEX,-383608.445,7554.982850429687,9248.170542077369
2026-09-01 12:08:04,7600.0,7610.5,Call CEX 1,CEX,3276178.238,7554.982850429687,9248.170542077369
2026-09-01 12:08:04,7605.0,7615.5,Call CEX 4,CEX,1654448.069,7554.982850429687,9248.170542077369
2026-09-01 12:08:04,7610.0,7620.5,Call CEX 2,CEX,2226513.437,7554.982850429687,9248.170542077369
2026-09-01 12:08:04,7615.0,7625.5,Call CEX 3,CEX,1889513.79,7554.982850429687,9248.170542077369
2026-09-01 12:08:04,7625.0,7635.5,Put GEX 3,GEX,-542378.536,7554.982850429687,9248.170542077369
2026-09-01 12:08:04,7630.0,7640.5,Put CEX 4,CEX,-1461135.284,7554.982850429687,9248.170542077369
2026-09-01 12:08:04,7635.0,7645.5,Put CEX 3,CEX,-1486125.613,7554.982850429687,9248.170542077369
2026-09-01 12:08:04,7640.0,7650.5,Put CEX 2,CEX,-1829920.279,7554.982850429687,9248.170542077369
2026-09-01 12:08:04,7650.0,7660.5,Put DEX 5,DEX,-58.823,7554.982850429687,9248.170542077369
2026-09-01 12:08:04,7700.0,7710.5,Put CEX 5,CEX,-1285666.421,7554.982850429687,9248.170542077369
2026-09-01 12:08:04,7700.0,7710.5,Put DEX 2,DEX,-194.66,7554.982850429687,9248.170542077369
2026-09-01 12:08:04,7700.0,7710.5,Put VEX 4,VEX,-1010996.99,7554.982850429687,9248.170542077369
2026-09-01 12:08:04,7750.0,7760.75,Put DEX 3,DEX,-92.554,7554.982850429687,9248.170542077369
2026-09-01 12:08:04,7750.0,7760.75,Call GEX 3,GEX,272751.771,7554.982850429687,9248.170542077369
2026-09-01 12:08:04,7750.0,7760.75,Put VEX 3,VEX,-1095864.771,7554.982850429687,9248.170542077369
2026-09-01 12:08:04,7800.0,7810.75,Put DEX 4,DEX,-74.883,7554.982850429687,9248.170542077369
2026-09-01 12:08:04,7800.0,7810.75,Call GEX 1,GEX,488052.859,7554.982850429687,9248.170542077369
2026-09-01 12:08:04,7800.0,7810.75,Put VEX 2,VEX,-1702772.575,7554.982850429687,9248.170542077369
2026-09-01 12:08:04,7850.0,7860.75,Call GEX 4,GEX,258818.094,7554.982850429687,9248.170542077369
2026-09-01 12:08:04,7900.0,7910.75,Call GEX 2,GEX,353361.277,7554.982850429687,9248.170542077369
2026-09-01 12:08:04,7900.0,7910.75,Put VEX 5,VEX,-954788.805,7554.982850429687,9248.170542077369
2026-09-01 12:08:04,7950.0,7961.0,Call GEX 5,GEX,153712.956,7554.982850429687,9248.170542077369
2026-09-01 12:08:04,8000.0,8011.0,Put CEX 1,CEX,-3003919.5,7554.982850429687,9248.170542077369
2026-09-01 12:08:04,8000.0,8011.0,Put DEX 1,DEX,-2543.985,7554.982850429687,9248.170542077369
2026-09-01 12:08:04,8000.0,8011.0,Put GEX 4,GEX,-439942.05,7554.982850429687,9248.170542077369
2026-09-01 12:08:04,8000.0,8011.0,Put VEX 1,VEX,-10023378.234,7554.982850429687,9248.170542077369
2026-09-01 12:08:51,7000.0,7010.25,Call CEX 5,CEX,1533360.423,7554.999184600781,9245.375215864728
2026-09-01 12:08:51,7000.0,7010.25,Call DEX 1,DEX,888.095,7554.999184600781,9245.375215864728
2026-09-01 12:08:51,7000.0,7010.25,Put GEX 1,GEX,-702204.421,7554.999184600781,9245.375215864728
2026-09-01 12:08:51,7000.0,7010.25,Call VEX 1,VEX,6977409.106,7554.999184600781,9245.375215864728
2026-09-01 12:08:51,7300.0,7310.5,Call DEX 2,DEX,251.964,7554.999184600781,9245.375215864728
2026-09-01 12:08:51,7300.0,7310.5,Call VEX 5,VEX,1653062.887,7554.999184600781,9245.375215864728
2026-09-01 12:08:51,7400.0,7410.75,Call DEX 4,DEX,193.02,7554.999184600781,9245.375215864728
2026-09-01 12:08:51,7400.0,7410.75,Call VEX 3,VEX,2096607.333,7554.999184600781,9245.375215864728
2026-09-01 12:08:51,7450.0,7460.75,Call DEX 3,DEX,199.019,7554.999184600781,9245.375215864728
2026-09-01 12:08:51,7450.0,7460.75,Call VEX 4,VEX,1831262.252,7554.999184600781,9245.375215864728
2026-09-01 12:08:51,7500.0,7510.75,Call DEX 5,DEX,126.681,7554.999184600781,9245.375215864728
2026-09-01 12:08:51,7500.0,7510.75,Put GEX 2,GEX,-591132.186,7554.999184600781,9245.375215864728
2026-09-01 12:08:51,7500.0,7510.75,Call VEX 2,VEX,2814574.199,7554.999184600781,9245.375215864728
2026-09-01 12:08:51,7550.0,7561.0,Put GEX 5,GEX,-384161.516,7554.999184600781,9245.375215864728
2026-09-01 12:08:51,7600.0,7611.0,Call CEX 1,CEX,3153545.57,7554.999184600781,9245.375215864728
2026-09-01 12:08:51,7605.0,7616.0,Call CEX 4,CEX,1606592.057,7554.999184600781,9245.375215864728
2026-09-01 12:08:51,7610.0,7621.0,Call CEX 2,CEX,2207272.109,7554.999184600781,9245.375215864728
2026-09-01 12:08:51,7615.0,7626.0,Call CEX 3,CEX,1947967.346,7554.999184600781,9245.375215864728
2026-09-01 12:08:51,7625.0,7636.0,Put GEX 3,GEX,-556047.994,7554.999184600781,9245.375215864728
2026-09-01 12:08:51,7630.0,7641.0,Put CEX 4,CEX,-1301869.285,7554.999184600781,9245.375215864728
2026-09-01 12:08:51,7635.0,7646.0,Put CEX 3,CEX,-1466402.189,7554.999184600781,9245.375215864728
2026-09-01 12:08:51,7640.0,7651.0,Put CEX 2,CEX,-1906494.284,7554.999184600781,9245.375215864728
2026-09-01 12:08:51,7650.0,7661.0,Put DEX 5,DEX,-57.884,7554.999184600781,9245.375215864728
2026-09-01 12:08:51,7700.0,7711.25,Put CEX 5,CEX,-1284592.349,7554.999184600781,9245.375215864728
2026-09-01 12:08:51,7700.0,7711.25,Put DEX 2,DEX,-193.18,7554.999184600781,9245.375215864728
2026-09-01 12:08:51,7700.0,7711.25,Put VEX 4,VEX,-1000051.872,7554.999184600781,9245.375215864728
2026-09-01 12:08:51,7750.0,7761.25,Put DEX 3,DEX,-91.519,7554.999184600781,9245.375215864728
2026-09-01 12:08:51,7750.0,7761.25,Call GEX 3,GEX,270970.312,7554.999184600781,9245.375215864728
2026-09-01 12:08:51,7750.0,7761.25,Put VEX 3,VEX,-1095175.771,7554.999184600781,9245.375215864728
2026-09-01 12:08:51,7800.0,7811.25,Put DEX 4,DEX,-74.402,7554.999184600781,9245.375215864728
2026-09-01 12:08:51,7800.0,7811.25,Call GEX 1,GEX,488696.152,7554.999184600781,9245.375215864728
2026-09-01 12:08:51,7800.0,7811.25,Put VEX 2,VEX,-1703055.347,7554.999184600781,9245.375215864728
2026-09-01 12:08:51,7850.0,7861.25,Call GEX 4,GEX,259298.067,7554.999184600781,9245.375215864728
2026-09-01 12:08:51,7900.0,7911.5,Call GEX 2,GEX,354661.687,7554.999184600781,9245.375215864728
2026-09-01 12:08:51,7900.0,7911.5,Put VEX 5,VEX,-956633.709,7554.999184600781,9245.375215864728
2026-09-01 12:08:51,7950.0,7961.5,Call GEX 5,GEX,154226.008,7554.999184600781,9245.375215864728
2026-09-01 12:08:51,8000.0,8011.5,Put CEX 1,CEX,-3011614.03,7554.999184600781,9245.375215864728
2026-09-01 12:08:51,8000.0,8011.5,Put DEX 1,DEX,-2573.471,7554.999184600781,9245.375215864728
2026-09-01 12:08:51,8000.0,8011.5,Put GEX 4,GEX,-432635.642,7554.999184600781,9245.375215864728
2026-09-01 12:08:51,8000.0,8011.5,Put VEX 1,VEX,-10001465.597,7554.999184600781,9245.375215864728
2026-09-01 12:09:38,7000.0,7009.25,Call CEX 5,CEX,1525000.609,7577.361957408269,9245.293859447986
2026-09-01 12:09:38,7000.0,7009.25,Call DEX 1,DEX,856.059,7577.361957408269,9245.293859447986
2026-09-01 12:09:38,7000.0,7009.25,Put GEX 1,GEX,-708658.891,7577.361957408269,9245.293859447986
2026-09-01 12:09:38,7000.0,7009.25,Call VEX 1,VEX,6928598.742,7577.361957408269,9245.293859447986
2026-09-01 12:09:38,7300.0,7309.75,Call DEX 2,DEX,252.297,7577.361957408269,9245.293859447986
2026-09-01 12:09:38,7300.0,7309.75,Call VEX 5,VEX,1646992.719,7577.361957408269,9245.293859447986
2026-09-01 12:09:38,7400.0,7410.0,Call DEX 4,DEX,193.014,7577.361957408269,9245.293859447986
2026-09-01 12:09:38,7400.0,7410.0,Call VEX 3,VEX,2096258.713,7577.361957408269,9245.293859447986
2026-09-01 12:09:38,7450.0,7460.0,Call DEX 3,DEX,194.9,7577.361957408269,9245.293859447986
2026-09-01 12:09:38,7450.0,7460.0,Call VEX 4,VEX,1828529.841,7577.361957408269,9245.293859447986
2026-09-01 12:09:38,7500.0,7510.0,Call DEX 5,DEX,126.928,7577.361957408269,9245.293859447986
2026-09-01 12:09:38,7500.0,7510.0,Put GEX 2,GEX,-589418.943,7577.361957408269,9245.293859447986
2026-09-01 12:09:38,7500.0,7510.0,Call VEX 2,VEX,2818233.726,7577.361957408269,9245.293859447986
2026-09-01 12:09:38,7550.0,7560.0,Put GEX 5,GEX,-382230.113,7577.361957408269,9245.293859447986
2026-09-01 12:09:38,7600.0,7610.25,Call CEX 1,CEX,2844658.007,7577.361957408269,9245.293859447986
2026-09-01 12:09:38,7605.0,7615.25,Call CEX 4,CEX,1599692.532,7577.361957408269,9245.293859447986
2026-09-01 12:09:38,7610.0,7620.25,Call CEX 2,CEX,2193110.284,7577.361957408269,9245.293859447986
2026-09-01 12:09:38,7615.0,7625.25,Call CEX 3,CEX,1978016.756,7577.361957408269,9245.293859447986
2026-09-01 12:09:38,7625.0,7635.25,Put GEX 3,GEX,-516491.818,7577.361957408269,9245.293859447986
2026-09-01 12:09:38,7640.0,7650.25,Put CEX 3,CEX,-2159571.916,7577.361957408269,9245.293859447986
2026-09-01 12:09:38,7650.0,7660.25,Put CEX 2,CEX,-2881040.65,7577.361957408269,9245.293859447986
2026-09-01 12:09:38,7650.0,7660.25,Put DEX 4,DEX,-77.61,7577.361957408269,9245.293859447986
2026-09-01 12:09:38,7675.0,7685.25,Put CEX 4,CEX,-1916810.214,7577.361957408269,9245.293859447986
2026-09-01 12:09:38,7700.0,7710.25,Put CEX 5,CEX,-1645030.782,7577.361957408269,9245.293859447986
2026-09-01 12:09:38,7700.0,7710.25,Put DEX 2,DEX,-205.396,7577.361957408269,9245.293859447986
2026-09-01 12:09:38,7700.0,7710.25,Put VEX 4,VEX,-1000133.323,7577.361957408269,9245.293859447986
2026-09-01 12:09:38,7750.0,7760.25,Put DEX 3,DEX,-97.171,7577.361957408269,9245.293859447986
2026-09-01 12:09:38,7750.0,7760.25,Call GEX 3,GEX,268411.121,7577.361957408269,9245.293859447986
2026-09-01 12:09:38,7750.0,7760.25,Put VEX 3,VEX,-1099456.899,7577.361957408269,9245.293859447986
2026-09-01 12:09:38,7800.0,7810.5,Put DEX 5,DEX,-76.235,7577.361957408269,9245.293859447986
2026-09-01 12:09:38,7800.0,7810.5,Call GEX 1,GEX,490424.901,7577.361957408269,9245.293859447986
2026-09-01 12:09:38,7800.0,7810.5,Put VEX 2,VEX,-1702865.489,7577.361957408269,9245.293859447986
2026-09-01 12:09:38,7850.0,7860.5,Call GEX 4,GEX,259635.548,7577.361957408269,9245.293859447986
2026-09-01 12:09:38,7900.0,7910.5,Call GEX 2,GEX,355378.748,7577.361957408269,9245.293859447986
2026-09-01 12:09:38,7900.0,7910.5,Put VEX 5,VEX,-957258.797,7577.361957408269,9245.293859447986
2026-09-01 12:09:38,7950.0,7960.5,Call GEX 5,GEX,154405.577,7577.361957408269,9245.293859447986
2026-09-01 12:09:38,8000.0,8010.75,Put CEX 1,CEX,-3035051.967,7577.361957408269,9245.293859447986
2026-09-01 12:09:38,8000.0,8010.75,Put DEX 1,DEX,-2566.642,7577.361957408269,9245.293859447986
2026-09-01 12:09:38,8000.0,8010.75,Put GEX 4,GEX,-441577.001,7577.361957408269,9245.293859447986
2026-09-01 12:09:38,8000.0,8010.75,Put VEX 1,VEX,-10035981.391,7577.361957408269,9245.293859447986
2026-09-01 12:10:25,7000.0,7010.0,Call CEX 5,CEX,1519306.549,7553.055433797806,9242.537715695416
2026-09-01 12:10:25,7000.0,7010.0,Call DEX 1,DEX,896.457,7553.055433797806,9242.537715695416
2026-09-01 12:10:25,7000.0,7010.0,Put GEX 1,GEX,-712250.568,7553.055433797806,9242.537715695416
2026-09-01 12:10:25,7000.0,7010.0,Call VEX 1,VEX,6845237.033,7553.055433797806,9242.537715695416
2026-09-01 12:10:25,7300.0,7310.5,Call DEX 2,DEX,252.538,7553.055433797806,9242.537715695416
2026-09-01 12:10:25,7300.0,7310.5,Call VEX 5,VEX,1649624.109,7553.055433797806,9242.537715695416
2026-09-01 12:10:25,7400.0,7410.5,Call DEX 4,DEX,195.892,7553.055433797806,9242.537715695416
2026-09-01 12:10:25,7400.0,7410.5,Call VEX 3,VEX,2099442.429,7553.055433797806,9242.537715695416
2026-09-01 12:10:25,7450.0,7460.75,Call DEX 3,DEX,202.437,7553.055433797806,9242.537715695416
2026-09-01 12:10:25,7450.0,7460.75,Call VEX 4,VEX,1838590.356,7553.055433797806,9242.537715695416
2026-09-01 12:10:25,7500.0,7510.75,Call DEX 5,DEX,132.157,7553.055433797806,9242.537715695416
2026-09-01 12:10:25,7500.0,7510.75,Put GEX 2,GEX,-587149.921,7553.055433797806,9242.537715695416
2026-09-01 12:10:25,7500.0,7510.75,Call VEX 2,VEX,2838012.672,7553.055433797806,9242.537715695416
2026-09-01 12:10:25,7550.0,7560.75,Put GEX 4,GEX,-378668.571,7553.055433797806,9242.537715695416
2026-09-01 12:10:25,7600.0,7610.75,Call CEX 1,CEX,2931974.111,7553.055433797806,9242.537715695416
2026-09-01 12:10:25,7610.0,7621.0,Call CEX 2,CEX,2109323.849,7553.055433797806,9242.537715695416
2026-09-01 12:10:25,7615.0,7626.0,Call CEX 3,CEX,2020237.461,7553.055433797806,9242.537715695416
2026-09-01 12:10:25,7620.0,7631.0,Call CEX 4,CEX,1607216.79,7553.055433797806,9242.537715695416
2026-09-01 12:10:25,7625.0,7636.0,Put GEX 3,GEX,-535260.319,7553.055433797806,9242.537715695416
2026-09-01 12:10:25,7635.0,7646.0,Put CEX 4,CEX,-1314111.504,7553.055433797806,9242.537715695416
2026-09-01 12:10:25,7640.0,7651.0,Put CEX 2,CEX,-2160337.307,7553.055433797806,9242.537715695416
2026-09-01 12:10:25,7645.0,7656.0,Put CEX 3,CEX,-1403224.034,7553.055433797806,9242.537715695416
2026-09-01 12:10:25,7650.0,7661.0,Put DEX 5,DEX,-55.534,7553.055433797806,9242.537715695416
2026-09-01 12:10:25,7700.0,7711.0,Put CEX 5,CEX,-1287205.096,7553.055433797806,9242.537715695416
2026-09-01 12:10:25,7700.0,7711.0,Put DEX 2,DEX,-189.282,7553.055433797806,9242.537715695416
2026-09-01 12:10:25,7700.0,7711.0,Put VEX 4,VEX,-974366.919,7553.055433797806,9242.537715695416
2026-09-01 12:10:25,7750.0,7761.0,Put DEX 3,DEX,-89.608,7553.055433797806,9242.537715695416
2026-09-01 12:10:25,7750.0,7761.0,Call GEX 3,GEX,273499.347,7553.055433797806,9242.537715695416
2026-09-01 12:10:25,7750.0,7761.0,Put VEX 3,VEX,-1086931.729,7553.055433797806,9242.537715695416
2026-09-01 12:10:25,7800.0,7811.25,Put DEX 4,DEX,-72.325,7553.055433797806,9242.537715695416
2026-09-01 12:10:25,7800.0,7811.25,Call GEX 1,GEX,495129.284,7553.055433797806,9242.537715695416
2026-09-01 12:10:25,7800.0,7811.25,Put VEX 2,VEX,-1697163.171,7553.055433797806,9242.537715695416
2026-09-01 12:10:25,7850.0,7861.25,Call GEX 4,GEX,261500.582,7553.055433797806,9242.537715695416
2026-09-01 12:10:25,7900.0,7911.25,Call GEX 2,GEX,357271.84,7553.055433797806,9242.537715695416
2026-09-01 12:10:25,7900.0,7911.25,Put VEX 5,VEX,-957582.507,7553.055433797806,9242.537715695416
2026-09-01 12:10:25,7950.0,7961.25,Call GEX 5,GEX,155332.473,7553.055433797806,9242.537715695416
2026-09-01 12:10:25,8000.0,8011.5,Put CEX 1,CEX,-2928134.923,7553.055433797806,9242.537715695416
2026-09-01 12:10:25,8000.0,8011.5,Put DEX 1,DEX,-2606.104,7553.055433797806,9242.537715695416
2026-09-01 12:10:25,8000.0,8011.5,Put GEX 5,GEX,-363331.834,7553.055433797806,9242.537715695416
2026-09-01 12:10:25,8000.0,8011.5,Put VEX 1,VEX,-9766359.569,7553.055433797806,9242.537715695416
2026-09-01 12:11:14,7000.0,7009.75,Call CEX 5,CEX,1512080.17,7578.867126380838,9242.70476165284
2026-09-01 12:11:14,7000.0,7009.75,Call DEX 1,DEX,861.378,7578.867126380838,9242.70476165284
2026-09-01 12:11:14,7000.0,7009.75,Put GEX 1,GEX,-712529.379,7578.867126380838,9242.70476165284
2026-09-01 12:11:14,7000.0,7009.75,Call VEX 1,VEX,6847120.797,7578.867126380838,9242.70476165284
2026-09-01 12:11:14,7300.0,7310.0,Call DEX 2,DEX,253.965,7578.867126380838,9242.70476165284
2026-09-01 12:11:14,7300.0,7310.0,Call VEX 5,VEX,1639536.239,7578.867126380838,9242.70476165284
2026-09-01 12:11:14,7400.0,7410.25,Call DEX 3,DEX,194.945,7578.867126380838,9242.70476165284
2026-09-01 12:11:14,7400.0,7410.25,Call VEX 3,VEX,2098825.97,7578.867126380838,9242.70476165284
2026-09-01 12:11:14,7450.0,7460.25,Call DEX 4,DEX,191.286,7578.867126380838,9242.70476165284
2026-09-01 12:11:14,7450.0,7460.25,Call VEX 4,VEX,1831276.395,7578.867126380838,9242.70476165284
2026-09-01 12:11:14,7500.0,7510.25,Call DEX 5,DEX,131.327,7578.867126380838,9242.70476165284
2026-09-01 12:11:14,7500.0,7510.25,Put GEX 2,GEX,-587103.855,7578.867126380838,9242.70476165284
2026-09-01 12:11:14,7500.0,7510.25,Call VEX 2,VEX,2836679.0,7578.867126380838,9242.70476165284
2026-09-01 12:11:14,7550.0,7560.5,Put GEX 5,GEX,-379390.794,7578.867126380838,9242.70476165284
2026-09-01 12:11:14,7600.0,7610.5,Call CEX 1,CEX,2449255.686,7578.867126380838,9242.70476165284
2026-09-01 12:11:14,7610.0,7620.5,Call CEX 2,CEX,2148858.663,7578.867126380838,9242.70476165284
2026-09-01 12:11:14,7615.0,7625.5,Call CEX 3,CEX,2033752.189,7578.867126380838,9242.70476165284
2026-09-01 12:11:14,7620.0,7630.5,Call CEX 4,CEX,1590136.773,7578.867126380838,9242.70476165284
2026-09-01 12:11:14,7625.0,7635.5,Put GEX 3,GEX,-508917.986,7578.867126380838,9242.70476165284
2026-09-01 12:11:14,7640.0,7650.5,Put CEX 4,CEX,-2192152.305,7578.867126380838,9242.70476165284
2026-09-01 12:11:14,7650.0,7660.5,Put CEX 1,CEX,-3066906.761,7578.867126380838,9242.70476165284
2026-09-01 12:11:14,7650.0,7660.5,Put DEX 4,DEX,-75.803,7578.867126380838,9242.70476165284
2026-09-01 12:11:14,7675.0,7685.5,Put CEX 3,CEX,-2352855.121,7578.867126380838,9242.70476165284
2026-09-01 12:11:14,7700.0,7710.5,Put CEX 5,CEX,-2025752.95,7578.867126380838,9242.70476165284
2026-09-01 12:11:14,7700.0,7710.5,Put DEX 2,DEX,-202.23,7578.867126380838,9242.70476165284
2026-09-01 12:11:14,7700.0,7710.5,Put VEX 4,VEX,-987103.764,7578.867126380838,9242.70476165284
2026-09-01 12:11:14,7750.0,7760.75,Put DEX 3,DEX,-95.812,7578.867126380838,9242.70476165284
2026-09-01 12:11:14,7750.0,7760.75,Call GEX 3,GEX,269062.006,7578.867126380838,9242.70476165284
2026-09-01 12:11:14,7750.0,7760.75,Put VEX 3,VEX,-1094721.184,7578.867126380838,9242.70476165284
2026-09-01 12:11:14,7800.0,7810.75,Put DEX 5,DEX,-74.969,7578.867126380838,9242.70476165284
2026-09-01 12:11:14,7800.0,7810.75,Call GEX 1,GEX,493522.242,7578.867126380838,9242.70476165284
2026-09-01 12:11:14,7800.0,7810.75,Put VEX 2,VEX,-1699928.835,7578.867126380838,9242.70476165284
2026-09-01 12:11:14,7850.0,7860.75,Call GEX 4,GEX,261342.945,7578.867126380838,9242.70476165284
2026-09-01 12:11:14,7900.0,7910.75,Call GEX 2,GEX,357080.525,7578.867126380838,9242.70476165284
2026-09-01 12:11:14,7900.0,7910.75,Put VEX 5,VEX,-956741.745,7578.867126380838,9242.70476165284
2026-09-01 12:11:14,7950.0,7961.0,Call GEX 5,GEX,155268.792,7578.867126380838,9242.70476165284
2026-09-01 12:11:14,8000.0,8011.0,Put CEX 2,CEX,-3039764.389,7578.867126380838,9242.70476165284
2026-09-01 12:11:14,8000.0,8011.0,Put DEX 1,DEX,-2562.964,7578.867126380838,9242.70476165284
2026-09-01 12:11:14,8000.0,8011.0,Put GEX 4,GEX,-443662.386,7578.867126380838,9242.70476165284
2026-09-01 12:11:14,8000.0,8011.0,Put VEX 1,VEX,-10050037.907,7578.867126380838,9242.70476165284
2026-09-01 12:12:01,7000.0,7010.0,Call DEX 1,DEX,902.57,7551.661978499983,9244.305075351684
2026-09-01 12:12:01,7000.0,7010.0,Put GEX 1,GEX,-713754.287,7551.661978499983,9244.305075351684
2026-09-01 12:12:01,7000.0,7010.0,Call VEX 1,VEX,6753652.798,7551.661978499983,9244.305075351684
2026-09-01 12:12:01,7300.0,7310.5,Call DEX 2,DEX,255.533,7551.661978499983,9244.305075351684
2026-09-01 12:12:01,7300.0,7310.5,Call VEX 5,VEX,1633405.164,7551.661978499983,9244.305075351684
2026-09-01 12:12:01,7400.0,7410.5,Call DEX 4,DEX,199.161,7551.661978499983,9244.305075351684
2026-09-01 12:12:01,7400.0,7410.5,Call VEX 3,VEX,2102093.085,7551.661978499983,9244.305075351684
2026-09-01 12:12:01,7450.0,7460.75,Call DEX 3,DEX,205.301,7551.661978499983,9244.305075351684
2026-09-01 12:12:01,7450.0,7460.75,Call VEX 4,VEX,1844222.125,7551.661978499983,9244.305075351684
2026-09-01 12:12:01,7500.0,7510.75,Call DEX 5,DEX,138.78,7551.661978499983,9244.305075351684
2026-09-01 12:12:01,7500.0,7510.75,Put GEX 2,GEX,-581123.28,7551.661978499983,9244.305075351684
2026-09-01 12:12:01,7500.0,7510.75,Call VEX 2,VEX,2863156.129,7551.661978499983,9244.305075351684
2026-09-01 12:12:01,7550.0,7560.75,Put GEX 5,GEX,-373048.454,7551.661978499983,9244.305075351684
2026-09-01 12:12:01,7600.0,7610.75,Call CEX 1,CEX,2444670.859,7551.661978499983,9244.305075351684
2026-09-01 12:12:01,7610.0,7621.0,Call CEX 4,CEX,1890273.108,7551.661978499983,9244.305075351684
2026-09-01 12:12:01,7615.0,7626.0,Call CEX 3,CEX,1993523.377,7551.661978499983,9244.305075351684
2026-09-01 12:12:01,7620.0,7631.0,Call CEX 5,CEX,1845756.312,7551.661978499983,9244.305075351684
2026-09-01 12:12:01,7625.0,7636.0,Call CEX 2,CEX,2292350.058,7551.661978499983,9244.305075351684
2026-09-01 12:12:01,7625.0,7636.0,Put GEX 3,GEX,-512224.187,7551.661978499983,9244.305075351684
2026-09-01 12:12:01,7640.0,7651.0,Put CEX 2,CEX,-2178509.06,7551.661978499983,9244.305075351684
2026-09-01 12:12:01,7645.0,7656.0,Put CEX 3,CEX,-1690959.647,7551.661978499983,9244.305075351684
2026-09-01 12:12:01,7650.0,7661.0,Put CEX 5,CEX,-1268740.286,7551.661978499983,9244.305075351684
2026-09-01 12:12:01,7650.0,7661.0,Put DEX 4,DEX,-73.587,7551.661978499983,9244.305075351684
2026-09-01 12:12:01,7700.0,7711.0,Put CEX 4,CEX,-1294230.521,7551.661978499983,9244.305075351684
2026-09-01 12:12:01,7700.0,7711.0,Put DEX 2,DEX,-183.768,7551.661978499983,9244.305075351684
2026-09-01 12:12:01,7700.0,7711.0,Put VEX 5,VEX,-938702.118,7551.661978499983,9244.305075351684
2026-09-01 12:12:01,7750.0,7761.0,Put DEX 3,DEX,-86.834,7551.661978499983,9244.305075351684
2026-09-01 12:12:01,7750.0,7761.0,Call GEX 3,GEX,277456.646,7551.661978499983,9244.305075351684
2026-09-01 12:12:01,7750.0,7761.0,Put VEX 3,VEX,-1075508.555,7551.661978499983,9244.305075351684
2026-09-01 12:12:01,7800.0,7811.25,Put DEX 5,DEX,-69.549,7551.661978499983,9244.305075351684
2026-09-01 12:12:01,7800.0,7811.25,Call GEX 1,GEX,501161.498,7551.661978499983,9244.305075351684
2026-09-01 12:12:01,7800.0,7811.25,Put VEX 2,VEX,-1691825.871,7551.661978499983,9244.305075351684
2026-09-01 12:12:01,7850.0,7861.25,Call GEX 4,GEX,265673.519,7551.661978499983,9244.305075351684
2026-09-01 12:12:01,7900.0,7911.25,Call GEX 2,GEX,361256.467,7551.661978499983,9244.305075351684
2026-09-01 12:12:01,7900.0,7911.25,Put VEX 4,VEX,-958694.528,7551.661978499983,9244.305075351684
2026-09-01 12:12:01,7950.0,7961.25,Call GEX 5,GEX,156996.487,7551.661978499983,9244.305075351684
2026-09-01 12:12:01,8000.0,8011.5,Put CEX 1,CEX,-3028411.624,7551.661978499983,9244.305075351684
2026-09-01 12:12:01,8000.0,8011.5,Put DEX 1,DEX,-2561.577,7551.661978499983,9244.305075351684
2026-09-01 12:12:01,8000.0,8011.5,Put GEX 4,GEX,-436023.773,7551.661978499983,9244.305075351684
2026-09-01 12:12:01,8000.0,8011.5,Put VEX 1,VEX,-10038109.925,7551.661978499983,9244.305075351684
2026-09-01 12:12:48,7000.0,7010.0,Call DEX 1,DEX,862.053,7552.37013258446,9244.746744606491
2026-09-01 12:12:48,7000.0,7010.0,Put GEX 1,GEX,-704346.433,7552.37013258446,9244.746744606491
2026-09-01 12:12:48,7000.0,7010.0,Call VEX 1,VEX,6855470.83,7552.37013258446,9244.746744606491
2026-09-01 12:12:48,7300.0,7310.5,Call DEX 2,DEX,254.922,7552.37013258446,9244.746744606491
2026-09-01 12:12:48,7300.0,7310.5,Call VEX 5,VEX,1640204.091,7552.37013258446,9244.746744606491
2026-09-01 12:12:48,7400.0,7410.5,Call DEX 4,DEX,196.995,7552.37013258446,9244.746744606491
2026-09-01 12:12:48,7400.0,7410.5,Call VEX 3,VEX,2100317.008,7552.37013258446,9244.746744606491
2026-09-01 12:12:48,7450.0,7460.75,Call DEX 3,DEX,203.484,7552.37013258446,9244.746744606491
2026-09-01 12:12:48,7450.0,7460.75,Call VEX 4,VEX,1839039.63,7552.37013258446,9244.746744606491
2026-09-01 12:12:48,7500.0,7510.75,Call DEX 5,DEX,134.653,7552.37013258446,9244.746744606491
2026-09-01 12:12:48,7500.0,7510.75,Put GEX 2,GEX,-585316.552,7552.37013258446,9244.746744606491
2026-09-01 12:12:48,7500.0,7510.75,Call VEX 2,VEX,2845954.397,7552.37013258446,9244.746744606491
2026-09-01 12:12:48,7550.0,7560.75,Put GEX 5,GEX,-377302.361,7552.37013258446,9244.746744606491
2026-09-01 12:12:48,7600.0,7610.75,Call CEX 1,CEX,2736827.004,7552.37013258446,9244.746744606491
2026-09-01 12:12:48,7610.0,7620.75,Call CEX 3,CEX,2050412.105,7552.37013258446,9244.746744606491
2026-09-01 12:12:48,7615.0,7625.75,Call CEX 2,CEX,2055711.343,7552.37013258446,9244.746744606491
2026-09-01 12:12:48,7620.0,7630.75,Call CEX 4,CEX,1734772.375,7552.37013258446,9244.746744606491
2026-09-01 12:12:48,7625.0,7635.75,Call CEX 5,CEX,1715591.237,7552.37013258446,9244.746744606491
2026-09-01 12:12:48,7625.0,7635.75,Put GEX 3,GEX,-536475.126,7552.37013258446,9244.746744606491
2026-09-01 12:12:48,7635.0,7646.0,Put CEX 5,CEX,-1262916.214,7552.37013258446,9244.746744606491
2026-09-01 12:12:48,7640.0,7651.0,Put CEX 2,CEX,-2215603.765,7552.37013258446,9244.746744606491
2026-09-01 12:12:48,7645.0,7656.0,Put CEX 3,CEX,-1496104.602,7552.37013258446,9244.746744606491
2026-09-01 12:12:48,7650.0,7661.0,Put DEX 5,DEX,-54.474,7552.37013258446,9244.746744606491
2026-09-01 12:12:48,7700.0,7711.0,Put CEX 4,CEX,-1294494.662,7552.37013258446,9244.746744606491
2026-09-01 12:12:48,7700.0,7711.0,Put DEX 2,DEX,-187.439,7552.37013258446,9244.746744606491
2026-09-01 12:12:48,7700.0,7711.0,Put VEX 4,VEX,-962376.265,7552.37013258446,9244.746744606491
2026-09-01 12:12:48,7750.0,7761.0,Put DEX 3,DEX,-88.931,7552.37013258446,9244.746744606491
2026-09-01 12:12:48,7750.0,7761.0,Call GEX 3,GEX,275176.593,7552.37013258446,9244.746744606491
2026-09-01 12:12:48,7750.0,7761.0,Put VEX 3,VEX,-1083137.764,7552.37013258446,9244.746744606491
2026-09-01 12:12:48,7800.0,7811.0,Put DEX 4,DEX,-71.622,7552.37013258446,9244.746744606491
2026-09-01 12:12:48,7800.0,7811.0,Call GEX 1,GEX,496216.614,7552.37013258446,9244.746744606491
2026-09-01 12:12:48,7800.0,7811.0,Put VEX 2,VEX,-1696265.955,7552.37013258446,9244.746744606491
2026-09-01 12:12:48,7850.0,7861.25,Call GEX 4,GEX,262622.657,7552.37013258446,9244.746744606491
2026-09-01 12:12:48,7900.0,7911.25,Call GEX 2,GEX,358903.441,7552.37013258446,9244.746744606491
2026-09-01 12:12:48,7900.0,7911.25,Put VEX 5,VEX,-958397.799,7552.37013258446,9244.746744606491
2026-09-01 12:12:48,7950.0,7961.25,Call GEX 5,GEX,155898.8,7552.37013258446,9244.746744606491
2026-09-01 12:12:48,8000.0,8011.5,Put CEX 1,CEX,-2949512.904,7552.37013258446,9244.746744606491
2026-09-01 12:12:48,8000.0,8011.5,Put DEX 1,DEX,-2599.626,7552.37013258446,9244.746744606491
2026-09-01 12:12:48,8000.0,8011.5,Put GEX 4,GEX,-378137.258,7552.37013258446,9244.746744606491
2026-09-01 12:12:48,8000.0,8011.5,Put VEX 1,VEX,-9821553.031,7552.37013258446,9244.746744606491
2026-09-01 12:13:35,7000.0,7009.5,Call DEX 1,DEX,865.831,7577.39529240967,9244.6819869367
2026-09-01 12:13:35,7000.0,7009.5,Put GEX 1,GEX,-711325.18,7577.39529240967,9244.6819869367
2026-09-01 12:13:35,7000.0,7009.5,Call VEX 1,VEX,6782344.818,7577.39529240967,9244.6819869367
2026-09-01 12:13:35,7300.0,7309.75,Call DEX 2,DEX,255.133,7577.39529240967,9244.6819869367
2026-09-01 12:13:35,7300.0,7309.75,Call VEX 5,VEX,1632137.893,7577.39529240967,9244.6819869367
2026-09-01 12:13:35,7400.0,7410.0,Call DEX 3,DEX,197.306,7577.39529240967,9244.6819869367
2026-09-01 12:13:35,7400.0,7410.0,Call VEX 3,VEX,2100264.359,7577.39529240967,9244.6819869367
2026-09-01 12:13:35,7450.0,7460.0,Call DEX 4,DEX,194.025,7577.39529240967,9244.6819869367
2026-09-01 12:13:35,7450.0,7460.0,Call VEX 4,VEX,1836430.854,7577.39529240967,9244.6819869367
2026-09-01 12:13:35,7500.0,7510.0,Call DEX 5,DEX,135.721,7577.39529240967,9244.6819869367
2026-09-01 12:13:35,7500.0,7510.0,Put GEX 2,GEX,-582650.762,7577.39529240967,9244.6819869367
2026-09-01 12:13:35,7500.0,7510.0,Call VEX 2,VEX,2852594.601,7577.39529240967,9244.6819869367
2026-09-01 12:13:35,7550.0,7560.25,Put GEX 5,GEX,-374757.089,7577.39529240967,9244.6819869367
2026-09-01 12:13:35,7600.0,7610.25,Call CEX 1,CEX,2088067.955,7577.39529240967,9244.6819869367
2026-09-01 12:13:35,7610.0,7620.25,Call CEX 3,CEX,2014436.912,7577.39529240967,9244.6819869367
2026-09-01 12:13:35,7615.0,7625.25,Call CEX 2,CEX,2062137.991,7577.39529240967,9244.6819869367
2026-09-01 12:13:35,7620.0,7630.25,Call CEX 5,CEX,1794821.135,7577.39529240967,9244.6819869367
2026-09-01 12:13:35,7625.0,7635.25,Call CEX 4,CEX,1963529.116,7577.39529240967,9244.6819869367
2026-09-01 12:13:35,7625.0,7635.25,Put GEX 3,GEX,-491146.37,7577.39529240967,9244.6819869367
2026-09-01 12:13:35,7640.0,7650.25,Put CEX 4,CEX,-2165971.498,7577.39529240967,9244.6819869367
2026-09-01 12:13:35,7650.0,7660.25,Put CEX 1,CEX,-3591956.148,7577.39529240967,9244.6819869367
2026-09-01 12:13:35,7650.0,7660.25,Put DEX 5,DEX,-73.112,7577.39529240967,9244.6819869367
2026-09-01 12:13:35,7675.0,7685.25,Put CEX 3,CEX,-2510503.268,7577.39529240967,9244.6819869367
2026-09-01 12:13:35,7700.0,7710.5,Put CEX 5,CEX,-2048440.14,7577.39529240967,9244.6819869367
2026-09-01 12:13:35,7700.0,7710.5,Put DEX 2,DEX,-198.726,7577.39529240967,9244.6819869367
2026-09-01 12:13:35,7700.0,7710.5,Put VEX 4,VEX,-963390.363,7577.39529240967,9244.6819869367
2026-09-01 12:13:35,7750.0,7760.5,Put DEX 3,DEX,-94.177,7577.39529240967,9244.6819869367
2026-09-01 12:13:35,7750.0,7760.5,Call GEX 3,GEX,272589.601,7577.39529240967,9244.6819869367
2026-09-01 12:13:35,7750.0,7760.5,Put VEX 3,VEX,-1085312.782,7577.39529240967,9244.6819869367
2026-09-01 12:13:35,7800.0,7810.5,Put DEX 4,DEX,-73.241,7577.39529240967,9244.6819869367
2026-09-01 12:13:35,7800.0,7810.5,Call GEX 1,GEX,499189.404,7577.39529240967,9244.6819869367
2026-09-01 12:13:35,7800.0,7810.5,Put VEX 2,VEX,-1694709.12,7577.39529240967,9244.6819869367
2026-09-01 12:13:35,7850.0,7860.5,Call GEX 4,GEX,264340.142,7577.39529240967,9244.6819869367
2026-09-01 12:13:35,7900.0,7910.75,Call GEX 2,GEX,359851.912,7577.39529240967,9244.6819869367
2026-09-01 12:13:35,7900.0,7910.75,Put VEX 5,VEX,-958401.634,7577.39529240967,9244.6819869367
2026-09-01 12:13:35,7950.0,7960.75,Call GEX 5,GEX,156282.696,7577.39529240967,9244.6819869367
2026-09-01 12:13:35,8000.0,8010.75,Put CEX 2,CEX,-3057293.445,7577.39529240967,9244.6819869367
2026-09-01 12:13:35,8000.0,8010.75,Put DEX 1,DEX,-2556.47,7577.39529240967,9244.6819869367
2026-09-01 12:13:35,8000.0,8010.75,Put GEX 4,GEX,-448904.192,7577.39529240967,9244.6819869367
2026-09-01 12:13:35,8000.0,8010.75,Put VEX 1,VEX,-10076295.177,7577.39529240967,9244.6819869367
2026-09-01 12:14:22,7000.0,7009.75,Call DEX 1,DEX,864.251,7567.190976112804,9243.713198345882
2026-09-01 12:14:22,7000.0,7009.75,Put GEX 1,GEX,-705362.312,7567.190976112804,9243.713198345882
2026-09-01 12:14:22,7000.0,7009.75,Call VEX 1,VEX,6821337.758,7567.190976112804,9243.713198345882
2026-09-01 12:14:22,7300.0,7310.25,Call DEX 2,DEX,254.948,7567.190976112804,9243.713198345882
2026-09-01 12:14:22,7300.0,7310.25,Call VEX 5,VEX,1634923.341,7567.190976112804,9243.713198345882
2026-09-01 12:14:22,7400.0,7410.25,Call DEX 4,DEX,197.917,7567.190976112804,9243.713198345882
2026-09-01 12:14:22,7400.0,7410.25,Call VEX 3,VEX,2101328.464,7567.190976112804,9243.713198345882
2026-09-01 12:14:22,7450.0,7460.25,Call DEX 3,DEX,199.839,7567.190976112804,9243.713198345882
2026-09-01 12:14:22,7450.0,7460.25,Call VEX 4,VEX,1840094.871,7567.190976112804,9243.713198345882
2026-09-01 12:14:22,7500.0,7510.5,Call DEX 5,DEX,136.482,7567.190976112804,9243.713198345882
2026-09-01 12:14:22,7500.0,7510.5,Put GEX 2,GEX,-583564.462,7567.190976112804,9243.713198345882
2026-09-01 12:14:22,7500.0,7510.5,Call VEX 2,VEX,2856694.373,7567.190976112804,9243.713198345882
2026-09-01 12:14:22,7550.0,7560.5,Put GEX 5,GEX,-377083.738,7567.190976112804,9243.713198345882
2026-09-01 12:14:22,7600.0,7610.5,Call CEX 1,CEX,2245370.207,7567.190976112804,9243.713198345882
2026-09-01 12:14:22,7610.0,7620.5,Call CEX 4,CEX,1993750.685,7567.190976112804,9243.713198345882
2026-09-01 12:14:22,7615.0,7625.5,Call CEX 3,CEX,2063019.287,7567.190976112804,9243.713198345882
2026-09-01 12:14:22,7620.0,7630.5,Call CEX 5,CEX,1837076.186,7567.190976112804,9243.713198345882
2026-09-01 12:14:22,7625.0,7635.5,Call CEX 2,CEX,2087966.33,7567.190976112804,9243.713198345882
2026-09-01 12:14:22,7625.0,7635.5,Put GEX 3,GEX,-512530.18,7567.190976112804,9243.713198345882
2026-09-01 12:14:22,7640.0,7650.5,Put CEX 3,CEX,-2234163.01,7567.190976112804,9243.713198345882
2026-09-01 12:14:22,7645.0,7655.75,Put CEX 5,CEX,-1733128.602,7567.190976112804,9243.713198345882
2026-09-01 12:14:22,7650.0,7660.75,Put CEX 1,CEX,-3208447.753,7567.190976112804,9243.713198345882
2026-09-01 12:14:22,7650.0,7660.75,Put DEX 4,DEX,-73.495,7567.190976112804,9243.713198345882
2026-09-01 12:14:22,7675.0,7685.75,Put CEX 4,CEX,-1921856.007,7567.190976112804,9243.713198345882
2026-09-01 12:14:22,7700.0,7710.75,Put DEX 2,DEX,-198.671,7567.190976112804,9243.713198345882
2026-09-01 12:14:22,7700.0,7710.75,Put VEX 5,VEX,-954627.525,7567.190976112804,9243.713198345882
2026-09-01 12:14:22,7750.0,7760.75,Put DEX 3,DEX,-94.137,7567.190976112804,9243.713198345882
2026-09-01 12:14:22,7750.0,7760.75,Call GEX 3,GEX,273993.32,7567.190976112804,9243.713198345882
2026-09-01 12:14:22,7750.0,7760.75,Put VEX 3,VEX,-1081943.404,7567.190976112804,9243.713198345882
2026-09-01 12:14:22,7800.0,7810.75,Put DEX 5,DEX,-73.125,7567.190976112804,9243.713198345882
2026-09-01 12:14:22,7800.0,7810.75,Call GEX 1,GEX,499148.256,7567.190976112804,9243.713198345882
2026-09-01 12:14:22,7800.0,7810.75,Put VEX 2,VEX,-1694485.316,7567.190976112804,9243.713198345882
2026-09-01 12:14:22,7850.0,7861.0,Call GEX 4,GEX,264606.59,7567.190976112804,9243.713198345882
2026-09-01 12:14:22,7900.0,7911.0,Call GEX 2,GEX,360064.908,7567.190976112804,9243.713198345882
2026-09-01 12:14:22,7900.0,7911.0,Put VEX 4,VEX,-958473.615,7567.190976112804,9243.713198345882
2026-09-01 12:14:22,7950.0,7961.0,Call GEX 5,GEX,156410.644,7567.190976112804,9243.713198345882
2026-09-01 12:14:22,8000.0,8011.25,Put CEX 2,CEX,-3043085.766,7567.190976112804,9243.713198345882
2026-09-01 12:14:22,8000.0,8011.25,Put DEX 1,DEX,-2565.117,7567.190976112804,9243.713198345882
2026-09-01 12:14:22,8000.0,8011.25,Put GEX 4,GEX,-437311.528,7567.190976112804,9243.713198345882
2026-09-01 12:14:22,8000.0,8011.25,Put VEX 1,VEX,-10036791.035,7567.190976112804,9243.713198345882
2026-09-01 12:15:10,7000.0,7009.75,Call DEX 1,DEX,897.573,7554.978321703717,9242.507450365294
2026-09-01 12:15:10,7000.0,7009.75,Put GEX 1,GEX,-705296.999,7554.978321703717,9242.507450365294
2026-09-01 12:15:10,7000.0,7009.75,Call VEX 1,VEX,6785216.43,7554.978321703717,9242.507450365294
2026-09-01 12:15:10,7300.0,7310.25,Call DEX 2,DEX,256.425,7554.978321703717,9242.507450365294
2026-09-01 12:15:10,7300.0,7310.25,Call VEX 5,VEX,1626866.711,7554.978321703717,9242.507450365294
2026-09-01 12:15:10,7400.0,7410.25,Call DEX 4,DEX,198.086,7554.978321703717,9242.507450365294
2026-09-01 12:15:10,7400.0,7410.25,Call VEX 3,VEX,2101740.935,7554.978321703717,9242.507450365294
2026-09-01 12:15:10,7450.0,7460.25,Call DEX 3,DEX,206.483,7554.978321703717,9242.507450365294
2026-09-01 12:15:10,7450.0,7460.25,Call VEX 4,VEX,1842258.399,7554.978321703717,9242.507450365294
2026-09-01 12:15:10,7500.0,7510.5,Call DEX 5,DEX,140.87,7554.978321703717,9242.507450365294
2026-09-01 12:15:10,7500.0,7510.5,Put GEX 2,GEX,-580173.405,7554.978321703717,9242.507450365294
2026-09-01 12:15:10,7500.0,7510.5,Call VEX 2,VEX,2869904.179,7554.978321703717,9242.507450365294
2026-09-01 12:15:10,7550.0,7560.5,Put GEX 5,GEX,-371629.066,7554.978321703717,9242.507450365294
2026-09-01 12:15:10,7600.0,7610.5,Call CEX 2,CEX,2271025.798,7554.978321703717,9242.507450365294
2026-09-01 12:15:10,7610.0,7620.5,Call CEX 5,CEX,1912140.994,7554.978321703717,9242.507450365294
2026-09-01 12:15:10,7615.0,7625.5,Call CEX 3,CEX,2016351.187,7554.978321703717,9242.507450365294
2026-09-01 12:15:10,7620.0,7630.5,Call CEX 4,CEX,1941806.491,7554.978321703717,9242.507450365294
2026-09-01 12:15:10,7625.0,7635.5,Call CEX 1,CEX,2629956.103,7554.978321703717,9242.507450365294
2026-09-01 12:15:10,7625.0,7635.5,Put GEX 3,GEX,-496043.611,7554.978321703717,9242.507450365294
2026-09-01 12:15:10,7640.0,7650.5,Put CEX 3,CEX,-2176725.078,7554.978321703717,9242.507450365294
2026-09-01 12:15:10,7645.0,7655.5,Put CEX 4,CEX,-1842648.787,7554.978321703717,9242.507450365294
2026-09-01 12:15:10,7650.0,7660.5,Put CEX 1,CEX,-3370477.956,7554.978321703717,9242.507450365294
2026-09-01 12:15:10,7650.0,7660.5,Put DEX 4,DEX,-71.556,7554.978321703717,9242.507450365294
2026-09-01 12:15:10,7700.0,7710.75,Put CEX 5,CEX,-1671678.076,7554.978321703717,9242.507450365294
2026-09-01 12:15:10,7700.0,7710.75,Put DEX 2,DEX,-195.399,7554.978321703717,9242.507450365294
2026-09-01 12:15:10,7700.0,7710.75,Put VEX 5,VEX,-934604.179,7554.978321703717,9242.507450365294
2026-09-01 12:15:10,7750.0,7760.75,Put DEX 3,DEX,-92.242,7554.978321703717,9242.507450365294
2026-09-01 12:15:10,7750.0,7760.75,Call GEX 3,GEX,275333.335,7554.978321703717,9242.507450365294
2026-09-01 12:15:10,7750.0,7760.75,Put VEX 3,VEX,-1076487.056,7554.978321703717,9242.507450365294
2026-09-01 12:15:10,7800.0,7810.75,Put DEX 5,DEX,-71.555,7554.978321703717,9242.507450365294
2026-09-01 12:15:10,7800.0,7810.75,Call GEX 1,GEX,502849.626,7554.978321703717,9242.507450365294
2026-09-01 12:15:10,7800.0,7810.75,Put VEX 2,VEX,-1689021.616,7554.978321703717,9242.507450365294
2026-09-01 12:15:10,7850.0,7861.0,Call GEX 4,GEX,266392.028,7554.978321703717,9242.507450365294
2026-09-01 12:15:10,7900.0,7911.0,Call GEX 2,GEX,361931.067,7554.978321703717,9242.507450365294
2026-09-01 12:15:10,7900.0,7911.0,Put VEX 4,VEX,-958820.37,7554.978321703717,9242.507450365294
2026-09-01 12:15:10,7950.0,7961.0,Call GEX 5,GEX,157399.783,7554.978321703717,9242.507450365294
2026-09-01 12:15:10,8000.0,8011.0,Put CEX 2,CEX,-3061810.151,7554.978321703717,9242.507450365294
2026-09-01 12:15:10,8000.0,8011.0,Put DEX 1,DEX,-2559.07,7554.978321703717,9242.507450365294
2026-09-01 12:15:10,8000.0,8011.0,Put GEX 4,GEX,-436243.374,7554.978321703717,9242.507450365294
2026-09-01 12:15:10,8000.0,8011.0,Put VEX 1,VEX,-10078857.724,7554.978321703717,9242.507450365294
2026-09-01 12:15:56,7000.0,7009.75,Call DEX 1,DEX,869.31,7576.103477112897,9240.106956279478
2026-09-01 12:15:56,7000.0,7009.75,Put GEX 1,GEX,-720028.238,7576.103477112897,9240.106956279478
2026-09-01 12:15:56,7000.0,7009.75,Call VEX 1,VEX,6651758.954,7576.103477112897,9240.106956279478
2026-09-01 12:15:56,7300.0,7310.0,Call DEX 2,DEX,258.638,7576.103477112897,9240.106956279478
2026-09-01 12:15:56,7300.0,7310.0,Call VEX 5,VEX,1608303.003,7576.103477112897,9240.106956279478
2026-09-01 12:15:56,7400.0,7410.25,Call DEX 3,DEX,200.23,7576.103477112897,9240.106956279478
2026-09-01 12:15:56,7400.0,7410.25,Call VEX 3,VEX,2101112.46,7576.103477112897,9240.106956279478
2026-09-01 12:15:56,7450.0,7460.25,Call DEX 4,DEX,198.409,7576.103477112897,9240.106956279478
2026-09-01 12:15:56,7450.0,7460.25,Call VEX 4,VEX,1844737.937,7576.103477112897,9240.106956279478
2026-09-01 12:15:56,7500.0,7510.5,Call DEX 5,DEX,140.382,7576.103477112897,9240.106956279478
2026-09-01 12:15:56,7500.0,7510.5,Put GEX 2,GEX,-575957.04,7576.103477112897,9240.106956279478
2026-09-01 12:15:56,7500.0,7510.5,Call VEX 2,VEX,2882020.675,7576.103477112897,9240.106956279478
2026-09-01 12:15:56,7550.0,7560.5,Put GEX 5,GEX,-366326.442,7576.103477112897,9240.106956279478
2026-09-01 12:15:56,7600.0,7610.5,Call CEX 4,CEX,1829373.281,7576.103477112897,9240.106956279478
2026-09-01 12:15:56,7610.0,7620.5,Call CEX 5,CEX,1750499.605,7576.103477112897,9240.106956279478
2026-09-01 12:15:56,7615.0,7625.5,Call CEX 3,CEX,1893918.5,7576.103477112897,9240.106956279478
2026-09-01 12:15:56,7620.0,7630.5,Call CEX 2,CEX,1968851.551,7576.103477112897,9240.106956279478
2026-09-01 12:15:56,7625.0,7635.5,Call CEX 1,CEX,2983885.284,7576.103477112897,9240.106956279478
2026-09-01 12:15:56,7625.0,7635.5,Put GEX 3,GEX,-447301.843,7576.103477112897,9240.106956279478
2026-09-01 12:15:56,7650.0,7660.5,Put CEX 1,CEX,-4037076.854,7576.103477112897,9240.106956279478
2026-09-01 12:15:56,7650.0,7660.5,Put DEX 5,DEX,-68.553,7576.103477112897,9240.106956279478
2026-09-01 12:15:56,7675.0,7685.5,Put CEX 2,CEX,-3161260.446,7576.103477112897,9240.106956279478
2026-09-01 12:15:56,7690.0,7700.75,Put CEX 5,CEX,-2142729.282,7576.103477112897,9240.106956279478
2026-09-01 12:15:56,7700.0,7710.75,Put CEX 4,CEX,-2533175.521,7576.103477112897,9240.106956279478
2026-09-01 12:15:56,7700.0,7710.75,Put DEX 2,DEX,-191.937,7576.103477112897,9240.106956279478
2026-09-01 12:15:56,7700.0,7710.75,Put VEX 5,VEX,-928933.851,7576.103477112897,9240.106956279478
2026-09-01 12:15:56,7750.0,7760.75,Put DEX 3,DEX,-90.592,7576.103477112897,9240.106956279478
2026-09-01 12:15:56,7750.0,7760.75,Call GEX 3,GEX,274492.688,7576.103477112897,9240.106956279478
2026-09-01 12:15:56,7750.0,7760.75,Put VEX 3,VEX,-1075575.574,7576.103477112897,9240.106956279478
2026-09-01 12:15:56,7800.0,7810.75,Put DEX 4,DEX,-69.643,7576.103477112897,9240.106956279478
2026-09-01 12:15:56,7800.0,7810.75,Call GEX 1,GEX,506181.338,7576.103477112897,9240.106956279478
2026-09-01 12:15:56,7800.0,7810.75,Put VEX 2,VEX,-1687797.512,7576.103477112897,9240.106956279478
2026-09-01 12:15:56,7850.0,7860.75,Call GEX 4,GEX,267590.431,7576.103477112897,9240.106956279478
2026-09-01 12:15:56,7900.0,7911.0,Call GEX 2,GEX,364200.348,7576.103477112897,9240.106956279478
2026-09-01 12:15:56,7900.0,7911.0,Put VEX 4,VEX,-960137.115,7576.103477112897,9240.106956279478
2026-09-01 12:15:56,7950.0,7961.0,Call GEX 5,GEX,158656.646,7576.103477112897,9240.106956279478
2026-09-01 12:15:56,8000.0,8011.0,Put CEX 3,CEX,-3087917.76,7576.103477112897,9240.106956279478
2026-09-01 12:15:56,8000.0,8011.0,Put DEX 1,DEX,-2551.829,7576.103477112897,9240.106956279478
2026-09-01 12:15:56,8000.0,8011.0,Put GEX 4,GEX,-443442.758,7576.103477112897,9240.106956279478
2026-09-01 12:15:56,8000.0,8011.0,Put VEX 1,VEX,-10112023.763,7576.103477112897,9240.106956279478
2026-09-01 12:16:45,7000.0,7009.5,Call DEX 1,DEX,897.194,7576.132239557701,9245.050458111888
2026-09-01 12:16:45,7000.0,7009.5,Put GEX 1,GEX,-706963.062,7576.132239557701,9245.050458111888
2026-09-01 12:16:45,7000.0,7009.5,Call VEX 1,VEX,6792063.248,7576.132239557701,9245.050458111888
2026-09-01 12:16:45,7300.0,7309.75,Call DEX 2,DEX,255.872,7576.132239557701,9245.050458111888
2026-09-01 12:16:45,7300.0,7309.75,Call VEX 5,VEX,1630692.75,7576.132239557701,9245.050458111888
2026-09-01 12:16:45,7400.0,7410.0,Call DEX 3,DEX,198.7,7576.132239557701,9245.050458111888
2026-09-01 12:16:45,7400.0,7410.0,Call VEX 3,VEX,2102855.915,7576.132239557701,9245.050458111888
2026-09-01 12:16:45,7450.0,7460.0,Call DEX 4,DEX,196.466,7576.132239557701,9245.050458111888
2026-09-01 12:16:45,7450.0,7460.0,Call VEX 4,VEX,1841177.208,7576.132239557701,9245.050458111888
2026-09-01 12:16:45,7500.0,7510.0,Call DEX 5,DEX,139.442,7576.132239557701,9245.050458111888
2026-09-01 12:16:45,7500.0,7510.0,Put GEX 2,GEX,-579105.124,7576.132239557701,9245.050458111888
2026-09-01 12:16:45,7500.0,7510.0,Call VEX 2,VEX,2867945.127,7576.132239557701,9245.050458111888
2026-09-01 12:16:45,7550.0,7560.25,Put GEX 5,GEX,-370185.035,7576.132239557701,9245.050458111888
2026-09-01 12:16:45,7600.0,7610.25,Call CEX 4,CEX,1849015.391,7576.132239557701,9245.050458111888
2026-09-01 12:16:45,7610.0,7620.25,Call CEX 5,CEX,1823497.099,7576.132239557701,9245.050458111888
2026-09-01 12:16:45,7615.0,7625.25,Call CEX 2,CEX,2005384.0,7576.132239557701,9245.050458111888
2026-09-01 12:16:45,7620.0,7630.25,Call CEX 3,CEX,1968013.695,7576.132239557701,9245.050458111888
2026-09-01 12:16:45,7625.0,7635.25,Call CEX 1,CEX,2707055.831,7576.132239557701,9245.050458111888
2026-09-01 12:16:45,7625.0,7635.25,Put GEX 3,GEX,-467589.111,7576.132239557701,9245.050458111888
2026-09-01 12:16:45,7640.0,7650.25,Put CEX 5,CEX,-2117457.988,7576.132239557701,9245.050458111888
2026-09-01 12:16:45,7650.0,7660.25,Put CEX 1,CEX,-3979301.785,7576.132239557701,9245.050458111888
2026-09-01 12:16:45,7650.0,7660.25,Put DEX 5,DEX,-70.218,7576.132239557701,9245.050458111888
2026-09-01 12:16:45,7675.0,7685.25,Put CEX 3,CEX,-3003865.041,7576.132239557701,9245.050458111888
2026-09-01 12:16:45,7700.0,7710.25,Put CEX 4,CEX,-2303707.608,7576.132239557701,9245.050458111888
2026-09-01 12:16:45,7700.0,7710.25,Put DEX 2,DEX,-194.197,7576.132239557701,9245.050458111888
2026-09-01 12:16:45,7700.0,7710.25,Put VEX 5,VEX,-939378.228,7576.132239557701,9245.050458111888
2026-09-01 12:16:45,7750.0,7760.5,Put DEX 3,DEX,-91.913,7576.132239557701,9245.050458111888
2026-09-01 12:16:45,7750.0,7760.5,Call GEX 3,GEX,273943.739,7576.132239557701,9245.050458111888
2026-09-01 12:16:45,7750.0,7760.5,Put VEX 3,VEX,-1077539.933,7576.132239557701,9245.050458111888
2026-09-01 12:16:45,7800.0,7810.5,Put DEX 4,DEX,-70.259,7576.132239557701,9245.050458111888
2026-09-01 12:16:45,7800.0,7810.5,Call GEX 1,GEX,503564.253,7576.132239557701,9245.050458111888
2026-09-01 12:16:45,7800.0,7810.5,Put VEX 2,VEX,-1690530.191,7576.132239557701,9245.050458111888
2026-09-01 12:16:45,7850.0,7860.5,Call GEX 4,GEX,266525.128,7576.132239557701,9245.050458111888
2026-09-01 12:16:45,7900.0,7910.5,Call GEX 2,GEX,362847.506,7576.132239557701,9245.050458111888
2026-09-01 12:16:45,7900.0,7910.5,Put VEX 4,VEX,-959396.802,7576.132239557701,9245.050458111888
2026-09-01 12:16:45,7950.0,7960.75,Call GEX 5,GEX,158015.822,7576.132239557701,9245.050458111888
2026-09-01 12:16:45,8000.0,8010.75,Put CEX 2,CEX,-3064051.182,7576.132239557701,9245.050458111888
2026-09-01 12:16:45,8000.0,8010.75,Put DEX 1,DEX,-2556.384,7576.132239557701,9245.050458111888
2026-09-01 12:16:45,8000.0,8010.75,Put GEX 4,GEX,-438743.068,7576.132239557701,9245.050458111888
2026-09-01 12:16:45,8000.0,8010.75,Put VEX 1,VEX,-10092079.387,7576.132239557701,9245.050458111888
2026-09-01 12:17:32,7000.0,7010.0,Call DEX 1,DEX,898.216,7562.010396567173,9244.189172277833
2026-09-01 12:17:32,7000.0,7010.0,Put GEX 1,GEX,-705897.447,7562.010396567173,9244.189172277833
2026-09-01 12:17:32,7000.0,7010.0,Call VEX 1,VEX,6778939.348,7562.010396567173,9244.189172277833
2026-09-01 12:17:32,7300.0,7310.25,Call DEX 2,DEX,256.313,7562.010396567173,9244.189172277833
2026-09-01 12:17:32,7300.0,7310.25,Call VEX 5,VEX,1627284.739,7562.010396567173,9244.189172277833
2026-09-01 12:17:32,7400.0,7410.5,Call DEX 4,DEX,199.805,7562.010396567173,9244.189172277833
2026-09-01 12:17:32,7400.0,7410.5,Call VEX 3,VEX,2102985.594,7562.010396567173,9244.189172277833
2026-09-01 12:17:32,7450.0,7460.5,Call DEX 3,DEX,201.659,7562.010396567173,9244.189172277833
2026-09-01 12:17:32,7450.0,7460.5,Call VEX 4,VEX,1841106.739,7562.010396567173,9244.189172277833
2026-09-01 12:17:32,7500.0,7510.75,Call DEX 5,DEX,139.916,7562.010396567173,9244.189172277833
2026-09-01 12:17:32,7500.0,7510.75,Put GEX 2,GEX,-578354.849,7562.010396567173,9244.189172277833
2026-09-01 12:17:32,7500.0,7510.75,Call VEX 2,VEX,2870078.849,7562.010396567173,9244.189172277833
2026-09-01 12:17:32,7550.0,7560.75,Put GEX 5,GEX,-371168.153,7562.010396567173,9244.189172277833
2026-09-01 12:17:32,7600.0,7610.75,Call CEX 2,CEX,2149547.371,7562.010396567173,9244.189172277833
2026-09-01 12:17:32,7610.0,7620.75,Call CEX 5,CEX,1861899.748,7562.010396567173,9244.189172277833
2026-09-01 12:17:32,7615.0,7625.75,Call CEX 4,CEX,2002228.709,7562.010396567173,9244.189172277833
2026-09-01 12:17:32,7620.0,7630.75,Call CEX 3,CEX,2004538.179,7562.010396567173,9244.189172277833
2026-09-01 12:17:32,7625.0,7635.75,Call CEX 1,CEX,2843739.086,7562.010396567173,9244.189172277833
2026-09-01 12:17:32,7625.0,7635.75,Put GEX 3,GEX,-499307.172,7562.010396567173,9244.189172277833
2026-09-01 12:17:32,7640.0,7650.75,Put CEX 3,CEX,-2220352.079,7562.010396567173,9244.189172277833
2026-09-01 12:17:32,7645.0,7655.75,Put CEX 5,CEX,-1858725.418,7562.010396567173,9244.189172277833
2026-09-01 12:17:32,7650.0,7660.75,Put CEX 1,CEX,-3412640.296,7562.010396567173,9244.189172277833
2026-09-01 12:17:32,7650.0,7660.75,Put DEX 4,DEX,-71.187,7562.010396567173,9244.189172277833
2026-09-01 12:17:32,7675.0,7686.0,Put CEX 4,CEX,-2098537.957,7562.010396567173,9244.189172277833
2026-09-01 12:17:32,7700.0,7711.0,Put DEX 2,DEX,-194.366,7562.010396567173,9244.189172277833
2026-09-01 12:17:32,7700.0,7711.0,Put VEX 5,VEX,-929125.72,7562.010396567173,9244.189172277833
2026-09-01 12:17:32,7750.0,7761.0,Put DEX 3,DEX,-91.899,7562.010396567173,9244.189172277833
2026-09-01 12:17:32,7750.0,7761.0,Call GEX 3,GEX,277830.331,7562.010396567173,9244.189172277833
2026-09-01 12:17:32,7750.0,7761.0,Put VEX 3,VEX,-1072484.387,7562.010396567173,9244.189172277833
2026-09-01 12:17:32,7800.0,7811.0,Put DEX 5,DEX,-69.882,7562.010396567173,9244.189172277833
2026-09-01 12:17:32,7800.0,7811.0,Call GEX 1,GEX,504742.541,7562.010396567173,9244.189172277833
2026-09-01 12:17:32,7800.0,7811.0,Put VEX 2,VEX,-1688754.898,7562.010396567173,9244.189172277833
2026-09-01 12:17:32,7850.0,7861.25,Call GEX 4,GEX,267137.359,7562.010396567173,9244.189172277833
2026-09-01 12:17:32,7900.0,7911.25,Call GEX 2,GEX,363252.272,7562.010396567173,9244.189172277833
2026-09-01 12:17:32,7900.0,7911.25,Put VEX 4,VEX,-960359.871,7562.010396567173,9244.189172277833
2026-09-01 12:17:32,7950.0,7961.25,Call GEX 5,GEX,158200.928,7562.010396567173,9244.189172277833
2026-09-01 12:17:32,8000.0,8011.25,Put CEX 2,CEX,-3060846.64,7562.010396567173,9244.189172277833
2026-09-01 12:17:32,8000.0,8011.25,Put DEX 1,DEX,-2555.977,7562.010396567173,9244.189172277833
2026-09-01 12:17:32,8000.0,8011.25,Put GEX 4,GEX,-438667.592,7562.010396567173,9244.189172277833
2026-09-01 12:17:32,8000.0,8011.25,Put VEX 1,VEX,-10092525.968,7562.010396567173,9244.189172277833
2026-09-01 12:18:19,7000.0,7009.5,Call DEX 1,DEX,861.971,7577.22191215994,9246.884156780874
2026-09-01 12:18:19,7000.0,7009.5,Put GEX 1,GEX,-696283.294,7577.22191215994,9246.884156780874
2026-09-01 12:18:19,7000.0,7009.5,Call VEX 1,VEX,6878244.788,7577.22191215994,9246.884156780874
2026-09-01 12:18:19,7300.0,7310.0,Call DEX 2,DEX,255.832,7577.22191215994,9246.884156780874
2026-09-01 12:18:19,7300.0,7310.0,Call VEX 5,VEX,1635442.97,7577.22191215994,9246.884156780874
2026-09-01 12:18:19,7400.0,7410.0,Call DEX 3,DEX,197.996,7577.22191215994,9246.884156780874
2026-09-01 12:18:19,7400.0,7410.0,Call VEX 3,VEX,2101719.367,7577.22191215994,9246.884156780874
2026-09-01 12:18:19,7450.0,7460.25,Call DEX 4,DEX,194.758,7577.22191215994,9246.884156780874
2026-09-01 12:18:19,7450.0,7460.25,Call VEX 4,VEX,1837366.217,7577.22191215994,9246.884156780874
2026-09-01 12:18:19,7500.0,7510.25,Call DEX 5,DEX,137.36,7577.22191215994,9246.884156780874
2026-09-01 12:18:19,7500.0,7510.25,Put GEX 2,GEX,-582458.604,7577.22191215994,9246.884156780874
2026-09-01 12:18:19,7500.0,7510.25,Call VEX 2,VEX,2859103.055,7577.22191215994,9246.884156780874
2026-09-01 12:18:19,7550.0,7560.25,Put GEX 5,GEX,-374993.529,7577.22191215994,9246.884156780874
2026-09-01 12:18:19,7600.0,7610.25,Call CEX 5,CEX,1882281.934,7577.22191215994,9246.884156780874
2026-09-01 12:18:19,7610.0,7620.25,Call CEX 3,CEX,1964397.194,7577.22191215994,9246.884156780874
2026-09-01 12:18:19,7615.0,7625.25,Call CEX 2,CEX,2095623.289,7577.22191215994,9246.884156780874
2026-09-01 12:18:19,7620.0,7630.25,Call CEX 4,CEX,1962148.902,7577.22191215994,9246.884156780874
2026-09-01 12:18:19,7625.0,7635.25,Call CEX 1,CEX,2432834.177,7577.22191215994,9246.884156780874
2026-09-01 12:18:19,7625.0,7635.25,Put GEX 3,GEX,-505753.794,7577.22191215994,9246.884156780874
2026-09-01 12:18:19,7640.0,7650.5,Put CEX 4,CEX,-2292903.132,7577.22191215994,9246.884156780874
2026-09-01 12:18:19,7650.0,7660.5,Put CEX 1,CEX,-3581364.305,7577.22191215994,9246.884156780874
2026-09-01 12:18:19,7650.0,7660.5,Put DEX 4,DEX,-72.419,7577.22191215994,9246.884156780874
2026-09-01 12:18:19,7675.0,7685.5,Put CEX 3,CEX,-2619021.388,7577.22191215994,9246.884156780874
2026-09-01 12:18:19,7700.0,7710.5,Put CEX 5,CEX,-2103504.96,7577.22191215994,9246.884156780874
2026-09-01 12:18:19,7700.0,7710.5,Put DEX 2,DEX,-196.877,7577.22191215994,9246.884156780874
2026-09-01 12:18:19,7700.0,7710.5,Put VEX 5,VEX,-952533.801,7577.22191215994,9246.884156780874
2026-09-01 12:18:19,7750.0,7760.5,Put DEX 3,DEX,-92.882,7577.22191215994,9246.884156780874
2026-09-01 12:18:19,7750.0,7760.5,Call GEX 3,GEX,270231.083,7577.22191215994,9246.884156780874
2026-09-01 12:18:19,7750.0,7760.5,Put VEX 3,VEX,-1082858.481,7577.22191215994,9246.884156780874
2026-09-01 12:18:19,7800.0,7810.5,Put DEX 5,DEX,-71.805,7577.22191215994,9246.884156780874
2026-09-01 12:18:19,7800.0,7810.5,Call GEX 1,GEX,499969.528,7577.22191215994,9246.884156780874
2026-09-01 12:18:19,7800.0,7810.5,Put VEX 2,VEX,-1693922.873,7577.22191215994,9246.884156780874
2026-09-01 12:18:19,7850.0,7860.75,Call GEX 4,GEX,265499.006,7577.22191215994,9246.884156780874
2026-09-01 12:18:19,7900.0,7910.75,Call GEX 2,GEX,361624.34,7577.22191215994,9246.884156780874
2026-09-01 12:18:19,7900.0,7910.75,Put VEX 4,VEX,-960048.192,7577.22191215994,9246.884156780874
2026-09-01 12:18:19,7950.0,7960.75,Call GEX 5,GEX,157491.792,7577.22191215994,9246.884156780874
2026-09-01 12:18:19,8000.0,8011.0,Put CEX 2,CEX,-3052688.481,7577.22191215994,9246.884156780874
2026-09-01 12:18:19,8000.0,8011.0,Put DEX 1,DEX,-2564.851,7577.22191215994,9246.884156780874
2026-09-01 12:18:19,8000.0,8011.0,Put GEX 4,GEX,-424686.933,7577.22191215994,9246.884156780874
2026-09-01 12:18:19,8000.0,8011.0,Put VEX 1,VEX,-10076932.691,7577.22191215994,9246.884156780874
2026-09-01 12:19:06,7000.0,7009.25,Call DEX 1,DEX,866.676,7578.1465484243645,9243.770838117856
2026-09-01 12:19:06,7000.0,7009.25,Put GEX 1,GEX,-713117.916,7578.1465484243645,9243.770838117856
2026-09-01 12:19:06,7000.0,7009.25,Call VEX 1,VEX,6767260.604,7578.1465484243645,9243.770838117856
2026-09-01 12:19:06,7300.0,7309.75,Call DEX 2,DEX,256.355,7578.1465484243645,9243.770838117856
2026-09-01 12:19:06,7300.0,7309.75,Call VEX 5,VEX,1629389.291,7578.1465484243645,9243.770838117856
2026-09-01 12:19:06,7400.0,7409.75,Call DEX 3,DEX,197.527,7578.1465484243645,9243.770838117856
2026-09-01 12:19:06,7400.0,7409.75,Call VEX 3,VEX,2100740.4,7578.1465484243645,9243.770838117856
2026-09-01 12:19:06,7450.0,7460.0,Call DEX 4,DEX,194.306,7578.1465484243645,9243.770838117856
2026-09-01 12:19:06,7450.0,7460.0,Call VEX 4,VEX,1835872.442,7578.1465484243645,9243.770838117856
2026-09-01 12:19:06,7500.0,7510.0,Call DEX 5,DEX,136.405,7578.1465484243645,9243.770838117856
2026-09-01 12:19:06,7500.0,7510.0,Put GEX 2,GEX,-581581.085,7578.1465484243645,9243.770838117856
2026-09-01 12:19:06,7500.0,7510.0,Call VEX 2,VEX,2853655.419,7578.1465484243645,9243.770838117856
2026-09-01 12:19:06,7550.0,7560.0,Put GEX 5,GEX,-372602.134,7578.1465484243645,9243.770838117856
2026-09-01 12:19:06,7600.0,7610.0,Call CEX 5,CEX,1896993.004,7578.1465484243645,9243.770838117856
2026-09-01 12:19:06,7610.0,7620.0,Call CEX 3,CEX,1991150.403,7578.1465484243645,9243.770838117856
2026-09-01 12:19:06,7615.0,7625.0,Call CEX 2,CEX,2113289.552,7578.1465484243645,9243.770838117856
2026-09-01 12:19:06,7620.0,7630.0,Call CEX 4,CEX,1954925.215,7578.1465484243645,9243.770838117856
2026-09-01 12:19:06,7625.0,7635.0,Call CEX 1,CEX,2342642.814,7578.1465484243645,9243.770838117856
2026-09-01 12:19:06,7625.0,7635.0,Put GEX 3,GEX,-492876.588,7578.1465484243645,9243.770838117856
2026-09-01 12:19:06,7640.0,7650.25,Put CEX 5,CEX,-2272900.977,7578.1465484243645,9243.770838117856
2026-09-01 12:19:06,7650.0,7660.25,Put CEX 1,CEX,-3799346.623,7578.1465484243645,9243.770838117856
2026-09-01 12:19:06,7650.0,7660.25,Put DEX 4,DEX,-72.301,7578.1465484243645,9243.770838117856
2026-09-01 12:19:06,7675.0,7685.25,Put CEX 3,CEX,-2931129.621,7578.1465484243645,9243.770838117856
2026-09-01 12:19:06,7700.0,7710.25,Put CEX 4,CEX,-2287051.015,7578.1465484243645,9243.770838117856
2026-09-01 12:19:06,7700.0,7710.25,Put DEX 2,DEX,-197.16,7578.1465484243645,9243.770838117856
2026-09-01 12:19:06,7700.0,7710.25,Put VEX 5,VEX,-959152.445,7578.1465484243645,9243.770838117856
2026-09-01 12:19:06,7750.0,7760.25,Put DEX 3,DEX,-92.962,7578.1465484243645,9243.770838117856
2026-09-01 12:19:06,7750.0,7760.25,Call GEX 3,GEX,269774.285,7578.1465484243645,9243.770838117856
2026-09-01 12:19:06,7750.0,7760.25,Put VEX 3,VEX,-1087446.337,7578.1465484243645,9243.770838117856
2026-09-01 12:19:06,7800.0,7810.25,Put DEX 5,DEX,-72.246,7578.1465484243645,9243.770838117856
2026-09-01 12:19:06,7800.0,7810.25,Call GEX 1,GEX,499956.576,7578.1465484243645,9243.770838117856
2026-09-01 12:19:06,7800.0,7810.25,Put VEX 2,VEX,-1696409.287,7578.1465484243645,9243.770838117856
2026-09-01 12:19:06,7850.0,7860.5,Call GEX 4,GEX,265164.188,7578.1465484243645,9243.770838117856
2026-09-01 12:19:06,7900.0,7910.5,Call GEX 2,GEX,361509.987,7578.1465484243645,9243.770838117856
2026-09-01 12:19:06,7900.0,7910.5,Put VEX 4,VEX,-959680.8,7578.1465484243645,9243.770838117856
2026-09-01 12:19:06,7950.0,7960.5,Call GEX 5,GEX,157160.881,7578.1465484243645,9243.770838117856
2026-09-01 12:19:06,8000.0,8010.5,Put CEX 2,CEX,-3082038.535,7578.1465484243645,9243.770838117856
2026-09-01 12:19:06,8000.0,8010.5,Put DEX 1,DEX,-2556.246,7578.1465484243645,9243.770838117856
2026-09-01 12:19:06,8000.0,8010.5,Put GEX 4,GEX,-435945.774,7578.1465484243645,9243.770838117856
2026-09-01 12:19:06,8000.0,8010.5,Put VEX 1,VEX,-10116268.943,7578.1465484243645,9243.770838117856
2026-09-01 12:19:53,7000.0,7009.5,Call DEX 1,DEX,871.065,7576.947966443624,9242.428750634152
2026-09-01 12:19:53,7000.0,7009.5,Put GEX 1,GEX,-724554.193,7576.947966443624,9242.428750634152
2026-09-01 12:19:53,7000.0,7009.5,Call VEX 1,VEX,6674965.646,7576.947966443624,9242.428750634152
2026-09-01 12:19:53,7300.0,7310.0,Call DEX 2,DEX,257.122,7576.947966443624,9242.428750634152
2026-09-01 12:19:53,7300.0,7310.0,Call VEX 5,VEX,1620852.922,7576.947966443624,9242.428750634152
2026-09-01 12:19:53,7400.0,7410.25,Call DEX 3,DEX,199.253,7576.947966443624,9242.428750634152
2026-09-01 12:19:53,7400.0,7410.25,Call VEX 3,VEX,2100289.178,7576.947966443624,9242.428750634152
2026-09-01 12:19:53,7450.0,7460.25,Call DEX 4,DEX,195.671,7576.947966443624,9242.428750634152
2026-09-01 12:19:53,7450.0,7460.25,Call VEX 4,VEX,1838529.329,7576.947966443624,9242.428750634152
2026-09-01 12:19:53,7500.0,7510.25,Call DEX 5,DEX,139.077,7576.947966443624,9242.428750634152
2026-09-01 12:19:53,7500.0,7510.25,Put GEX 2,GEX,-576259.171,7576.947966443624,9242.428750634152
2026-09-01 12:19:53,7500.0,7510.25,Call VEX 2,VEX,2864409.149,7576.947966443624,9242.428750634152
2026-09-01 12:19:53,7550.0,7560.25,Put GEX 5,GEX,-369130.313,7576.947966443624,9242.428750634152
2026-09-01 12:19:53,7600.0,7610.5,Call CEX 4,CEX,1896830.887,7576.947966443624,9242.428750634152
2026-09-01 12:19:53,7610.0,7620.5,Call CEX 5,CEX,1835933.979,7576.947966443624,9242.428750634152
2026-09-01 12:19:53,7615.0,7625.5,Call CEX 2,CEX,2042841.785,7576.947966443624,9242.428750634152
2026-09-01 12:19:53,7620.0,7630.5,Call CEX 3,CEX,2030193.914,7576.947966443624,9242.428750634152
2026-09-01 12:19:53,7625.0,7635.5,Call CEX 1,CEX,2782507.436,7576.947966443624,9242.428750634152
2026-09-01 12:19:53,7625.0,7635.5,Put GEX 3,GEX,-486777.136,7576.947966443624,9242.428750634152
2026-09-01 12:19:53,7640.0,7650.5,Put CEX 5,CEX,-2232980.707,7576.947966443624,9242.428750634152
2026-09-01 12:19:53,7650.0,7660.5,Put CEX 1,CEX,-3874951.49,7576.947966443624,9242.428750634152
2026-09-01 12:19:53,7650.0,7660.5,Put DEX 4,DEX,-70.963,7576.947966443624,9242.428750634152
2026-09-01 12:19:53,7675.0,7685.5,Put CEX 3,CEX,-3002718.111,7576.947966443624,9242.428750634152
2026-09-01 12:19:53,7700.0,7710.5,Put CEX 4,CEX,-2369793.569,7576.947966443624,9242.428750634152
2026-09-01 12:19:53,7700.0,7710.5,Put DEX 2,DEX,-194.909,7576.947966443624,9242.428750634152
2026-09-01 12:19:53,7700.0,7710.5,Put VEX 5,VEX,-943866.461,7576.947966443624,9242.428750634152
2026-09-01 12:19:53,7750.0,7760.5,Put DEX 3,DEX,-91.932,7576.947966443624,9242.428750634152
2026-09-01 12:19:53,7750.0,7760.5,Call GEX 3,GEX,273701.674,7576.947966443624,9242.428750634152
2026-09-01 12:19:53,7750.0,7760.5,Put VEX 3,VEX,-1080187.336,7576.947966443624,9242.428750634152
2026-09-01 12:19:53,7800.0,7810.75,Put DEX 5,DEX,-70.757,7576.947966443624,9242.428750634152
2026-09-01 12:19:53,7800.0,7810.75,Call GEX 1,GEX,503157.963,7576.947966443624,9242.428750634152
2026-09-01 12:19:53,7800.0,7810.75,Put VEX 2,VEX,-1691800.153,7576.947966443624,9242.428750634152
2026-09-01 12:19:53,7850.0,7860.75,Call GEX 4,GEX,266404.831,7576.947966443624,9242.428750634152
2026-09-01 12:19:53,7900.0,7910.75,Call GEX 2,GEX,363234.422,7576.947966443624,9242.428750634152
2026-09-01 12:19:53,7900.0,7910.75,Put VEX 4,VEX,-961273.774,7576.947966443624,9242.428750634152
2026-09-01 12:19:53,7950.0,7961.0,Call GEX 5,GEX,157932.339,7576.947966443624,9242.428750634152
2026-09-01 12:19:53,8000.0,8011.0,Put CEX 2,CEX,-3099821.911,7576.947966443624,9242.428750634152
2026-09-01 12:19:53,8000.0,8011.0,Put DEX 1,DEX,-2548.084,7576.947966443624,9242.428750634152
2026-09-01 12:19:53,8000.0,8011.0,Put GEX 4,GEX,-440074.908,7576.947966443624,9242.428750634152
2026-09-01 12:19:53,8000.0,8011.0,Put VEX 1,VEX,-10138844.471,7576.947966443624,9242.428750634152
2026-09-01 12:20:40,7000.0,7009.5,Call DEX 1,DEX,868.207,7576.291174270076,9242.317057458367
2026-09-01 12:20:40,7000.0,7009.5,Put GEX 1,GEX,-714945.563,7576.291174270076,9242.317057458367
2026-09-01 12:20:40,7000.0,7009.5,Call VEX 1,VEX,6744469.402,7576.291174270076,9242.317057458367
2026-09-01 12:20:40,7300.0,7310.0,Call DEX 2,DEX,256.714,7576.291174270076,9242.317057458367
2026-09-01 12:20:40,7300.0,7310.0,Call VEX 5,VEX,1623921.705,7576.291174270076,9242.317057458367
2026-09-01 12:20:40,7400.0,7410.0,Call DEX 3,DEX,199.031,7576.291174270076,9242.317057458367
2026-09-01 12:20:40,7400.0,7410.0,Call VEX 3,VEX,2100512.445,7576.291174270076,9242.317057458367
2026-09-01 12:20:40,7450.0,7460.0,Call DEX 4,DEX,195.657,7576.291174270076,9242.317057458367
2026-09-01 12:20:40,7450.0,7460.0,Call VEX 4,VEX,1837727.498,7576.291174270076,9242.317057458367
2026-09-01 12:20:40,7500.0,7510.25,Call DEX 5,DEX,138.701,7576.291174270076,9242.317057458367
2026-09-01 12:20:40,7500.0,7510.25,Put GEX 2,GEX,-577528.977,7576.291174270076,9242.317057458367
2026-09-01 12:20:40,7500.0,7510.25,Call VEX 2,VEX,2862408.962,7576.291174270076,9242.317057458367
2026-09-01 12:20:40,7550.0,7560.25,Put GEX 5,GEX,-369832.698,7576.291174270076,9242.317057458367
2026-09-01 12:20:40,7600.0,7610.25,Call CEX 4,CEX,1910450.204,7576.291174270076,9242.317057458367
2026-09-01 12:20:40,7610.0,7620.25,Call CEX 5,CEX,1880134.861,7576.291174270076,9242.317057458367
2026-09-01 12:20:40,7615.0,7625.25,Call CEX 2,CEX,2050152.722,7576.291174270076,9242.317057458367
2026-09-01 12:20:40,7620.0,7630.25,Call CEX 3,CEX,2048343.476,7576.291174270076,9242.317057458367
2026-09-01 12:20:40,7625.0,7635.25,Call CEX 1,CEX,2805375.771,7576.291174270076,9242.317057458367
2026-09-01 12:20:40,7625.0,7635.25,Put GEX 3,GEX,-503739.034,7576.291174270076,9242.317057458367
2026-09-01 12:20:40,7640.0,7650.25,Put CEX 4,CEX,-2303362.791,7576.291174270076,9242.317057458367
2026-09-01 12:20:40,7650.0,7660.25,Put CEX 1,CEX,-3718523.845,7576.291174270076,9242.317057458367
2026-09-01 12:20:40,7650.0,7660.25,Put DEX 4,DEX,-71.557,7576.291174270076,9242.317057458367
2026-09-01 12:20:40,7675.0,7685.5,Put CEX 3,CEX,-2827826.355,7576.291174270076,9242.317057458367
2026-09-01 12:20:40,7700.0,7710.5,Put CEX 5,CEX,-2177705.287,7576.291174270076,9242.317057458367
2026-09-01 12:20:40,7700.0,7710.5,Put DEX 2,DEX,-195.37,7576.291174270076,9242.317057458367
2026-09-01 12:20:40,7700.0,7710.5,Put VEX 5,VEX,-943209.503,7576.291174270076,9242.317057458367
2026-09-01 12:20:40,7750.0,7760.5,Put DEX 3,DEX,-92.151,7576.291174270076,9242.317057458367
2026-09-01 12:20:40,7750.0,7760.5,Call GEX 3,GEX,272872.609,7576.291174270076,9242.317057458367
2026-09-01 12:20:40,7750.0,7760.5,Put VEX 3,VEX,-1081479.909,7576.291174270076,9242.317057458367
2026-09-01 12:20:40,7800.0,7810.5,Put DEX 5,DEX,-71.273,7576.291174270076,9242.317057458367
2026-09-01 12:20:40,7800.0,7810.5,Call GEX 1,GEX,502280.286,7576.291174270076,9242.317057458367
2026-09-01 12:20:40,7800.0,7810.5,Put VEX 2,VEX,-1692542.733,7576.291174270076,9242.317057458367
2026-09-01 12:20:40,7850.0,7860.75,Call GEX 4,GEX,266092.568,7576.291174270076,9242.317057458367
2026-09-01 12:20:40,7900.0,7910.75,Call GEX 2,GEX,363008.018,7576.291174270076,9242.317057458367
2026-09-01 12:20:40,7900.0,7910.75,Put VEX 4,VEX,-961257.504,7576.291174270076,9242.317057458367
2026-09-01 12:20:40,7950.0,7960.75,Call GEX 5,GEX,157905.311,7576.291174270076,9242.317057458367
2026-09-01 12:20:40,8000.0,8010.75,Put CEX 2,CEX,-3097811.011,7576.291174270076,9242.317057458367
2026-09-01 12:20:40,8000.0,8010.75,Put DEX 1,DEX,-2549.665,7576.291174270076,9242.317057458367
2026-09-01 12:20:40,8000.0,8010.75,Put GEX 4,GEX,-441068.661,7576.291174270076,9242.317057458367
2026-09-01 12:20:40,8000.0,8010.75,Put VEX 1,VEX,-10140980.617,7576.291174270076,9242.317057458367
2026-09-01 12:21:28,7000.0,7009.25,Call DEX 1,DEX,864.291,7578.213559911547,9244.944691665853
2026-09-01 12:21:28,7000.0,7009.25,Put GEX 1,GEX,-715813.213,7578.213559911547,9244.944691665853
2026-09-01 12:21:28,7000.0,7009.25,Call VEX 1,VEX,6797586.842,7578.213559911547,9244.944691665853
2026-09-01 12:21:28,7300.0,7309.75,Call DEX 2,DEX,255.334,7578.213559911547,9244.944691665853
2026-09-01 12:21:28,7300.0,7309.75,Call VEX 5,VEX,1629860.169,7578.213559911547,9244.944691665853
2026-09-01 12:21:28,7400.0,7409.75,Call DEX 3,DEX,196.52,7578.213559911547,9244.944691665853
2026-09-01 12:21:28,7400.0,7409.75,Call VEX 3,VEX,2099419.747,7578.213559911547,9244.944691665853
2026-09-01 12:21:28,7450.0,7460.0,Call DEX 4,DEX,192.879,7578.213559911547,9244.944691665853
2026-09-01 12:21:28,7450.0,7460.0,Call VEX 4,VEX,1832895.159,7578.213559911547,9244.944691665853
2026-09-01 12:21:28,7500.0,7510.0,Call DEX 5,DEX,131.079,7578.213559911547,9244.944691665853
2026-09-01 12:21:28,7500.0,7510.0,Put GEX 2,GEX,-581532.92,7578.213559911547,9244.944691665853
2026-09-01 12:21:28,7500.0,7510.0,Call VEX 2,VEX,2843044.028,7578.213559911547,9244.944691665853
2026-09-01 12:21:28,7550.0,7560.0,Put GEX 5,GEX,-373824.575,7578.213559911547,9244.944691665853
2026-09-01 12:21:28,7600.0,7610.0,Call CEX 5,CEX,1942805.637,7578.213559911547,9244.944691665853
2026-09-01 12:21:28,7610.0,7620.25,Call CEX 3,CEX,2042054.701,7578.213559911547,9244.944691665853
2026-09-01 12:21:28,7615.0,7625.25,Call CEX 1,CEX,2165466.757,7578.213559911547,9244.944691665853
2026-09-01 12:21:28,7620.0,7630.25,Call CEX 4,CEX,1960067.122,7578.213559911547,9244.944691665853
2026-09-01 12:21:28,7625.0,7635.25,Call CEX 2,CEX,2106614.96,7578.213559911547,9244.944691665853
2026-09-01 12:21:28,7625.0,7635.25,Put GEX 3,GEX,-531237.089,7578.213559911547,9244.944691665853
2026-09-01 12:21:28,7640.0,7650.25,Put CEX 4,CEX,-2376652.524,7578.213559911547,9244.944691665853
2026-09-01 12:21:28,7650.0,7660.25,Put CEX 1,CEX,-3507531.691,7578.213559911547,9244.944691665853
2026-09-01 12:21:28,7650.0,7660.25,Put DEX 4,DEX,-74.041,7578.213559911547,9244.944691665853
2026-09-01 12:21:28,7675.0,7685.25,Put CEX 3,CEX,-2592940.778,7578.213559911547,9244.944691665853
2026-09-01 12:21:28,7700.0,7710.25,Put CEX 5,CEX,-2151947.883,7578.213559911547,9244.944691665853
2026-09-01 12:21:28,7700.0,7710.25,Put DEX 2,DEX,-198.992,7578.213559911547,9244.944691665853
2026-09-01 12:21:28,7700.0,7710.25,Put VEX 4,VEX,-968212.99,7578.213559911547,9244.944691665853
2026-09-01 12:21:28,7750.0,7760.25,Put DEX 3,DEX,-93.671,7578.213559911547,9244.944691665853
2026-09-01 12:21:28,7750.0,7760.25,Call GEX 3,GEX,268445.535,7578.213559911547,9244.944691665853
2026-09-01 12:21:28,7750.0,7760.25,Put VEX 3,VEX,-1092029.856,7578.213559911547,9244.944691665853
2026-09-01 12:21:28,7800.0,7810.5,Put DEX 5,DEX,-72.99,7578.213559911547,9244.944691665853
2026-09-01 12:21:28,7800.0,7810.5,Call GEX 1,GEX,498067.08,7578.213559911547,9244.944691665853
2026-09-01 12:21:28,7800.0,7810.5,Put VEX 2,VEX,-1697384.893,7578.213559911547,9244.944691665853
2026-09-01 12:21:28,7850.0,7860.5,Call GEX 4,GEX,263834.589,7578.213559911547,9244.944691665853
2026-09-01 12:21:28,7900.0,7910.5,Call GEX 2,GEX,360329.02,7578.213559911547,9244.944691665853
2026-09-01 12:21:28,7900.0,7910.5,Put VEX 5,VEX,-959753.747,7578.213559911547,9244.944691665853
2026-09-01 12:21:28,7950.0,7960.5,Call GEX 5,GEX,156746.772,7578.213559911547,9244.944691665853
2026-09-01 12:21:28,8000.0,8010.75,Put CEX 2,CEX,-3084371.081,7578.213559911547,9244.944691665853
2026-09-01 12:21:28,8000.0,8010.75,Put DEX 1,DEX,-2553.14,7578.213559911547,9244.944691665853
2026-09-01 12:21:28,8000.0,8010.75,Put GEX 4,GEX,-439729.561,7578.213559911547,9244.944691665853
2026-09-01 12:21:28,8000.0,8010.75,Put VEX 1,VEX,-10127486.663,7578.213559911547,9244.944691665853
2026-09-01 12:22:16,7000.0,7009.25,Call DEX 1,DEX,861.271,7581.461161146183,9247.04566596804
2026-09-01 12:22:16,7000.0,7009.25,Put GEX 1,GEX,-708614.841,7581.461161146183,9247.04566596804
2026-09-01 12:22:16,7000.0,7009.25,Call VEX 1,VEX,6855230.053,7581.461161146183,9247.04566596804
2026-09-01 12:22:16,7300.0,7309.75,Call DEX 2,DEX,254.297,7581.461161146183,9247.04566596804
2026-09-01 12:22:16,7300.0,7309.75,Call VEX 5,VEX,1640557.103,7581.461161146183,9247.04566596804
2026-09-01 12:22:16,7400.0,7409.75,Call DEX 3,DEX,195.552,7581.461161146183,9247.04566596804
2026-09-01 12:22:16,7400.0,7409.75,Call VEX 3,VEX,2099331.318,7581.461161146183,9247.04566596804
2026-09-01 12:22:16,7450.0,7460.0,Call DEX 4,DEX,191.985,7581.461161146183,9247.04566596804
2026-09-01 12:22:16,7450.0,7460.0,Call VEX 4,VEX,1830716.501,7581.461161146183,9247.04566596804
2026-09-01 12:22:16,7500.0,7510.0,Call DEX 5,DEX,132.118,7581.461161146183,9247.04566596804
2026-09-01 12:22:16,7500.0,7510.0,Put GEX 2,GEX,-583170.447,7581.461161146183,9247.04566596804
2026-09-01 12:22:16,7500.0,7510.0,Call VEX 2,VEX,2836443.356,7581.461161146183,9247.04566596804
2026-09-01 12:22:16,7550.0,7560.0,Put GEX 5,GEX,-376256.205,7581.461161146183,9247.04566596804
2026-09-01 12:22:16,7600.0,7610.25,Call CEX 1,CEX,2247003.416,7581.461161146183,9247.04566596804
2026-09-01 12:22:16,7610.0,7620.25,Call CEX 3,CEX,2077020.066,7581.461161146183,9247.04566596804
2026-09-01 12:22:16,7615.0,7625.25,Call CEX 2,CEX,2202361.994,7581.461161146183,9247.04566596804
2026-09-01 12:22:16,7620.0,7630.25,Call CEX 4,CEX,1930337.904,7581.461161146183,9247.04566596804
2026-09-01 12:22:16,7625.0,7635.25,Call CEX 5,CEX,1861519.59,7581.461161146183,9247.04566596804
2026-09-01 12:22:16,7625.0,7635.25,Put GEX 3,GEX,-525566.939,7581.461161146183,9247.04566596804
2026-09-01 12:22:16,7640.0,7650.25,Put CEX 4,CEX,-2388776.979,7581.461161146183,9247.04566596804
2026-09-01 12:22:16,7650.0,7660.25,Put CEX 1,CEX,-3591019.964,7581.461161146183,9247.04566596804
2026-09-01 12:22:16,7650.0,7660.25,Put DEX 4,DEX,-74.548,7581.461161146183,9247.04566596804
2026-09-01 12:22:16,7675.0,7685.25,Put CEX 3,CEX,-2984142.098,7581.461161146183,9247.04566596804
2026-09-01 12:22:16,7700.0,7710.25,Put CEX 5,CEX,-2316735.175,7581.461161146183,9247.04566596804
2026-09-01 12:22:16,7700.0,7710.25,Put DEX 2,DEX,-200.194,7581.461161146183,9247.04566596804
2026-09-01 12:22:16,7700.0,7710.25,Put VEX 4,VEX,-978357.98,7581.461161146183,9247.04566596804
2026-09-01 12:22:16,7750.0,7760.25,Put DEX 3,DEX,-94.627,7581.461161146183,9247.04566596804
2026-09-01 12:22:16,7750.0,7760.25,Call GEX 3,GEX,269037.943,7581.461161146183,9247.04566596804
2026-09-01 12:22:16,7750.0,7760.25,Put VEX 3,VEX,-1093158.81,7581.461161146183,9247.04566596804
2026-09-01 12:22:16,7800.0,7810.5,Put DEX 5,DEX,-73.651,7581.461161146183,9247.04566596804
2026-09-01 12:22:16,7800.0,7810.5,Call GEX 1,GEX,495397.007,7581.461161146183,9247.04566596804
2026-09-01 12:22:16,7800.0,7810.5,Put VEX 2,VEX,-1698501.742,7581.461161146183,9247.04566596804
2026-09-01 12:22:16,7850.0,7860.5,Call GEX 4,GEX,263651.632,7581.461161146183,9247.04566596804
2026-09-01 12:22:16,7900.0,7910.5,Call GEX 2,GEX,359504.678,7581.461161146183,9247.04566596804
2026-09-01 12:22:16,7900.0,7910.5,Put VEX 5,VEX,-959387.94,7581.461161146183,9247.04566596804
2026-09-01 12:22:16,7950.0,7960.5,Call GEX 5,GEX,156390.677,7581.461161146183,9247.04566596804
2026-09-01 12:22:16,8000.0,8010.75,Put CEX 2,CEX,-3084206.105,7581.461161146183,9247.04566596804
2026-09-01 12:22:16,8000.0,8010.75,Put DEX 1,DEX,-2555.807,7581.461161146183,9247.04566596804
2026-09-01 12:22:16,8000.0,8010.75,Put GEX 4,GEX,-431402.122,7581.461161146183,9247.04566596804
2026-09-01 12:22:16,8000.0,8010.75,Put VEX 1,VEX,-10133736.788,7581.461161146183,9247.04566596804
2026-09-01 12:23:03,7000.0,7010.0,Call DEX 1,DEX,894.907,7552.6970231696705,9244.17392863839
2026-09-01 12:23:03,7000.0,7010.0,Put GEX 1,GEX,-699670.549,7552.6970231696705,9244.17392863839
2026-09-01 12:23:03,7000.0,7010.0,Call VEX 1,VEX,6898934.947,7552.6970231696705,9244.17392863839
2026-09-01 12:23:03,7300.0,7310.5,Call DEX 2,DEX,254.208,7552.6970231696705,9244.17392863839
2026-09-01 12:23:03,7300.0,7310.5,Call VEX 5,VEX,1643824.425,7552.6970231696705,9244.17392863839
2026-09-01 12:23:03,7400.0,7410.5,Call DEX 4,DEX,196.511,7552.6970231696705,9244.17392863839
2026-09-01 12:23:03,7400.0,7410.5,Call VEX 3,VEX,2101116.601,7552.6970231696705,9244.17392863839
2026-09-01 12:23:03,7450.0,7460.75,Call DEX 3,DEX,203.353,7552.6970231696705,9244.17392863839
2026-09-01 12:23:03,7450.0,7460.75,Call VEX 4,VEX,1837114.666,7552.6970231696705,9244.17392863839
2026-09-01 12:23:03,7500.0,7510.75,Call DEX 5,DEX,136.123,7552.6970231696705,9244.17392863839
2026-09-01 12:23:03,7500.0,7510.75,Put GEX 2,GEX,-583107.423,7552.6970231696705,9244.17392863839
2026-09-01 12:23:03,7500.0,7510.75,Call VEX 2,VEX,2849520.308,7552.6970231696705,9244.17392863839
2026-09-01 12:23:03,7550.0,7560.75,Put GEX 5,GEX,-375910.306,7552.6970231696705,9244.17392863839
2026-09-01 12:23:03,7600.0,7610.75,Call CEX 1,CEX,2638131.264,7552.6970231696705,9244.17392863839
2026-09-01 12:23:03,7610.0,7620.75,Call CEX 5,CEX,2008234.944,7552.6970231696705,9244.17392863839
2026-09-01 12:23:03,7615.0,7626.0,Call CEX 3,CEX,2134304.835,7552.6970231696705,9244.17392863839
2026-09-01 12:23:03,7620.0,7631.0,Call CEX 4,CEX,2052244.227,7552.6970231696705,9244.17392863839
2026-09-01 12:23:03,7625.0,7636.0,Call CEX 2,CEX,2457094.11,7552.6970231696705,9244.17392863839
2026-09-01 12:23:03,7625.0,7636.0,Put GEX 3,GEX,-567927.508,7552.6970231696705,9244.17392863839
2026-09-01 12:23:03,7635.0,7646.0,Put CEX 3,CEX,-1389146.305,7552.6970231696705,9244.17392863839
2026-09-01 12:23:03,7640.0,7651.0,Put CEX 2,CEX,-2363336.549,7552.6970231696705,9244.17392863839
2026-09-01 12:23:03,7650.0,7661.0,Put DEX 5,DEX,-53.608,7552.6970231696705,9244.17392863839
2026-09-01 12:23:03,7700.0,7711.0,Put CEX 4,CEX,-1321240.097,7552.6970231696705,9244.17392863839
2026-09-01 12:23:03,7700.0,7711.0,Put DEX 2,DEX,-185.352,7552.6970231696705,9244.17392863839
2026-09-01 12:23:03,7700.0,7711.0,Put VEX 5,VEX,-949390.32,7552.6970231696705,9244.17392863839
2026-09-01 12:23:03,7750.0,7761.0,Put CEX 5,CEX,-1191281.945,7552.6970231696705,9244.17392863839
2026-09-01 12:23:03,7750.0,7761.0,Put DEX 3,DEX,-87.34,7552.6970231696705,9244.17392863839
2026-09-01 12:23:03,7750.0,7761.0,Call GEX 3,GEX,273708.432,7552.6970231696705,9244.17392863839
2026-09-01 12:23:03,7750.0,7761.0,Put VEX 3,VEX,-1080378.598,7552.6970231696705,9244.17392863839
2026-09-01 12:23:03,7800.0,7811.25,Put DEX 4,DEX,-70.101,7552.6970231696705,9244.17392863839
2026-09-01 12:23:03,7800.0,7811.25,Call GEX 1,GEX,498054.012,7552.6970231696705,9244.17392863839
2026-09-01 12:23:03,7800.0,7811.25,Put VEX 2,VEX,-1694145.187,7552.6970231696705,9244.17392863839
2026-09-01 12:23:03,7850.0,7861.25,Call GEX 4,GEX,264737.726,7552.6970231696705,9244.17392863839
2026-09-01 12:23:03,7900.0,7911.25,Call GEX 2,GEX,361202.513,7552.6970231696705,9244.17392863839
2026-09-01 12:23:03,7900.0,7911.25,Put VEX 4,VEX,-961163.232,7552.6970231696705,9244.17392863839
2026-09-01 12:23:03,7950.0,7961.25,Call GEX 5,GEX,157107.289,7552.6970231696705,9244.17392863839
2026-09-01 12:23:03,8000.0,8011.5,Put CEX 1,CEX,-3118791.596,7552.6970231696705,9244.17392863839
2026-09-01 12:23:03,8000.0,8011.5,Put DEX 1,DEX,-2524.479,7552.6970231696705,9244.17392863839
2026-09-01 12:23:03,8000.0,8011.5,Put GEX 4,GEX,-465084.789,7552.6970231696705,9244.17392863839
2026-09-01 12:23:03,8000.0,8011.5,Put VEX 1,VEX,-10260113.131,7552.6970231696705,9244.17392863839
2026-09-01 12:23:51,7000.0,7009.25,Call DEX 1,DEX,861.135,7578.066242244548,9255.020217898684
2026-09-01 12:23:51,7000.0,7009.25,Put GEX 1,GEX,-700652.257,7578.066242244548,9255.020217898684
2026-09-01 12:23:51,7000.0,7009.25,Call VEX 1,VEX,6882519.356,7578.066242244548,9255.020217898684
2026-09-01 12:23:51,7300.0,7309.5,Call DEX 2,DEX,255.352,7578.066242244548,9255.020217898684
2026-09-01 12:23:51,7300.0,7309.5,Call VEX 5,VEX,1634153.404,7578.066242244548,9255.020217898684
2026-09-01 12:23:51,7400.0,7409.75,Call DEX 3,DEX,197.616,7578.066242244548,9255.020217898684
2026-09-01 12:23:51,7400.0,7409.75,Call VEX 3,VEX,2100928.588,7578.066242244548,9255.020217898684
2026-09-01 12:23:51,7450.0,7459.75,Call DEX 4,DEX,194.238,7578.066242244548,9255.020217898684
2026-09-01 12:23:51,7450.0,7459.75,Call VEX 4,VEX,1835890.428,7578.066242244548,9255.020217898684
2026-09-01 12:23:51,7500.0,7509.75,Call DEX 5,DEX,134.468,7578.066242244548,9255.020217898684
2026-09-01 12:23:51,7500.0,7509.75,Put GEX 2,GEX,-578308.542,7578.066242244548,9255.020217898684
2026-09-01 12:23:51,7500.0,7509.75,Call VEX 2,VEX,2856606.118,7578.066242244548,9255.020217898684
2026-09-01 12:23:51,7550.0,7560.0,Put GEX 5,GEX,-369497.814,7578.066242244548,9255.020217898684
2026-09-01 12:23:51,7600.0,7610.0,Call CEX 4,CEX,1956643.891,7578.066242244548,9255.020217898684
2026-09-01 12:23:51,7610.0,7620.0,Call CEX 5,CEX,1802902.276,7578.066242244548,9255.020217898684
2026-09-01 12:23:51,7615.0,7625.0,Call CEX 3,CEX,2019505.2,7578.066242244548,9255.020217898684
2026-09-01 12:23:51,7620.0,7630.0,Call CEX 2,CEX,2106929.211,7578.066242244548,9255.020217898684
2026-09-01 12:23:51,7625.0,7635.0,Call CEX 1,CEX,2938222.249,7578.066242244548,9255.020217898684
2026-09-01 12:23:51,7625.0,7635.0,Put GEX 3,GEX,-487492.642,7578.066242244548,9255.020217898684
2026-09-01 12:23:51,7640.0,7650.0,Put CEX 5,CEX,-2324561.268,7578.066242244548,9255.020217898684
2026-09-01 12:23:51,7650.0,7660.0,Put CEX 1,CEX,-3953619.355,7578.066242244548,9255.020217898684
2026-09-01 12:23:51,7650.0,7660.0,Put DEX 4,DEX,-70.99,7578.066242244548,9255.020217898684
2026-09-01 12:23:51,7675.0,7685.0,Put CEX 2,CEX,-3246938.931,7578.066242244548,9255.020217898684
2026-09-01 12:23:51,7700.0,7710.0,Put CEX 4,CEX,-2534400.886,7578.066242244548,9255.020217898684
2026-09-01 12:23:51,7700.0,7710.0,Put DEX 2,DEX,-194.309,7578.066242244548,9255.020217898684
2026-09-01 12:23:51,7700.0,7710.0,Put VEX 5,VEX,-943645.843,7578.066242244548,9255.020217898684
2026-09-01 12:23:51,7750.0,7760.25,Put DEX 3,DEX,-91.241,7578.066242244548,9255.020217898684
2026-09-01 12:23:51,7750.0,7760.25,Call GEX 3,GEX,269721.266,7578.066242244548,9255.020217898684
2026-09-01 12:23:51,7750.0,7760.25,Put VEX 3,VEX,-1082009.718,7578.066242244548,9255.020217898684
2026-09-01 12:23:51,7800.0,7810.25,Put DEX 5,DEX,-70.517,7578.066242244548,9255.020217898684
2026-09-01 12:23:51,7800.0,7810.25,Call GEX 1,GEX,501411.12,7578.066242244548,9255.020217898684
2026-09-01 12:23:51,7800.0,7810.25,Put VEX 2,VEX,-1693419.321,7578.066242244548,9255.020217898684
2026-09-01 12:23:51,7850.0,7860.25,Call GEX 4,GEX,266081.268,7578.066242244548,9255.020217898684
2026-09-01 12:23:51,7900.0,7910.25,Call GEX 2,GEX,363403.832,7578.066242244548,9255.020217898684
2026-09-01 12:23:51,7900.0,7910.25,Put VEX 4,VEX,-961956.54,7578.066242244548,9255.020217898684
2026-09-01 12:23:51,7950.0,7960.5,Call GEX 5,GEX,158040.758,7578.066242244548,9255.020217898684
2026-09-01 12:23:51,8000.0,8010.5,Put CEX 3,CEX,-3111650.925,7578.066242244548,9255.020217898684
2026-09-01 12:23:51,8000.0,8010.5,Put DEX 1,DEX,-2548.1,7578.066242244548,9255.020217898684
2026-09-01 12:23:51,8000.0,8010.5,Put GEX 4,GEX,-437659.545,7578.066242244548,9255.020217898684
2026-09-01 12:23:51,8000.0,8010.5,Put VEX 1,VEX,-10171477.766,7578.066242244548,9255.020217898684
2026-09-01 12:24:38,7000.0,7009.5,Call DEX 1,DEX,862.415,7578.137289119659,9256.90187559928
2026-09-01 12:24:38,7000.0,7009.5,Put GEX 1,GEX,-713909.075,7578.137289119659,9256.90187559928
2026-09-01 12:24:38,7000.0,7009.5,Call VEX 1,VEX,6835170.014,7578.137289119659,9256.90187559928
2026-09-01 12:24:38,7300.0,7310.0,Call DEX 2,DEX,254.838,7578.137289119659,9256.90187559928
2026-09-01 12:24:38,7300.0,7310.0,Call VEX 5,VEX,1635723.055,7578.137289119659,9256.90187559928
2026-09-01 12:24:38,7400.0,7410.0,Call DEX 3,DEX,196.563,7578.137289119659,9256.90187559928
2026-09-01 12:24:38,7400.0,7410.0,Call VEX 3,VEX,2100555.222,7578.137289119659,9256.90187559928
2026-09-01 12:24:38,7450.0,7460.0,Call DEX 4,DEX,192.725,7578.137289119659,9256.90187559928
2026-09-01 12:24:38,7450.0,7460.0,Call VEX 4,VEX,1833547.409,7578.137289119659,9256.90187559928
2026-09-01 12:24:38,7500.0,7510.25,Call DEX 5,DEX,134.873,7578.137289119659,9256.90187559928
2026-09-01 12:24:38,7500.0,7510.25,Put GEX 2,GEX,-578998.042,7578.137289119659,9256.90187559928
2026-09-01 12:24:38,7500.0,7510.25,Call VEX 2,VEX,2847993.784,7578.137289119659,9256.90187559928
2026-09-01 12:24:38,7550.0,7560.25,Put GEX 5,GEX,-371309.896,7578.137289119659,9256.90187559928
2026-09-01 12:24:38,7600.0,7610.25,Call CEX 5,CEX,1589292.932,7578.137289119659,9256.90187559928
2026-09-01 12:24:38,7610.0,7620.25,Call CEX 4,CEX,1831318.968,7578.137289119659,9256.90187559928
2026-09-01 12:24:38,7615.0,7625.25,Call CEX 3,CEX,2061354.073,7578.137289119659,9256.90187559928
2026-09-01 12:24:38,7620.0,7630.25,Call CEX 2,CEX,2116001.038,7578.137289119659,9256.90187559928
2026-09-01 12:24:38,7625.0,7635.25,Call CEX 1,CEX,2771615.248,7578.137289119659,9256.90187559928
2026-09-01 12:24:38,7625.0,7635.25,Put GEX 3,GEX,-519109.467,7578.137289119659,9256.90187559928
2026-09-01 12:24:38,7640.0,7650.25,Put CEX 4,CEX,-2408388.179,7578.137289119659,9256.90187559928
2026-09-01 12:24:38,7650.0,7660.5,Put CEX 1,CEX,-3726290.64,7578.137289119659,9256.90187559928
2026-09-01 12:24:38,7650.0,7660.5,Put DEX 4,DEX,-72.26,7578.137289119659,9256.90187559928
2026-09-01 12:24:38,7675.0,7685.5,Put CEX 3,CEX,-2644194.306,7578.137289119659,9256.90187559928
2026-09-01 12:24:38,7700.0,7710.5,Put CEX 5,CEX,-2406195.14,7578.137289119659,9256.90187559928
2026-09-01 12:24:38,7700.0,7710.5,Put DEX 2,DEX,-195.875,7578.137289119659,9256.90187559928
2026-09-01 12:24:38,7700.0,7710.5,Put VEX 5,VEX,-950507.891,7578.137289119659,9256.90187559928
2026-09-01 12:24:38,7750.0,7760.5,Put DEX 3,DEX,-92.048,7578.137289119659,9256.90187559928
2026-09-01 12:24:38,7750.0,7760.5,Call GEX 3,GEX,270213.923,7578.137289119659,9256.90187559928
2026-09-01 12:24:38,7750.0,7760.5,Put VEX 3,VEX,-1082089.024,7578.137289119659,9256.90187559928
2026-09-01 12:24:38,7800.0,7810.5,Put DEX 5,DEX,-70.638,7578.137289119659,9256.90187559928
2026-09-01 12:24:38,7800.0,7810.5,Call GEX 1,GEX,500545.133,7578.137289119659,9256.90187559928
2026-09-01 12:24:38,7800.0,7810.5,Put VEX 2,VEX,-1693152.392,7578.137289119659,9256.90187559928
2026-09-01 12:24:38,7850.0,7860.75,Call GEX 4,GEX,265916.141,7578.137289119659,9256.90187559928
2026-09-01 12:24:38,7900.0,7910.75,Call GEX 2,GEX,363125.251,7578.137289119659,9256.90187559928
2026-09-01 12:24:38,7900.0,7910.75,Put VEX 4,VEX,-962967.586,7578.137289119659,9256.90187559928
2026-09-01 12:24:38,7950.0,7960.75,Call GEX 5,GEX,157959.377,7578.137289119659,9256.90187559928
2026-09-01 12:24:38,8000.0,8010.75,Put CEX 2,CEX,-3088924.963,7578.137289119659,9256.90187559928
2026-09-01 12:24:38,8000.0,8010.75,Put DEX 1,DEX,-2552.798,7578.137289119659,9256.90187559928
2026-09-01 12:24:38,8000.0,8010.75,Put GEX 4,GEX,-428995.093,7578.137289119659,9256.90187559928
2026-09-01 12:24:38,8000.0,8010.75,Put VEX 1,VEX,-10139075.946,7578.137289119659,9256.90187559928
2026-09-01 12:25:26,7000.0,7009.75,Call DEX 1,DEX,894.965,7553.730178783871,9258.285223181052
2026-09-01 12:25:26,7000.0,7009.75,Put GEX 1,GEX,-706617.234,7553.730178783871,9258.285223181052
2026-09-01 12:25:26,7000.0,7009.75,Call VEX 1,VEX,6884448.025,7553.730178783871,9258.285223181052
2026-09-01 12:25:26,7300.0,7310.25,Call DEX 2,DEX,254.25,7553.730178783871,9258.285223181052
2026-09-01 12:25:26,7300.0,7310.25,Call VEX 5,VEX,1643126.646,7553.730178783871,9258.285223181052
2026-09-01 12:25:26,7400.0,7410.25,Call DEX 4,DEX,196.48,7553.730178783871,9258.285223181052
2026-09-01 12:25:26,7400.0,7410.25,Call VEX 3,VEX,2101267.274,7553.730178783871,9258.285223181052
2026-09-01 12:25:26,7450.0,7460.25,Call DEX 3,DEX,198.327,7553.730178783871,9258.285223181052
2026-09-01 12:25:26,7450.0,7460.25,Call VEX 4,VEX,1834776.108,7553.730178783871,9258.285223181052
2026-09-01 12:25:26,7500.0,7510.5,Call DEX 5,DEX,135.793,7553.730178783871,9258.285223181052
2026-09-01 12:25:26,7500.0,7510.5,Put GEX 2,GEX,-581700.953,7553.730178783871,9258.285223181052
2026-09-01 12:25:26,7500.0,7510.5,Call VEX 2,VEX,2848951.286,7553.730178783871,9258.285223181052
2026-09-01 12:25:26,7550.0,7560.5,Put GEX 5,GEX,-373667.095,7553.730178783871,9258.285223181052
2026-09-01 12:25:26,7600.0,7610.5,Call CEX 4,CEX,2074566.424,7553.730178783871,9258.285223181052
2026-09-01 12:25:26,7610.0,7620.5,Call CEX 5,CEX,1803697.691,7553.730178783871,9258.285223181052
2026-09-01 12:25:26,7615.0,7625.5,Call CEX 3,CEX,2096271.262,7553.730178783871,9258.285223181052
2026-09-01 12:25:26,7620.0,7630.5,Call CEX 2,CEX,2145537.633,7553.730178783871,9258.285223181052
2026-09-01 12:25:26,7625.0,7635.5,Call CEX 1,CEX,2864986.511,7553.730178783871,9258.285223181052
2026-09-01 12:25:26,7625.0,7635.5,Put GEX 3,GEX,-563210.892,7553.730178783871,9258.285223181052
2026-09-01 12:25:26,7635.0,7645.75,Put CEX 5,CEX,-1342290.217,7553.730178783871,9258.285223181052
2026-09-01 12:25:26,7640.0,7650.75,Put CEX 2,CEX,-2455621.364,7553.730178783871,9258.285223181052
2026-09-01 12:25:26,7645.0,7655.75,Put CEX 4,CEX,-1638986.782,7553.730178783871,9258.285223181052
2026-09-01 12:25:26,7650.0,7660.75,Put CEX 3,CEX,-2410511.226,7553.730178783871,9258.285223181052
2026-09-01 12:25:26,7650.0,7660.75,Put DEX 4,DEX,-73.65,7553.730178783871,9258.285223181052
2026-09-01 12:25:26,7700.0,7710.75,Put DEX 2,DEX,-183.282,7553.730178783871,9258.285223181052
2026-09-01 12:25:26,7700.0,7710.75,Put VEX 5,VEX,-937460.46,7553.730178783871,9258.285223181052
2026-09-01 12:25:26,7750.0,7760.75,Put DEX 3,DEX,-85.902,7553.730178783871,9258.285223181052
2026-09-01 12:25:26,7750.0,7760.75,Call GEX 3,GEX,272997.093,7553.730178783871,9258.285223181052
2026-09-01 12:25:26,7750.0,7760.75,Put VEX 3,VEX,-1076138.026,7553.730178783871,9258.285223181052
2026-09-01 12:25:26,7800.0,7810.75,Put DEX 5,DEX,-68.329,7553.730178783871,9258.285223181052
2026-09-01 12:25:26,7800.0,7810.75,Call GEX 1,GEX,501835.26,7553.730178783871,9258.285223181052
2026-09-01 12:25:26,7800.0,7810.75,Put VEX 2,VEX,-1688466.542,7553.730178783871,9258.285223181052
2026-09-01 12:25:26,7850.0,7861.0,Call GEX 4,GEX,266028.55,7553.730178783871,9258.285223181052
2026-09-01 12:25:26,7900.0,7911.0,Call GEX 2,GEX,363430.285,7553.730178783871,9258.285223181052
2026-09-01 12:25:26,7900.0,7911.0,Put VEX 4,VEX,-963698.853,7553.730178783871,9258.285223181052
2026-09-01 12:25:26,7950.0,7961.0,Call GEX 5,GEX,158108.256,7553.730178783871,9258.285223181052
2026-09-01 12:25:26,8000.0,8011.25,Put CEX 1,CEX,-3039833.052,7553.730178783871,9258.285223181052
2026-09-01 12:25:26,8000.0,8011.25,Put DEX 1,DEX,-2539.211,7553.730178783871,9258.285223181052
2026-09-01 12:25:26,8000.0,8011.25,Put GEX 4,GEX,-410778.235,7553.730178783871,9258.285223181052
2026-09-01 12:25:26,8000.0,8011.25,Put VEX 1,VEX,-10073425.728,7553.730178783871,9258.285223181052
2026-09-01 12:26:15,7000.0,7009.5,Call DEX 1,DEX,861.964,7575.135519116635,9249.060677693937
2026-09-01 12:26:15,7000.0,7009.5,Put GEX 1,GEX,-714904.512,7575.135519116635,9249.060677693937
2026-09-01 12:26:15,7000.0,7009.5,Call VEX 1,VEX,6834764.228,7575.135519116635,9249.060677693937
2026-09-01 12:26:15,7300.0,7310.0,Call DEX 2,DEX,254.655,7575.135519116635,9249.060677693937
2026-09-01 12:26:15,7300.0,7310.0,Call VEX 5,VEX,1639060.684,7575.135519116635,9249.060677693937
2026-09-01 12:26:15,7400.0,7410.0,Call DEX 3,DEX,196.064,7575.135519116635,9249.060677693937
2026-09-01 12:26:15,7400.0,7410.0,Call VEX 3,VEX,2099411.139,7575.135519116635,9249.060677693937
2026-09-01 12:26:15,7450.0,7460.25,Call DEX 4,DEX,192.254,7575.135519116635,9249.060677693937
2026-09-01 12:26:15,7450.0,7460.25,Call VEX 4,VEX,1831682.13,7575.135519116635,9249.060677693937
2026-09-01 12:26:15,7500.0,7510.25,Call DEX 5,DEX,133.891,7575.135519116635,9249.060677693937
2026-09-01 12:26:15,7500.0,7510.25,Put GEX 2,GEX,-579558.207,7575.135519116635,9249.060677693937
2026-09-01 12:26:15,7500.0,7510.25,Call VEX 2,VEX,2842300.309,7575.135519116635,9249.060677693937
2026-09-01 12:26:15,7550.0,7560.25,Put GEX 5,GEX,-373768.244,7575.135519116635,9249.060677693937
2026-09-01 12:26:15,7600.0,7610.25,Call CEX 5,CEX,1615116.543,7575.135519116635,9249.060677693937
2026-09-01 12:26:15,7610.0,7620.25,Call CEX 4,CEX,1792402.965,7575.135519116635,9249.060677693937
2026-09-01 12:26:15,7615.0,7625.25,Call CEX 3,CEX,2109689.801,7575.135519116635,9249.060677693937
2026-09-01 12:26:15,7620.0,7630.25,Call CEX 2,CEX,2144267.579,7575.135519116635,9249.060677693937
2026-09-01 12:26:15,7625.0,7635.25,Call CEX 1,CEX,2654891.414,7575.135519116635,9249.060677693937
2026-09-01 12:26:15,7625.0,7635.25,Put GEX 3,GEX,-557195.054,7575.135519116635,9249.060677693937
2026-09-01 12:26:15,7640.0,7650.5,Put CEX 3,CEX,-2481194.447,7575.135519116635,9249.060677693937
2026-09-01 12:26:15,7645.0,7655.5,Put CEX 5,CEX,-1774671.478,7575.135519116635,9249.060677693937
2026-09-01 12:26:15,7650.0,7660.5,Put CEX 1,CEX,-3226219.928,7575.135519116635,9249.060677693937
2026-09-01 12:26:15,7650.0,7660.5,Put DEX 4,DEX,-73.739,7575.135519116635,9249.060677693937
2026-09-01 12:26:15,7675.0,7685.5,Put CEX 4,CEX,-2168131.352,7575.135519116635,9249.060677693937
2026-09-01 12:26:15,7700.0,7710.5,Put DEX 2,DEX,-197.452,7575.135519116635,9249.060677693937
2026-09-01 12:26:15,7700.0,7710.5,Put VEX 5,VEX,-950645.871,7575.135519116635,9249.060677693937
2026-09-01 12:26:15,7750.0,7760.5,Put DEX 3,DEX,-92.664,7575.135519116635,9249.060677693937
2026-09-01 12:26:15,7750.0,7760.5,Call GEX 3,GEX,271019.639,7575.135519116635,9249.060677693937
2026-09-01 12:26:15,7750.0,7760.5,Put VEX 3,VEX,-1083242.413,7575.135519116635,9249.060677693937
2026-09-01 12:26:15,7800.0,7810.5,Put DEX 5,DEX,-71.44,7575.135519116635,9249.060677693937
2026-09-01 12:26:15,7800.0,7810.5,Call GEX 1,GEX,499279.494,7575.135519116635,9249.060677693937
2026-09-01 12:26:15,7800.0,7810.5,Put VEX 2,VEX,-1693796.308,7575.135519116635,9249.060677693937
2026-09-01 12:26:15,7850.0,7860.75,Call GEX 4,GEX,265336.056,7575.135519116635,9249.060677693937
2026-09-01 12:26:15,7900.0,7910.75,Call GEX 2,GEX,362274.788,7575.135519116635,9249.060677693937
2026-09-01 12:26:15,7900.0,7910.75,Put VEX 4,VEX,-962270.658,7575.135519116635,9249.060677693937
2026-09-01 12:26:15,7950.0,7960.75,Call GEX 5,GEX,157720.102,7575.135519116635,9249.060677693937
2026-09-01 12:26:15,8000.0,8010.75,Put CEX 2,CEX,-3084457.026,7575.135519116635,9249.060677693937
2026-09-01 12:26:15,8000.0,8010.75,Put DEX 1,DEX,-2553.638,7575.135519116635,9249.060677693937
2026-09-01 12:26:15,8000.0,8010.75,Put GEX 4,GEX,-430546.897,7575.135519116635,9249.060677693937
2026-09-01 12:26:15,8000.0,8010.75,Put VEX 1,VEX,-10139230.943,7575.135519116635,9249.060677693937
2026-09-01 12:27:02,7000.0,7009.0,Call DEX 1,DEX,863.206,7578.907009660466,9247.115171057278
2026-09-01 12:27:02,7000.0,7009.0,Put GEX 1,GEX,-718123.543,7578.907009660466,9247.115171057278
2026-09-01 12:27:02,7000.0,7009.0,Call VEX 1,VEX,6810734.018,7578.907009660466,9247.115171057278
2026-09-01 12:27:02,7300.0,7309.25,Call DEX 2,DEX,255.296,7578.907009660466,9247.115171057278
2026-09-01 12:27:02,7300.0,7309.25,Call VEX 5,VEX,1633436.621,7578.907009660466,9247.115171057278
2026-09-01 12:27:02,7400.0,7409.5,Call DEX 3,DEX,196.284,7578.907009660466,9247.115171057278
2026-09-01 12:27:02,7400.0,7409.5,Call VEX 3,VEX,2099355.885,7578.907009660466,9247.115171057278
2026-09-01 12:27:02,7450.0,7459.5,Call DEX 4,DEX,192.746,7578.907009660466,9247.115171057278
2026-09-01 12:27:02,7450.0,7459.5,Call VEX 4,VEX,1833605.571,7578.907009660466,9247.115171057278
2026-09-01 12:27:02,7500.0,7509.5,Call DEX 5,DEX,130.961,7578.907009660466,9247.115171057278
2026-09-01 12:27:02,7500.0,7509.5,Put GEX 2,GEX,-580075.703,7578.907009660466,9247.115171057278
2026-09-01 12:27:02,7500.0,7509.5,Call VEX 2,VEX,2843617.5,7578.907009660466,9247.115171057278
2026-09-01 12:27:02,7550.0,7559.5,Put GEX 5,GEX,-370753.376,7578.907009660466,9247.115171057278
2026-09-01 12:27:02,7600.0,7609.75,Call CEX 5,CEX,1622498.93,7578.907009660466,9247.115171057278
2026-09-01 12:27:02,7610.0,7619.75,Call CEX 4,CEX,1757550.667,7578.907009660466,9247.115171057278
2026-09-01 12:27:02,7615.0,7624.75,Call CEX 3,CEX,2048565.228,7578.907009660466,9247.115171057278
2026-09-01 12:27:02,7620.0,7629.75,Call CEX 2,CEX,2160196.186,7578.907009660466,9247.115171057278
2026-09-01 12:27:02,7625.0,7634.75,Call CEX 1,CEX,2776894.779,7578.907009660466,9247.115171057278
2026-09-01 12:27:02,7625.0,7634.75,Put GEX 3,GEX,-533309.424,7578.907009660466,9247.115171057278
2026-09-01 12:27:02,7640.0,7649.75,Put CEX 5,CEX,-2478957.158,7578.907009660466,9247.115171057278
2026-09-01 12:27:02,7650.0,7659.75,Put CEX 1,CEX,-3834818.757,7578.907009660466,9247.115171057278
2026-09-01 12:27:02,7650.0,7659.75,Put DEX 4,DEX,-72.639,7578.907009660466,9247.115171057278
2026-09-01 12:27:02,7675.0,7684.75,Put CEX 3,CEX,-2867703.968,7578.907009660466,9247.115171057278
2026-09-01 12:27:02,7700.0,7709.75,Put CEX 4,CEX,-2483331.689,7578.907009660466,9247.115171057278
2026-09-01 12:27:02,7700.0,7709.75,Put DEX 2,DEX,-196.288,7578.907009660466,9247.115171057278
2026-09-01 12:27:02,7700.0,7709.75,Put VEX 5,VEX,-956613.868,7578.907009660466,9247.115171057278
2026-09-01 12:27:02,7750.0,7759.75,Put DEX 3,DEX,-92.111,7578.907009660466,9247.115171057278
2026-09-01 12:27:02,7750.0,7759.75,Call GEX 3,GEX,269214.613,7578.907009660466,9247.115171057278
2026-09-01 12:27:02,7750.0,7759.75,Put VEX 3,VEX,-1084929.036,7578.907009660466,9247.115171057278
2026-09-01 12:27:02,7800.0,7810.0,Put DEX 5,DEX,-70.787,7578.907009660466,9247.115171057278
2026-09-01 12:27:02,7800.0,7810.0,Call GEX 1,GEX,499331.213,7578.907009660466,9247.115171057278
2026-09-01 12:27:02,7800.0,7810.0,Put VEX 2,VEX,-1693606.272,7578.907009660466,9247.115171057278
2026-09-01 12:27:02,7850.0,7860.0,Call GEX 4,GEX,265307.971,7578.907009660466,9247.115171057278
2026-09-01 12:27:02,7900.0,7910.0,Call GEX 2,GEX,363128.884,7578.907009660466,9247.115171057278
2026-09-01 12:27:02,7900.0,7910.0,Put VEX 4,VEX,-963906.119,7578.907009660466,9247.115171057278
2026-09-01 12:27:02,7950.0,7960.0,Call GEX 5,GEX,157876.565,7578.907009660466,9247.115171057278
2026-09-01 12:27:02,8000.0,8010.25,Put CEX 2,CEX,-3094240.593,7578.907009660466,9247.115171057278
2026-09-01 12:27:02,8000.0,8010.25,Put DEX 1,DEX,-2550.28,7578.907009660466,9247.115171057278
2026-09-01 12:27:02,8000.0,8010.25,Put GEX 4,GEX,-431510.065,7578.907009660466,9247.115171057278
2026-09-01 12:27:02,8000.0,8010.25,Put VEX 1,VEX,-10148038.369,7578.907009660466,9247.115171057278
2026-09-01 12:27:49,7000.0,7009.5,Call DEX 1,DEX,865.756,7578.8360645745315,9247.324893705443
2026-09-01 12:27:49,7000.0,7009.5,Put GEX 1,GEX,-712742.134,7578.8360645745315,9247.324893705443
2026-09-01 12:27:49,7000.0,7009.5,Call VEX 1,VEX,6870176.63,7578.8360645745315,9247.324893705443
2026-09-01 12:27:49,7300.0,7310.0,Call DEX 2,DEX,254.411,7578.8360645745315,9247.324893705443
2026-09-01 12:27:49,7300.0,7310.0,Call VEX 5,VEX,1639438.509,7578.8360645745315,9247.324893705443
2026-09-01 12:27:49,7400.0,7410.0,Call DEX 3,DEX,195.511,7578.8360645745315,9247.324893705443
2026-09-01 12:27:49,7400.0,7410.0,Call VEX 3,VEX,2099197.275,7578.8360645745315,9247.324893705443
2026-09-01 12:27:49,7450.0,7460.25,Call DEX 4,DEX,191.626,7578.8360645745315,9247.324893705443
2026-09-01 12:27:49,7450.0,7460.25,Call VEX 4,VEX,1831615.978,7578.8360645745315,9247.324893705443
2026-09-01 12:27:49,7500.0,7510.25,Call DEX 5,DEX,132.389,7578.8360645745315,9247.324893705443
2026-09-01 12:27:49,7500.0,7510.25,Put GEX 2,GEX,-581516.251,7578.8360645745315,9247.324893705443
2026-09-01 12:27:49,7500.0,7510.25,Call VEX 2,VEX,2838359.3,7578.8360645745315,9247.324893705443
2026-09-01 12:27:49,7550.0,7560.25,Put GEX 5,GEX,-372869.283,7578.8360645745315,9247.324893705443
2026-09-01 12:27:49,7600.0,7610.25,Call CEX 5,CEX,1636901.967,7578.8360645745315,9247.324893705443
2026-09-01 12:27:49,7610.0,7620.25,Call CEX 4,CEX,1906261.141,7578.8360645745315,9247.324893705443
2026-09-01 12:27:49,7615.0,7625.25,Call CEX 3,CEX,2147601.969,7578.8360645745315,9247.324893705443
2026-09-01 12:27:49,7620.0,7630.25,Call CEX 2,CEX,2162570.08,7578.8360645745315,9247.324893705443
2026-09-01 12:27:49,7625.0,7635.25,Call CEX 1,CEX,2582121.661,7578.8360645745315,9247.324893705443
2026-09-01 12:27:49,7625.0,7635.25,Put GEX 3,GEX,-549224.328,7578.8360645745315,9247.324893705443
2026-09-01 12:27:49,7640.0,7650.5,Put CEX 4,CEX,-2507361.05,7578.8360645745315,9247.324893705443
2026-09-01 12:27:49,7650.0,7660.5,Put CEX 1,CEX,-3771375.299,7578.8360645745315,9247.324893705443
2026-09-01 12:27:49,7650.0,7660.5,Put DEX 4,DEX,-73.365,7578.8360645745315,9247.324893705443
2026-09-01 12:27:49,7675.0,7685.5,Put CEX 3,CEX,-2584712.249,7578.8360645745315,9247.324893705443
2026-09-01 12:27:49,7700.0,7710.5,Put CEX 5,CEX,-2370594.092,7578.8360645745315,9247.324893705443
2026-09-01 12:27:49,7700.0,7710.5,Put DEX 2,DEX,-197.346,7578.8360645745315,9247.324893705443
2026-09-01 12:27:49,7700.0,7710.5,Put VEX 5,VEX,-961124.415,7578.8360645745315,9247.324893705443
2026-09-01 12:27:49,7750.0,7760.5,Put DEX 3,DEX,-92.606,7578.8360645745315,9247.324893705443
2026-09-01 12:27:49,7750.0,7760.5,Call GEX 3,GEX,269071.798,7578.8360645745315,9247.324893705443
2026-09-01 12:27:49,7750.0,7760.5,Put VEX 3,VEX,-1086845.705,7578.8360645745315,9247.324893705443
2026-09-01 12:27:49,7800.0,7810.5,Put DEX 5,DEX,-71.418,7578.8360645745315,9247.324893705443
2026-09-01 12:27:49,7800.0,7810.5,Call GEX 1,GEX,498763.19,7578.8360645745315,9247.324893705443
2026-09-01 12:27:49,7800.0,7810.5,Put VEX 2,VEX,-1696301.042,7578.8360645745315,9247.324893705443
2026-09-01 12:27:49,7850.0,7860.75,Call GEX 4,GEX,264820.946,7578.8360645745315,9247.324893705443
2026-09-01 12:27:49,7900.0,7910.75,Call GEX 2,GEX,362030.046,7578.8360645745315,9247.324893705443
2026-09-01 12:27:49,7900.0,7910.75,Put VEX 4,VEX,-962389.232,7578.8360645745315,9247.324893705443
2026-09-01 12:27:49,7950.0,7960.75,Call GEX 5,GEX,157714.229,7578.8360645745315,9247.324893705443
2026-09-01 12:27:49,8000.0,8011.0,Put CEX 2,CEX,-3084697.391,7578.8360645745315,9247.324893705443
2026-09-01 12:27:49,8000.0,8011.0,Put DEX 1,DEX,-2552.717,7578.8360645745315,9247.324893705443
2026-09-01 12:27:49,8000.0,8011.0,Put GEX 4,GEX,-428820.511,7578.8360645745315,9247.324893705443
2026-09-01 12:27:49,8000.0,8011.0,Put VEX 1,VEX,-10136909.438,7578.8360645745315,9247.324893705443
2026-09-01 12:28:35,7000.0,7009.25,Call DEX 1,DEX,861.321,7578.827663791542,9246.595551520651
2026-09-01 12:28:35,7000.0,7009.25,Put GEX 1,GEX,-716913.345,7578.827663791542,9246.595551520651
2026-09-01 12:28:35,7000.0,7009.25,Call VEX 1,VEX,6841783.703,7578.827663791542,9246.595551520651
2026-09-01 12:28:35,7300.0,7309.75,Call DEX 2,DEX,254.63,7578.827663791542,9246.595551520651
2026-09-01 12:28:35,7300.0,7309.75,Call VEX 5,VEX,1632378.352,7578.827663791542,9246.595551520651
2026-09-01 12:28:35,7400.0,7409.75,Call DEX 3,DEX,195.897,7578.827663791542,9246.595551520651
2026-09-01 12:28:35,7400.0,7409.75,Call VEX 3,VEX,2098438.814,7578.827663791542,9246.595551520651
2026-09-01 12:28:35,7450.0,7460.0,Call DEX 4,DEX,191.918,7578.827663791542,9246.595551520651
2026-09-01 12:28:35,7450.0,7460.0,Call VEX 4,VEX,1832094.572,7578.827663791542,9246.595551520651
2026-09-01 12:28:35,7500.0,7510.0,Call DEX 5,DEX,129.197,7578.827663791542,9246.595551520651
2026-09-01 12:28:35,7500.0,7510.0,Put GEX 2,GEX,-581902.543,7578.827663791542,9246.595551520651
2026-09-01 12:28:35,7500.0,7510.0,Call VEX 2,VEX,2836805.533,7578.827663791542,9246.595551520651
2026-09-01 12:28:35,7550.0,7560.0,Put GEX 5,GEX,-372561.6,7578.827663791542,9246.595551520651
2026-09-01 12:28:35,7600.0,7610.0,Call CEX 5,CEX,1647551.066,7578.827663791542,9246.595551520651
2026-09-01 12:28:35,7610.0,7620.25,Call CEX 4,CEX,1795642.481,7578.827663791542,9246.595551520651
2026-09-01 12:28:35,7615.0,7625.25,Call CEX 3,CEX,2104180.165,7578.827663791542,9246.595551520651
2026-09-01 12:28:35,7620.0,7630.25,Call CEX 2,CEX,2172782.838,7578.827663791542,9246.595551520651
2026-09-01 12:28:35,7625.0,7635.25,Call CEX 1,CEX,2594428.93,7578.827663791542,9246.595551520651
2026-09-01 12:28:35,7625.0,7635.25,Put GEX 3,GEX,-535673.274,7578.827663791542,9246.595551520651
2026-09-01 12:28:35,7640.0,7650.25,Put CEX 5,CEX,-2518302.687,7578.827663791542,9246.595551520651
2026-09-01 12:28:35,7650.0,7660.25,Put CEX 1,CEX,-3912114.598,7578.827663791542,9246.595551520651
2026-09-01 12:28:35,7650.0,7660.25,Put DEX 4,DEX,-73.183,7578.827663791542,9246.595551520651
2026-09-01 12:28:35,7675.0,7685.25,Put CEX 3,CEX,-2706725.296,7578.827663791542,9246.595551520651
2026-09-01 12:28:35,7700.0,7710.25,Put CEX 4,CEX,-2540595.951,7578.827663791542,9246.595551520651
2026-09-01 12:28:35,7700.0,7710.25,Put DEX 2,DEX,-197.246,7578.827663791542,9246.595551520651
2026-09-01 12:28:35,7700.0,7710.25,Put VEX 4,VEX,-963400.867,7578.827663791542,9246.595551520651
2026-09-01 12:28:35,7750.0,7760.25,Put DEX 3,DEX,-92.348,7578.827663791542,9246.595551520651
2026-09-01 12:28:35,7750.0,7760.25,Call GEX 3,GEX,269766.91,7578.827663791542,9246.595551520651
2026-09-01 12:28:35,7750.0,7760.25,Put VEX 3,VEX,-1086134.848,7578.827663791542,9246.595551520651
2026-09-01 12:28:35,7800.0,7810.5,Put DEX 5,DEX,-70.942,7578.827663791542,9246.595551520651
2026-09-01 12:28:35,7800.0,7810.5,Call GEX 1,GEX,499522.659,7578.827663791542,9246.595551520651
2026-09-01 12:28:35,7800.0,7810.5,Put VEX 2,VEX,-1695182.854,7578.827663791542,9246.595551520651
2026-09-01 12:28:35,7850.0,7860.5,Call GEX 4,GEX,264823.711,7578.827663791542,9246.595551520651
2026-09-01 12:28:35,7900.0,7910.5,Call GEX 2,GEX,361928.589,7578.827663791542,9246.595551520651
2026-09-01 12:28:35,7900.0,7910.5,Put VEX 5,VEX,-962544.977,7578.827663791542,9246.595551520651
2026-09-01 12:28:35,7950.0,7960.5,Call GEX 5,GEX,157677.7,7578.827663791542,9246.595551520651
2026-09-01 12:28:35,8000.0,8010.75,Put CEX 2,CEX,-3088239.407,7578.827663791542,9246.595551520651
2026-09-01 12:28:35,8000.0,8010.75,Put DEX 1,DEX,-2551.752,7578.827663791542,9246.595551520651
2026-09-01 12:28:35,8000.0,8010.75,Put GEX 4,GEX,-429166.003,7578.827663791542,9246.595551520651
2026-09-01 12:28:35,8000.0,8010.75,Put VEX 1,VEX,-10138532.853,7578.827663791542,9246.595551520651
2026-09-01 12:29:23,7000.0,7009.25,Call DEX 1,DEX,866.096,7576.422040143211,9243.212126550452
2026-09-01 12:29:23,7000.0,7009.25,Put GEX 1,GEX,-724472.284,7576.422040143211,9243.212126550452
2026-09-01 12:29:23,7000.0,7009.25,Call VEX 1,VEX,6755463.688,7576.422040143211,9243.212126550452
2026-09-01 12:29:23,7300.0,7309.75,Call DEX 2,DEX,255.506,7576.422040143211,9243.212126550452
2026-09-01 12:29:23,7300.0,7309.75,Call VEX 5,VEX,1630636.229,7576.422040143211,9243.212126550452
2026-09-01 12:29:23,7400.0,7410.0,Call DEX 3,DEX,197.161,7576.422040143211,9243.212126550452
2026-09-01 12:29:23,7400.0,7410.0,Call VEX 3,VEX,2099897.628,7576.422040143211,9243.212126550452
2026-09-01 12:29:23,7450.0,7460.0,Call DEX 4,DEX,193.586,7576.422040143211,9243.212126550452
2026-09-01 12:29:23,7450.0,7460.0,Call VEX 4,VEX,1834994.44,7576.422040143211,9243.212126550452
2026-09-01 12:29:23,7500.0,7510.0,Call DEX 5,DEX,133.394,7576.422040143211,9243.212126550452
2026-09-01 12:29:23,7500.0,7510.0,Put GEX 2,GEX,-578166.265,7576.422040143211,9243.212126550452
2026-09-01 12:29:23,7500.0,7510.0,Call VEX 2,VEX,2853405.219,7576.422040143211,9243.212126550452
2026-09-01 12:29:23,7550.0,7560.0,Put GEX 5,GEX,-368677.908,7576.422040143211,9243.212126550452
2026-09-01 12:29:23,7600.0,7610.25,Call CEX 5,CEX,1644598.601,7576.422040143211,9243.212126550452
2026-09-01 12:29:23,7610.0,7620.25,Call CEX 4,CEX,1775056.001,7576.422040143211,9243.212126550452
2026-09-01 12:29:23,7615.0,7625.25,Call CEX 3,CEX,2073066.265,7576.422040143211,9243.212126550452
2026-09-01 12:29:23,7620.0,7630.25,Call CEX 2,CEX,2231177.625,7576.422040143211,9243.212126550452
2026-09-01 12:29:23,7625.0,7635.25,Call CEX 1,CEX,3225049.231,7576.422040143211,9243.212126550452
2026-09-01 12:29:23,7625.0,7635.25,Put GEX 3,GEX,-531916.525,7576.422040143211,9243.212126550452
2026-09-01 12:29:23,7640.0,7650.25,Put CEX 3,CEX,-2530429.15,7576.422040143211,9243.212126550452
2026-09-01 12:29:23,7650.0,7660.25,Put CEX 1,CEX,-3767645.78,7576.422040143211,9243.212126550452
2026-09-01 12:29:23,7650.0,7660.25,Put DEX 4,DEX,-71.858,7576.422040143211,9243.212126550452
2026-09-01 12:29:23,7675.0,7685.25,Put CEX 4,CEX,-2487808.153,7576.422040143211,9243.212126550452
2026-09-01 12:29:23,7700.0,7710.25,Put CEX 5,CEX,-2148927.898,7576.422040143211,9243.212126550452
2026-09-01 12:29:23,7700.0,7710.25,Put DEX 2,DEX,-194.633,7576.422040143211,9243.212126550452
2026-09-01 12:29:23,7700.0,7710.25,Put VEX 5,VEX,-938494.48,7576.422040143211,9243.212126550452
2026-09-01 12:29:23,7750.0,7760.25,Put DEX 3,DEX,-90.592,7576.422040143211,9243.212126550452
2026-09-01 12:29:23,7750.0,7760.25,Call GEX 3,GEX,269973.596,7576.422040143211,9243.212126550452
2026-09-01 12:29:23,7750.0,7760.25,Put VEX 3,VEX,-1080722.776,7576.422040143211,9243.212126550452
2026-09-01 12:29:23,7800.0,7810.5,Put DEX 5,DEX,-69.68,7576.422040143211,9243.212126550452
2026-09-01 12:29:23,7800.0,7810.5,Call GEX 1,GEX,501662.017,7576.422040143211,9243.212126550452
2026-09-01 12:29:23,7800.0,7810.5,Put VEX 2,VEX,-1692905.456,7576.422040143211,9243.212126550452
2026-09-01 12:29:23,7850.0,7860.5,Call GEX 4,GEX,266566.781,7576.422040143211,9243.212126550452
2026-09-01 12:29:23,7900.0,7910.5,Call GEX 2,GEX,363472.621,7576.422040143211,9243.212126550452
2026-09-01 12:29:23,7900.0,7910.5,Put VEX 4,VEX,-963232.05,7576.422040143211,9243.212126550452
2026-09-01 12:29:23,7950.0,7960.75,Call GEX 5,GEX,158611.936,7576.422040143211,9243.212126550452
2026-09-01 12:29:23,8000.0,8010.75,Put CEX 2,CEX,-3106964.614,7576.422040143211,9243.212126550452
2026-09-01 12:29:23,8000.0,8010.75,Put DEX 1,DEX,-2550.499,7576.422040143211,9243.212126550452
2026-09-01 12:29:23,8000.0,8010.75,Put GEX 4,GEX,-427828.848,7576.422040143211,9243.212126550452
2026-09-01 12:29:23,8000.0,8010.75,Put VEX 1,VEX,-10139816.087,7576.422040143211,9243.212126550452
2026-09-01 12:30:10,7000.0,7009.75,Call DEX 1,DEX,865.166,7562.844986149058,9245.86157111439
2026-09-01 12:30:10,7000.0,7009.75,Put GEX 1,GEX,-720202.584,7562.844986149058,9245.86157111439
2026-09-01 12:30:10,7000.0,7009.75,Call VEX 1,VEX,6782032.4,7562.844986149058,9245.86157111439
2026-09-01 12:30:10,7300.0,7310.25,Call DEX 2,DEX,255.493,7562.844986149058,9245.86157111439
2026-09-01 12:30:10,7300.0,7310.25,Call VEX 5,VEX,1631893.657,7562.844986149058,9245.86157111439
2026-09-01 12:30:10,7400.0,7410.5,Call DEX 3,DEX,197.325,7562.844986149058,9245.86157111439
2026-09-01 12:30:10,7400.0,7410.5,Call VEX 3,VEX,2100627.465,7562.844986149058,9245.86157111439
2026-09-01 12:30:10,7450.0,7460.5,Call DEX 4,DEX,193.956,7562.844986149058,9245.86157111439
2026-09-01 12:30:10,7450.0,7460.5,Call VEX 4,VEX,1835257.012,7562.844986149058,9245.86157111439
2026-09-01 12:30:10,7500.0,7510.5,Call DEX 5,DEX,136.679,7562.844986149058,9245.86157111439
2026-09-01 12:30:10,7500.0,7510.5,Put GEX 2,GEX,-576679.747,7562.844986149058,9245.86157111439
2026-09-01 12:30:10,7500.0,7510.5,Call VEX 2,VEX,2856058.458,7562.844986149058,9245.86157111439
2026-09-01 12:30:10,7550.0,7560.5,Put GEX 5,GEX,-369241.389,7562.844986149058,9245.86157111439
2026-09-01 12:30:10,7600.0,7610.75,Call CEX 4,CEX,1722858.944,7562.844986149058,9245.86157111439
2026-09-01 12:30:10,7610.0,7620.75,Call CEX 5,CEX,1673847.06,7562.844986149058,9245.86157111439
2026-09-01 12:30:10,7615.0,7625.75,Call CEX 3,CEX,2045976.166,7562.844986149058,9245.86157111439
2026-09-01 12:30:10,7620.0,7630.75,Call CEX 2,CEX,2255593.354,7562.844986149058,9245.86157111439
2026-09-01 12:30:10,7625.0,7635.75,Call CEX 1,CEX,3372086.309,7562.844986149058,9245.86157111439
2026-09-01 12:30:10,7625.0,7635.75,Put GEX 3,GEX,-543566.69,7562.844986149058,9245.86157111439
2026-09-01 12:30:10,7640.0,7650.75,Put CEX 3,CEX,-2564559.009,7562.844986149058,9245.86157111439
2026-09-01 12:30:10,7645.0,7655.75,Put CEX 4,CEX,-1910869.976,7562.844986149058,9245.86157111439
2026-09-01 12:30:10,7650.0,7660.75,Put CEX 1,CEX,-3288703.202,7562.844986149058,9245.86157111439
2026-09-01 12:30:10,7650.0,7660.75,Put DEX 4,DEX,-72.125,7562.844986149058,9245.86157111439
2026-09-01 12:30:10,7675.0,7685.75,Put CEX 5,CEX,-1752726.619,7562.844986149058,9245.86157111439
2026-09-01 12:30:10,7700.0,7710.75,Put DEX 2,DEX,-194.344,7562.844986149058,9245.86157111439
2026-09-01 12:30:10,7700.0,7710.75,Put VEX 5,VEX,-928389.149,7562.844986149058,9245.86157111439
2026-09-01 12:30:10,7750.0,7760.75,Put DEX 3,DEX,-90.671,7562.844986149058,9245.86157111439
2026-09-01 12:30:10,7750.0,7760.75,Call GEX 3,GEX,274446.382,7562.844986149058,9245.86157111439
2026-09-01 12:30:10,7750.0,7760.75,Put VEX 3,VEX,-1075256.19,7562.844986149058,9245.86157111439
2026-09-01 12:30:10,7800.0,7811.0,Put DEX 5,DEX,-69.569,7562.844986149058,9245.86157111439
2026-09-01 12:30:10,7800.0,7811.0,Call GEX 1,GEX,503518.356,7562.844986149058,9245.86157111439
2026-09-01 12:30:10,7800.0,7811.0,Put VEX 2,VEX,-1690161.193,7562.844986149058,9245.86157111439
2026-09-01 12:30:10,7850.0,7861.0,Call GEX 4,GEX,267073.728,7562.844986149058,9245.86157111439
2026-09-01 12:30:10,7900.0,7911.0,Call GEX 2,GEX,364262.345,7562.844986149058,9245.86157111439
2026-09-01 12:30:10,7900.0,7911.0,Put VEX 4,VEX,-963932.232,7562.844986149058,9245.86157111439
2026-09-01 12:30:10,7950.0,7961.25,Call GEX 5,GEX,158769.893,7562.844986149058,9245.86157111439
2026-09-01 12:30:10,8000.0,8011.25,Put CEX 2,CEX,-3096935.762,7562.844986149058,9245.86157111439
2026-09-01 12:30:10,8000.0,8011.25,Put DEX 1,DEX,-2550.366,7562.844986149058,9245.86157111439
2026-09-01 12:30:10,8000.0,8011.25,Put GEX 4,GEX,-426950.276,7562.844986149058,9245.86157111439
2026-09-01 12:30:10,8000.0,8011.25,Put VEX 1,VEX,-10136362.275,7562.844986149058,9245.86157111439
2026-09-01 12:30:56,7000.0,7009.25,Call DEX 1,DEX,857.687,7578.885064785785,9251.139272094391
2026-09-01 12:30:56,7000.0,7009.25,Put GEX 1,GEX,-714701.476,7578.885064785785,9251.139272094391
2026-09-01 12:30:56,7000.0,7009.25,Call VEX 1,VEX,6894046.931,7578.885064785785,9251.139272094391
2026-09-01 12:30:56,7300.0,7309.75,Call DEX 2,DEX,253.359,7578.885064785785,9251.139272094391
2026-09-01 12:30:56,7300.0,7309.75,Call VEX 5,VEX,1643579.309,7578.885064785785,9251.139272094391
2026-09-01 12:30:56,7400.0,7409.75,Call DEX 3,DEX,193.761,7578.885064785785,9251.139272094391
2026-09-01 12:30:56,7400.0,7409.75,Call VEX 3,VEX,2096525.629,7578.885064785785,9251.139272094391
2026-09-01 12:30:56,7450.0,7460.0,Call DEX 4,DEX,189.887,7578.885064785785,9251.139272094391
2026-09-01 12:30:56,7450.0,7460.0,Call VEX 4,VEX,1827155.235,7578.885064785785,9251.139272094391
2026-09-01 12:30:56,7500.0,7510.0,Call DEX 5,DEX,128.675,7578.885064785785,9251.139272094391
2026-09-01 12:30:56,7500.0,7510.0,Put GEX 3,GEX,-585186.273,7578.885064785785,9251.139272094391
2026-09-01 12:30:56,7500.0,7510.0,Call VEX 2,VEX,2822199.554,7578.885064785785,9251.139272094391
2026-09-01 12:30:56,7550.0,7560.0,Put GEX 5,GEX,-377092.137,7578.885064785785,9251.139272094391
2026-09-01 12:30:56,7600.0,7610.0,Call CEX 5,CEX,1699055.466,7578.885064785785,9251.139272094391
2026-09-01 12:30:56,7610.0,7620.0,Call CEX 3,CEX,2055846.277,7578.885064785785,9251.139272094391
2026-09-01 12:30:56,7615.0,7625.0,Call CEX 1,CEX,2343115.2,7578.885064785785,9251.139272094391
2026-09-01 12:30:56,7620.0,7630.0,Call CEX 2,CEX,2111163.931,7578.885064785785,9251.139272094391
2026-09-01 12:30:56,7625.0,7635.0,Call CEX 4,CEX,1766485.606,7578.885064785785,9251.139272094391
2026-09-01 12:30:56,7625.0,7635.0,Put GEX 2,GEX,-593093.091,7578.885064785785,9251.139272094391
2026-09-01 12:30:56,7640.0,7650.25,Put CEX 3,CEX,-2510996.096,7578.885064785785,9251.139272094391
2026-09-01 12:30:56,7650.0,7660.25,Put CEX 1,CEX,-3398620.646,7578.885064785785,9251.139272094391
2026-09-01 12:30:56,7650.0,7660.25,Put DEX 4,DEX,-76.059,7578.885064785785,9251.139272094391
2026-09-01 12:30:56,7675.0,7685.25,Put CEX 4,CEX,-2205686.679,7578.885064785785,9251.139272094391
2026-09-01 12:30:56,7700.0,7710.25,Put CEX 5,CEX,-2131603.353,7578.885064785785,9251.139272094391
2026-09-01 12:30:56,7700.0,7710.25,Put DEX 2,DEX,-201.396,7578.885064785785,9251.139272094391
2026-09-01 12:30:56,7700.0,7710.25,Put VEX 4,VEX,-982472.569,7578.885064785785,9251.139272094391
2026-09-01 12:30:56,7750.0,7760.25,Put DEX 3,DEX,-94.571,7578.885064785785,9251.139272094391
2026-09-01 12:30:56,7750.0,7760.25,Call GEX 3,GEX,268791.106,7578.885064785785,9251.139272094391
2026-09-01 12:30:56,7750.0,7760.25,Put VEX 3,VEX,-1093449.071,7578.885064785785,9251.139272094391
2026-09-01 12:30:56,7800.0,7810.25,Put DEX 5,DEX,-73.23,7578.885064785785,9251.139272094391
2026-09-01 12:30:56,7800.0,7810.25,Call GEX 1,GEX,494216.75,7578.885064785785,9251.139272094391
2026-09-01 12:30:56,7800.0,7810.25,Put VEX 2,VEX,-1701362.948,7578.885064785785,9251.139272094391
2026-09-01 12:30:56,7850.0,7860.5,Call GEX 4,GEX,262969.466,7578.885064785785,9251.139272094391
2026-09-01 12:30:56,7900.0,7910.5,Call GEX 2,GEX,359251.517,7578.885064785785,9251.139272094391
2026-09-01 12:30:56,7900.0,7910.5,Put VEX 5,VEX,-961526.077,7578.885064785785,9251.139272094391
2026-09-01 12:30:56,7950.0,7960.5,Call GEX 5,GEX,156464.462,7578.885064785785,9251.139272094391
2026-09-01 12:30:56,8000.0,8010.5,Put CEX 2,CEX,-3077328.119,7578.885064785785,9251.139272094391
2026-09-01 12:30:56,8000.0,8010.5,Put DEX 1,DEX,-2557.153,7578.885064785785,9251.139272094391
2026-09-01 12:30:56,8000.0,8010.5,Put GEX 4,GEX,-425797.494,7578.885064785785,9251.139272094391
2026-09-01 12:30:56,8000.0,8010.5,Put VEX 1,VEX,-10114502.31,7578.885064785785,9251.139272094391
2026-09-01 12:31:46,7000.0,7009.25,Call DEX 1,DEX,863.088,7590.265028216903,9252.381598978893
2026-09-01 12:31:46,7000.0,7009.25,Put GEX 1,GEX,-717638.012,7590.265028216903,9252.381598978893
2026-09-01 12:31:46,7000.0,7009.25,Call VEX 1,VEX,6885895.594,7590.265028216903,9252.381598978893
2026-09-01 12:31:46,7200.0,7209.5,Call DEX 5,DEX,123.211,7590.265028216903,9252.381598978893
2026-09-01 12:31:46,7300.0,7309.75,Call DEX 2,DEX,252.968,7590.265028216903,9252.381598978893
2026-09-01 12:31:46,7300.0,7309.75,Call VEX 5,VEX,1642528.9,7590.265028216903,9252.381598978893
2026-09-01 12:31:46,7400.0,7409.75,Call DEX 3,DEX,192.74,7590.265028216903,9252.381598978893
2026-09-01 12:31:46,7400.0,7409.75,Call VEX 3,VEX,2094682.153,7590.265028216903,9252.381598978893
2026-09-01 12:31:46,7450.0,7460.0,Call DEX 4,DEX,189.15,7590.265028216903,9252.381598978893
2026-09-01 12:31:46,7450.0,7460.0,Call VEX 4,VEX,1824257.516,7590.265028216903,9252.381598978893
2026-09-01 12:31:46,7500.0,7510.0,Put GEX 2,GEX,-586042.804,7590.265028216903,9252.381598978893
2026-09-01 12:31:46,7500.0,7510.0,Call VEX 2,VEX,2809802.849,7590.265028216903,9252.381598978893
2026-09-01 12:31:46,7550.0,7560.0,Put GEX 5,GEX,-376985.472,7590.265028216903,9252.381598978893
2026-09-01 12:31:46,7600.0,7610.0,Call CEX 3,CEX,2150333.103,7590.265028216903,9252.381598978893
2026-09-01 12:31:46,7605.0,7615.25,Call CEX 5,CEX,1529731.431,7590.265028216903,9252.381598978893
2026-09-01 12:31:46,7610.0,7620.25,Call CEX 2,CEX,2236850.583,7590.265028216903,9252.381598978893
2026-09-01 12:31:46,7615.0,7625.25,Call CEX 1,CEX,2407267.318,7590.265028216903,9252.381598978893
2026-09-01 12:31:46,7620.0,7630.25,Call CEX 4,CEX,1964437.712,7590.265028216903,9252.381598978893
2026-09-01 12:31:46,7625.0,7635.25,Put GEX 3,GEX,-551086.944,7590.265028216903,9252.381598978893
2026-09-01 12:31:46,7640.0,7650.25,Put CEX 4,CEX,-2569044.566,7590.265028216903,9252.381598978893
2026-09-01 12:31:46,7650.0,7660.25,Put CEX 1,CEX,-3890155.977,7590.265028216903,9252.381598978893
2026-09-01 12:31:46,7650.0,7660.25,Put DEX 4,DEX,-76.511,7590.265028216903,9252.381598978893
2026-09-01 12:31:46,7675.0,7685.25,Put CEX 3,CEX,-2927051.47,7590.265028216903,9252.381598978893
2026-09-01 12:31:46,7700.0,7710.25,Put CEX 5,CEX,-2568307.129,7590.265028216903,9252.381598978893
2026-09-01 12:31:46,7700.0,7710.25,Put DEX 2,DEX,-202.95,7590.265028216903,9252.381598978893
2026-09-01 12:31:46,7700.0,7710.25,Put VEX 4,VEX,-1000190.974,7590.265028216903,9252.381598978893
2026-09-01 12:31:46,7750.0,7760.25,Put DEX 3,DEX,-95.488,7590.265028216903,9252.381598978893
2026-09-01 12:31:46,7750.0,7760.25,Call GEX 3,GEX,263894.725,7590.265028216903,9252.381598978893
2026-09-01 12:31:46,7750.0,7760.25,Put VEX 3,VEX,-1101680.255,7590.265028216903,9252.381598978893
2026-09-01 12:31:46,7800.0,7810.5,Put DEX 5,DEX,-74.386,7590.265028216903,9252.381598978893
2026-09-01 12:31:46,7800.0,7810.5,Call GEX 1,GEX,492108.934,7590.265028216903,9252.381598978893
2026-09-01 12:31:46,7800.0,7810.5,Put VEX 2,VEX,-1702826.956,7590.265028216903,9252.381598978893
2026-09-01 12:31:46,7850.0,7860.5,Call GEX 4,GEX,261929.336,7590.265028216903,9252.381598978893
2026-09-01 12:31:46,7900.0,7910.5,Call GEX 2,GEX,358142.976,7590.265028216903,9252.381598978893
2026-09-01 12:31:46,7900.0,7910.5,Put VEX 5,VEX,-961164.23,7590.265028216903,9252.381598978893
2026-09-01 12:31:46,7950.0,7960.5,Call GEX 5,GEX,155549.369,7590.265028216903,9252.381598978893
2026-09-01 12:31:46,8000.0,8010.75,Put CEX 2,CEX,-3089934.589,7590.265028216903,9252.381598978893
2026-09-01 12:31:46,8000.0,8010.75,Put DEX 1,DEX,-2551.279,7590.265028216903,9252.381598978893
2026-09-01 12:31:46,8000.0,8010.75,Put GEX 4,GEX,-436109.927,7590.265028216903,9252.381598978893
2026-09-01 12:31:46,8000.0,8010.75,Put VEX 1,VEX,-10148044.901,7590.265028216903,9252.381598978893
2026-09-01 12:32:33,7000.0,7009.75,Call DEX 1,DEX,888.945,7594.300787848935,9255.110854371933
2026-09-01 12:32:33,7000.0,7009.75,Put GEX 1,GEX,-699585.024,7594.300787848935,9255.110854371933
2026-09-01 12:32:33,7000.0,7009.75,Call VEX 1,VEX,7046112.125,7594.300787848935,9255.110854371933
2026-09-01 12:32:33,7300.0,7310.0,Call DEX 2,DEX,250.046,7594.300787848935,9255.110854371933
2026-09-01 12:32:33,7300.0,7310.0,Call VEX 5,VEX,1661451.73,7594.300787848935,9255.110854371933
2026-09-01 12:32:33,7400.0,7410.25,Call DEX 3,DEX,190.185,7594.300787848935,9255.110854371933
2026-09-01 12:32:33,7400.0,7410.25,Call VEX 3,VEX,2092683.15,7594.300787848935,9255.110854371933
2026-09-01 12:32:33,7450.0,7460.25,Call DEX 4,DEX,185.68,7594.300787848935,9255.110854371933
2026-09-01 12:32:33,7450.0,7460.25,Call VEX 4,VEX,1816416.467,7594.300787848935,9255.110854371933
2026-09-01 12:32:33,7500.0,7510.25,Call DEX 5,DEX,121.887,7594.300787848935,9255.110854371933
2026-09-01 12:32:33,7500.0,7510.25,Put GEX 3,GEX,-592162.138,7594.300787848935,9255.110854371933
2026-09-01 12:32:33,7500.0,7510.25,Call VEX 2,VEX,2793667.417,7594.300787848935,9255.110854371933
2026-09-01 12:32:33,7550.0,7560.5,Put GEX 5,GEX,-385477.733,7594.300787848935,9255.110854371933
2026-09-01 12:32:33,7600.0,7610.5,Call CEX 2,CEX,2520279.752,7594.300787848935,9255.110854371933
2026-09-01 12:32:33,7605.0,7615.5,Call CEX 4,CEX,1781487.61,7594.300787848935,9255.110854371933
2026-09-01 12:32:33,7610.0,7620.5,Call CEX 1,CEX,2607071.458,7594.300787848935,9255.110854371933
2026-09-01 12:32:33,7615.0,7625.5,Call CEX 3,CEX,2430226.187,7594.300787848935,9255.110854371933
2026-09-01 12:32:33,7620.0,7630.5,Call CEX 5,CEX,1637149.22,7594.300787848935,9255.110854371933
2026-09-01 12:32:33,7625.0,7635.5,Put GEX 2,GEX,-596973.606,7594.300787848935,9255.110854371933
2026-09-01 12:32:33,7640.0,7650.5,Put CEX 4,CEX,-2344802.285,7594.300787848935,9255.110854371933
2026-09-01 12:32:33,7650.0,7660.5,Put CEX 1,CEX,-3296763.777,7594.300787848935,9255.110854371933
2026-09-01 12:32:33,7650.0,7660.5,Put DEX 4,DEX,-79.437,7594.300787848935,9255.110854371933
2026-09-01 12:32:33,7675.0,7685.5,Put CEX 3,CEX,-2416603.464,7594.300787848935,9255.110854371933
2026-09-01 12:32:33,7700.0,7710.75,Put CEX 5,CEX,-2197669.014,7594.300787848935,9255.110854371933
2026-09-01 12:32:33,7700.0,7710.75,Put DEX 2,DEX,-207.435,7594.300787848935,9255.110854371933
2026-09-01 12:32:33,7700.0,7710.75,Put VEX 4,VEX,-1021766.346,7594.300787848935,9255.110854371933
2026-09-01 12:32:33,7750.0,7760.75,Put DEX 3,DEX,-97.761,7594.300787848935,9255.110854371933
2026-09-01 12:32:33,7750.0,7760.75,Call GEX 3,GEX,261393.2,7594.300787848935,9255.110854371933
2026-09-01 12:32:33,7750.0,7760.75,Put VEX 3,VEX,-1106505.471,7594.300787848935,9255.110854371933
2026-09-01 12:32:33,7800.0,7810.75,Put DEX 5,DEX,-76.574,7594.300787848935,9255.110854371933
2026-09-01 12:32:33,7800.0,7810.75,Call GEX 1,GEX,485570.635,7594.300787848935,9255.110854371933
2026-09-01 12:32:33,7800.0,7810.75,Put VEX 2,VEX,-1706636.034,7594.300787848935,9255.110854371933
2026-09-01 12:32:33,7850.0,7860.75,Call GEX 4,GEX,259583.47,7594.300787848935,9255.110854371933
2026-09-01 12:32:33,7900.0,7911.0,Call GEX 2,GEX,355511.395,7594.300787848935,9255.110854371933
2026-09-01 12:32:33,7900.0,7911.0,Put VEX 5,VEX,-959230.217,7594.300787848935,9255.110854371933
2026-09-01 12:32:33,7950.0,7961.0,Call GEX 5,GEX,154355.161,7594.300787848935,9255.110854371933
2026-09-01 12:32:33,8000.0,8011.0,Put CEX 2,CEX,-3028674.186,7594.300787848935,9255.110854371933
2026-09-01 12:32:33,8000.0,8011.0,Put DEX 1,DEX,-2570.908,7594.300787848935,9255.110854371933
2026-09-01 12:32:33,8000.0,8011.0,Put GEX 4,GEX,-413685.527,7594.300787848935,9255.110854371933
2026-09-01 12:32:33,8000.0,8011.0,Put VEX 1,VEX,-10056461.072,7594.300787848935,9255.110854371933
2026-09-01 12:33:22,7000.0,7009.5,Call CEX 5,CEX,1550104.588,7567.292040972553,9248.613461023391
2026-09-01 12:33:22,7000.0,7009.5,Call DEX 1,DEX,889.688,7567.292040972553,9248.613461023391
2026-09-01 12:33:22,7000.0,7009.5,Put GEX 1,GEX,-708417.183,7567.292040972553,9248.613461023391
2026-09-01 12:33:22,7000.0,7009.5,Call VEX 1,VEX,7013955.154,7567.292040972553,9248.613461023391
2026-09-01 12:33:22,7200.0,7209.75,Call DEX 5,DEX,121.989,7567.292040972553,9248.613461023391
2026-09-01 12:33:22,7300.0,7309.75,Call DEX 2,DEX,250.425,7567.292040972553,9248.613461023391
2026-09-01 12:33:22,7300.0,7309.75,Call VEX 5,VEX,1655389.612,7567.292040972553,9248.613461023391
2026-09-01 12:33:22,7400.0,7410.0,Call DEX 4,DEX,189.462,7567.292040972553,9248.613461023391
2026-09-01 12:33:22,7400.0,7410.0,Call VEX 3,VEX,2090570.886,7567.292040972553,9248.613461023391
2026-09-01 12:33:22,7450.0,7460.0,Call DEX 3,DEX,195.902,7567.292040972553,9248.613461023391
2026-09-01 12:33:22,7450.0,7460.0,Call VEX 4,VEX,1818046.038,7567.292040972553,9248.613461023391
2026-09-01 12:33:22,7500.0,7510.25,Put GEX 3,GEX,-591546.754,7567.292040972553,9248.613461023391
2026-09-01 12:33:22,7500.0,7510.25,Call VEX 2,VEX,2783588.183,7567.292040972553,9248.613461023391
2026-09-01 12:33:22,7550.0,7560.25,Put GEX 5,GEX,-384959.905,7567.292040972553,9248.613461023391
2026-09-01 12:33:22,7600.0,7610.25,Call CEX 1,CEX,3292668.136,7567.292040972553,9248.613461023391
2026-09-01 12:33:22,7605.0,7615.25,Call CEX 4,CEX,1881398.939,7567.292040972553,9248.613461023391
2026-09-01 12:33:22,7610.0,7620.25,Call CEX 2,CEX,2692939.554,7567.292040972553,9248.613461023391
2026-09-01 12:33:22,7615.0,7625.25,Call CEX 3,CEX,2410274.053,7567.292040972553,9248.613461023391
2026-09-01 12:33:22,7625.0,7635.25,Put GEX 2,GEX,-622099.276,7567.292040972553,9248.613461023391
2026-09-01 12:33:22,7630.0,7640.25,Put CEX 2,CEX,-2448525.476,7567.292040972553,9248.613461023391
2026-09-01 12:33:22,7635.0,7645.25,Put CEX 3,CEX,-1872608.24,7567.292040972553,9248.613461023391
2026-09-01 12:33:22,7640.0,7650.25,Put CEX 4,CEX,-1715746.74,7567.292040972553,9248.613461023391
2026-09-01 12:33:22,7650.0,7660.25,Put DEX 5,DEX,-60.429,7567.292040972553,9248.613461023391
2026-09-01 12:33:22,7700.0,7710.5,Put CEX 5,CEX,-1348690.98,7567.292040972553,9248.613461023391
2026-09-01 12:33:22,7700.0,7710.5,Put DEX 2,DEX,-196.353,7567.292040972553,9248.613461023391
2026-09-01 12:33:22,7700.0,7710.5,Put VEX 4,VEX,-1023665.017,7567.292040972553,9248.613461023391
2026-09-01 12:33:22,7750.0,7760.5,Put DEX 3,DEX,-92.779,7567.292040972553,9248.613461023391
2026-09-01 12:33:22,7750.0,7760.5,Call GEX 3,GEX,268273.029,7567.292040972553,9248.613461023391
2026-09-01 12:33:22,7750.0,7760.5,Put VEX 3,VEX,-1102497.777,7567.292040972553,9248.613461023391
2026-09-01 12:33:22,7800.0,7810.5,Put DEX 4,DEX,-74.803,7567.292040972553,9248.613461023391
2026-09-01 12:33:22,7800.0,7810.5,Call GEX 1,GEX,485264.627,7567.292040972553,9248.613461023391
2026-09-01 12:33:22,7800.0,7810.5,Put VEX 2,VEX,-1706631.594,7567.292040972553,9248.613461023391
2026-09-01 12:33:22,7850.0,7860.5,Call GEX 4,GEX,258925.162,7567.292040972553,9248.613461023391
2026-09-01 12:33:22,7900.0,7910.75,Call GEX 2,GEX,353817.987,7567.292040972553,9248.613461023391
2026-09-01 12:33:22,7900.0,7910.75,Put VEX 5,VEX,-957637.27,7567.292040972553,9248.613461023391
2026-09-01 12:33:22,7950.0,7960.75,Call GEX 5,GEX,153755.143,7567.292040972553,9248.613461023391
2026-09-01 12:33:22,8000.0,8010.75,Put CEX 1,CEX,-3045934.442,7567.292040972553,9248.613461023391
2026-09-01 12:33:22,8000.0,8010.75,Put DEX 1,DEX,-2564.9,7567.292040972553,9248.613461023391
2026-09-01 12:33:22,8000.0,8010.75,Put GEX 4,GEX,-421803.52,7567.292040972553,9248.613461023391
2026-09-01 12:33:22,8000.0,8010.75,Put VEX 1,VEX,-10080702.48,7567.292040972553,9248.613461023391
2026-09-01 12:34:10,7000.0,7009.5,Call DEX 1,DEX,858.431,7595.927496646456,9244.567475183005
2026-09-01 12:34:10,7000.0,7009.5,Put GEX 1,GEX,-715560.438,7595.927496646456,9244.567475183005
2026-09-01 12:34:10,7000.0,7009.5,Call VEX 1,VEX,6953103.691,7595.927496646456,9244.567475183005
2026-09-01 12:34:10,7200.0,7209.75,Call DEX 5,DEX,122.711,7595.927496646456,9244.567475183005
2026-09-01 12:34:10,7300.0,7310.0,Call DEX 2,DEX,251.838,7595.927496646456,9244.567475183005
2026-09-01 12:34:10,7300.0,7310.0,Call VEX 5,VEX,1645584.228,7595.927496646456,9244.567475183005
2026-09-01 12:34:10,7400.0,7410.0,Call DEX 3,DEX,190.636,7595.927496646456,9244.567475183005
2026-09-01 12:34:10,7400.0,7410.0,Call VEX 3,VEX,2091649.61,7595.927496646456,9244.567475183005
2026-09-01 12:34:10,7450.0,7460.25,Call DEX 4,DEX,187.04,7595.927496646456,9244.567475183005
2026-09-01 12:34:10,7450.0,7460.25,Call VEX 4,VEX,1818153.347,7595.927496646456,9244.567475183005
2026-09-01 12:34:10,7500.0,7510.25,Put GEX 2,GEX,-588117.03,7595.927496646456,9244.567475183005
2026-09-01 12:34:10,7500.0,7510.25,Call VEX 2,VEX,2792593.481,7595.927496646456,9244.567475183005
2026-09-01 12:34:10,7550.0,7560.25,Put GEX 5,GEX,-380978.839,7595.927496646456,9244.567475183005
2026-09-01 12:34:10,7600.0,7610.25,Call CEX 1,CEX,2554813.816,7595.927496646456,9244.567475183005
2026-09-01 12:34:10,7605.0,7615.25,Call CEX 4,CEX,1717534.483,7595.927496646456,9244.567475183005
2026-09-01 12:34:10,7610.0,7620.25,Call CEX 2,CEX,2534358.693,7595.927496646456,9244.567475183005
2026-09-01 12:34:10,7615.0,7625.25,Call CEX 3,CEX,2469247.443,7595.927496646456,9244.567475183005
2026-09-01 12:34:10,7620.0,7630.25,Call CEX 5,CEX,1689301.833,7595.927496646456,9244.567475183005
2026-09-01 12:34:10,7625.0,7635.5,Put GEX 3,GEX,-554278.548,7595.927496646456,9244.567475183005
2026-09-01 12:34:10,7640.0,7650.5,Put CEX 4,CEX,-2598099.992,7595.927496646456,9244.567475183005
2026-09-01 12:34:10,7650.0,7660.5,Put CEX 1,CEX,-3807788.524,7595.927496646456,9244.567475183005
2026-09-01 12:34:10,7650.0,7660.5,Put DEX 4,DEX,-78.637,7595.927496646456,9244.567475183005
2026-09-01 12:34:10,7675.0,7685.5,Put CEX 3,CEX,-2728616.288,7595.927496646456,9244.567475183005
2026-09-01 12:34:10,7700.0,7710.5,Put CEX 5,CEX,-2526753.18,7595.927496646456,9244.567475183005
2026-09-01 12:34:10,7700.0,7710.5,Put DEX 2,DEX,-206.695,7595.927496646456,9244.567475183005
2026-09-01 12:34:10,7700.0,7710.5,Put VEX 4,VEX,-1022643.926,7595.927496646456,9244.567475183005
2026-09-01 12:34:10,7750.0,7760.5,Put DEX 3,DEX,-97.153,7595.927496646456,9244.567475183005
2026-09-01 12:34:10,7750.0,7760.5,Call GEX 3,GEX,262732.685,7595.927496646456,9244.567475183005
2026-09-01 12:34:10,7750.0,7760.5,Put VEX 3,VEX,-1107368.368,7595.927496646456,9244.567475183005
2026-09-01 12:34:10,7800.0,7810.5,Put DEX 5,DEX,-76.055,7595.927496646456,9244.567475183005
2026-09-01 12:34:10,7800.0,7810.5,Call GEX 1,GEX,486824.881,7595.927496646456,9244.567475183005
2026-09-01 12:34:10,7800.0,7810.5,Put VEX 2,VEX,-1707333.944,7595.927496646456,9244.567475183005
2026-09-01 12:34:10,7850.0,7860.75,Call GEX 4,GEX,259902.96,7595.927496646456,9244.567475183005
2026-09-01 12:34:10,7900.0,7910.75,Call GEX 2,GEX,355380.8,7595.927496646456,9244.567475183005
2026-09-01 12:34:10,7900.0,7910.75,Put VEX 5,VEX,-958370.618,7595.927496646456,9244.567475183005
2026-09-01 12:34:10,7950.0,7960.75,Call GEX 5,GEX,154445.871,7595.927496646456,9244.567475183005
2026-09-01 12:34:10,8000.0,8011.0,Put CEX 2,CEX,-3078703.928,7595.927496646456,9244.567475183005
2026-09-01 12:34:10,8000.0,8011.0,Put DEX 1,DEX,-2556.435,7595.927496646456,9244.567475183005
2026-09-01 12:34:10,8000.0,8011.0,Put GEX 4,GEX,-432516.399,7595.927496646456,9244.567475183005
2026-09-01 12:34:10,8000.0,8011.0,Put VEX 1,VEX,-10123810.982,7595.927496646456,9244.567475183005
2026-09-01 12:34:57,7000.0,7009.5,Call DEX 1,DEX,883.413,7570.930439095813,9242.646239554317
2026-09-01 12:34:57,7000.0,7009.5,Put GEX 1,GEX,-701834.162,7570.930439095813,9242.646239554317
2026-09-01 12:34:57,7000.0,7009.5,Call VEX 1,VEX,7040035.177,7570.930439095813,9242.646239554317
2026-09-01 12:34:57,7300.0,7309.75,Call DEX 2,DEX,251.651,7570.930439095813,9242.646239554317
2026-09-01 12:34:57,7300.0,7309.75,Call VEX 5,VEX,1650095.736,7570.930439095813,9242.646239554317
2026-09-01 12:34:57,7400.0,7410.0,Call DEX 4,DEX,191.293,7570.930439095813,9242.646239554317
2026-09-01 12:34:57,7400.0,7410.0,Call VEX 3,VEX,2092692.31,7570.930439095813,9242.646239554317
2026-09-01 12:34:57,7450.0,7460.0,Call DEX 3,DEX,198.039,7570.930439095813,9242.646239554317
2026-09-01 12:34:57,7450.0,7460.0,Call VEX 4,VEX,1821733.951,7570.930439095813,9242.646239554317
2026-09-01 12:34:57,7500.0,7510.0,Call DEX 5,DEX,124.708,7570.930439095813,9242.646239554317
2026-09-01 12:34:57,7500.0,7510.0,Put GEX 3,GEX,-587224.467,7570.930439095813,9242.646239554317
2026-09-01 12:34:57,7500.0,7510.0,Call VEX 2,VEX,2800600.719,7570.930439095813,9242.646239554317
2026-09-01 12:34:57,7550.0,7560.25,Put GEX 5,GEX,-380812.678,7570.930439095813,9242.646239554317
2026-09-01 12:34:57,7600.0,7610.25,Call CEX 1,CEX,2753422.737,7570.930439095813,9242.646239554317
2026-09-01 12:34:57,7605.0,7615.25,Call CEX 5,CEX,1647637.638,7570.930439095813,9242.646239554317
2026-09-01 12:34:57,7610.0,7620.25,Call CEX 3,CEX,2429639.861,7570.930439095813,9242.646239554317
2026-09-01 12:34:57,7615.0,7625.25,Call CEX 2,CEX,2506034.748,7570.930439095813,9242.646239554317
2026-09-01 12:34:57,7620.0,7630.25,Call CEX 4,CEX,1930626.259,7570.930439095813,9242.646239554317
2026-09-01 12:34:57,7625.0,7635.25,Put GEX 2,GEX,-630509.717,7570.930439095813,9242.646239554317
2026-09-01 12:34:57,7630.0,7640.25,Put CEX 3,CEX,-2023621.17,7570.930439095813,9242.646239554317
2026-09-01 12:34:57,7635.0,7645.25,Put CEX 5,CEX,-1914025.259,7570.930439095813,9242.646239554317
2026-09-01 12:34:57,7640.0,7650.25,Put CEX 2,CEX,-2233838.111,7570.930439095813,9242.646239554317
2026-09-01 12:34:57,7650.0,7660.25,Put CEX 4,CEX,-1921597.722,7570.930439095813,9242.646239554317
2026-09-01 12:34:57,7650.0,7660.25,Put DEX 4,DEX,-79.292,7570.930439095813,9242.646239554317
2026-09-01 12:34:57,7700.0,7710.25,Put DEX 2,DEX,-192.546,7570.930439095813,9242.646239554317
2026-09-01 12:34:57,7700.0,7710.25,Put VEX 4,VEX,-997463.917,7570.930439095813,9242.646239554317
2026-09-01 12:34:57,7750.0,7760.5,Put DEX 3,DEX,-96.961,7570.930439095813,9242.646239554317
2026-09-01 12:34:57,7750.0,7760.5,Call GEX 3,GEX,268547.363,7570.930439095813,9242.646239554317
2026-09-01 12:34:57,7750.0,7760.5,Put VEX 3,VEX,-1095638.675,7570.930439095813,9242.646239554317
2026-09-01 12:34:57,7800.0,7810.5,Put DEX 5,DEX,-73.02,7570.930439095813,9242.646239554317
2026-09-01 12:34:57,7800.0,7810.5,Call GEX 1,GEX,489688.767,7570.930439095813,9242.646239554317
2026-09-01 12:34:57,7800.0,7810.5,Put VEX 2,VEX,-1702594.656,7570.930439095813,9242.646239554317
2026-09-01 12:34:57,7850.0,7860.5,Call GEX 4,GEX,260695.218,7570.930439095813,9242.646239554317
2026-09-01 12:34:57,7900.0,7910.5,Call GEX 2,GEX,355810.767,7570.930439095813,9242.646239554317
2026-09-01 12:34:57,7900.0,7910.5,Put VEX 5,VEX,-959568.608,7570.930439095813,9242.646239554317
2026-09-01 12:34:57,7950.0,7960.75,Call GEX 5,GEX,154919.541,7570.930439095813,9242.646239554317
2026-09-01 12:34:57,8000.0,8010.75,Put CEX 1,CEX,-3062679.913,7570.930439095813,9242.646239554317
2026-09-01 12:34:57,8000.0,8010.75,Put DEX 1,DEX,-2562.692,7570.930439095813,9242.646239554317
2026-09-01 12:34:57,8000.0,8010.75,Put GEX 4,GEX,-427586.727,7570.930439095813,9242.646239554317
2026-09-01 12:34:57,8000.0,8010.75,Put VEX 1,VEX,-10107618.768,7570.930439095813,9242.646239554317
2026-09-01 12:35:45,7000.0,7009.5,Call DEX 1,DEX,854.701,7588.784252517768,9243.196018266512
2026-09-01 12:35:45,7000.0,7009.5,Put GEX 1,GEX,-705203.37,7588.784252517768,9243.196018266512
2026-09-01 12:35:45,7000.0,7009.5,Call VEX 1,VEX,6953909.889,7588.784252517768,9243.196018266512
2026-09-01 12:35:45,7300.0,7310.0,Call DEX 2,DEX,252.517,7588.784252517768,9243.196018266512
2026-09-01 12:35:45,7300.0,7310.0,Call VEX 5,VEX,1649360.888,7588.784252517768,9243.196018266512
2026-09-01 12:35:45,7400.0,7410.0,Call DEX 3,DEX,193.67,7588.784252517768,9243.196018266512
2026-09-01 12:35:45,7400.0,7410.0,Call VEX 3,VEX,2095776.21,7588.784252517768,9243.196018266512
2026-09-01 12:35:45,7450.0,7460.25,Call DEX 4,DEX,190.279,7588.784252517768,9243.196018266512
2026-09-01 12:35:45,7450.0,7460.25,Call VEX 4,VEX,1825801.868,7588.784252517768,9243.196018266512
2026-09-01 12:35:45,7500.0,7510.25,Call DEX 5,DEX,129.536,7588.784252517768,9243.196018266512
2026-09-01 12:35:45,7500.0,7510.25,Put GEX 2,GEX,-584422.648,7588.784252517768,9243.196018266512
2026-09-01 12:35:45,7500.0,7510.25,Call VEX 2,VEX,2822310.731,7588.784252517768,9243.196018266512
2026-09-01 12:35:45,7550.0,7560.25,Put GEX 5,GEX,-376743.262,7588.784252517768,9243.196018266512
2026-09-01 12:35:45,7600.0,7610.25,Call CEX 5,CEX,1771342.418,7588.784252517768,9243.196018266512
2026-09-01 12:35:45,7610.0,7620.25,Call CEX 3,CEX,2208877.937,7588.784252517768,9243.196018266512
2026-09-01 12:35:45,7615.0,7625.25,Call CEX 1,CEX,2462888.333,7588.784252517768,9243.196018266512
2026-09-01 12:35:45,7620.0,7630.5,Call CEX 2,CEX,2224646.849,7588.784252517768,9243.196018266512
2026-09-01 12:35:45,7625.0,7635.5,Call CEX 4,CEX,2007366.43,7588.784252517768,9243.196018266512
2026-09-01 12:35:45,7625.0,7635.5,Put GEX 3,GEX,-574341.365,7588.784252517768,9243.196018266512
2026-09-01 12:35:45,7640.0,7650.5,Put CEX 4,CEX,-2678927.13,7588.784252517768,9243.196018266512
2026-09-01 12:35:45,7650.0,7660.5,Put CEX 1,CEX,-3752336.313,7588.784252517768,9243.196018266512
2026-09-01 12:35:45,7650.0,7660.5,Put DEX 4,DEX,-75.458,7588.784252517768,9243.196018266512
2026-09-01 12:35:45,7675.0,7685.5,Put CEX 3,CEX,-2792128.479,7588.784252517768,9243.196018266512
2026-09-01 12:35:45,7700.0,7710.5,Put CEX 5,CEX,-2501592.487,7588.784252517768,9243.196018266512
2026-09-01 12:35:45,7700.0,7710.5,Put DEX 2,DEX,-200.881,7588.784252517768,9243.196018266512
2026-09-01 12:35:45,7700.0,7710.5,Put VEX 4,VEX,-982432.208,7588.784252517768,9243.196018266512
2026-09-01 12:35:45,7750.0,7760.5,Put DEX 3,DEX,-94.337,7588.784252517768,9243.196018266512
2026-09-01 12:35:45,7750.0,7760.5,Call GEX 3,GEX,265953.725,7588.784252517768,9243.196018266512
2026-09-01 12:35:45,7750.0,7760.5,Put VEX 3,VEX,-1092663.265,7588.784252517768,9243.196018266512
2026-09-01 12:35:45,7800.0,7810.5,Put DEX 5,DEX,-73.272,7588.784252517768,9243.196018266512
2026-09-01 12:35:45,7800.0,7810.5,Call GEX 1,GEX,493747.697,7588.784252517768,9243.196018266512
2026-09-01 12:35:45,7800.0,7810.5,Put VEX 2,VEX,-1700319.946,7588.784252517768,9243.196018266512
2026-09-01 12:35:45,7850.0,7860.75,Call GEX 4,GEX,262674.264,7588.784252517768,9243.196018266512
2026-09-01 12:35:45,7900.0,7910.75,Call GEX 2,GEX,359604.472,7588.784252517768,9243.196018266512
2026-09-01 12:35:45,7900.0,7910.75,Put VEX 5,VEX,-963105.724,7588.784252517768,9243.196018266512
2026-09-01 12:35:45,7950.0,7960.75,Call GEX 5,GEX,156443.613,7588.784252517768,9243.196018266512
2026-09-01 12:35:45,8000.0,8011.0,Put CEX 2,CEX,-3082727.041,7588.784252517768,9243.196018266512
2026-09-01 12:35:45,8000.0,8011.0,Put DEX 1,DEX,-2560.024,7588.784252517768,9243.196018266512
2026-09-01 12:35:45,8000.0,8011.0,Put GEX 4,GEX,-425225.812,7588.784252517768,9243.196018266512
2026-09-01 12:35:45,8000.0,8011.0,Put VEX 1,VEX,-10109960.894,7588.784252517768,9243.196018266512
2026-09-01 12:36:33,7000.0,7009.25,Call DEX 1,DEX,863.911,7583.690976024272,9245.790019036604
2026-09-01 12:36:33,7000.0,7009.25,Put GEX 1,GEX,-736130.248,7583.690976024272,9245.790019036604
2026-09-01 12:36:33,7000.0,7009.25,Call VEX 1,VEX,6742724.104,7583.690976024272,9245.790019036604
2026-09-01 12:36:33,7300.0,7309.5,Call DEX 2,DEX,253.812,7583.690976024272,9245.790019036604
2026-09-01 12:36:33,7300.0,7309.5,Call VEX 5,VEX,1638474.447,7583.690976024272,9245.790019036604
2026-09-01 12:36:33,7400.0,7409.75,Call DEX 3,DEX,193.747,7583.690976024272,9245.790019036604
2026-09-01 12:36:33,7400.0,7409.75,Call VEX 3,VEX,2094597.431,7583.690976024272,9245.790019036604
2026-09-01 12:36:33,7450.0,7459.75,Call DEX 4,DEX,189.732,7583.690976024272,9245.790019036604
2026-09-01 12:36:33,7450.0,7459.75,Call VEX 4,VEX,1824437.477,7583.690976024272,9245.790019036604
2026-09-01 12:36:33,7500.0,7509.75,Call DEX 5,DEX,125.26,7583.690976024272,9245.790019036604
2026-09-01 12:36:33,7500.0,7509.75,Put GEX 2,GEX,-581735.873,7583.690976024272,9245.790019036604
2026-09-01 12:36:33,7500.0,7509.75,Call VEX 2,VEX,2817087.126,7583.690976024272,9245.790019036604
2026-09-01 12:36:33,7550.0,7559.75,Put GEX 5,GEX,-373436.996,7583.690976024272,9245.790019036604
2026-09-01 12:36:33,7600.0,7610.0,Call CEX 4,CEX,1789091.245,7583.690976024272,9245.790019036604
2026-09-01 12:36:33,7610.0,7620.0,Call CEX 2,CEX,2323942.427,7583.690976024272,9245.790019036604
2026-09-01 12:36:33,7615.0,7625.0,Call CEX 1,CEX,2414840.162,7583.690976024272,9245.790019036604
2026-09-01 12:36:33,7620.0,7630.0,Call CEX 3,CEX,2141581.175,7583.690976024272,9245.790019036604
2026-09-01 12:36:33,7625.0,7635.0,Call CEX 5,CEX,1720800.461,7583.690976024272,9245.790019036604
2026-09-01 12:36:33,7625.0,7635.0,Put GEX 3,GEX,-478580.417,7583.690976024272,9245.790019036604
2026-09-01 12:36:33,7650.0,7660.0,Put CEX 1,CEX,-4314889.895,7583.690976024272,9245.790019036604
2026-09-01 12:36:33,7650.0,7660.0,Put DEX 4,DEX,-74.523,7583.690976024272,9245.790019036604
2026-09-01 12:36:33,7675.0,7685.0,Put CEX 2,CEX,-3600558.038,7583.690976024272,9245.790019036604
2026-09-01 12:36:33,7690.0,7700.0,Put CEX 5,CEX,-2839228.743,7583.690976024272,9245.790019036604
2026-09-01 12:36:33,7700.0,7710.0,Put CEX 3,CEX,-3114379.287,7583.690976024272,9245.790019036604
2026-09-01 12:36:33,7700.0,7710.0,Put DEX 2,DEX,-200.548,7583.690976024272,9245.790019036604
2026-09-01 12:36:33,7700.0,7710.0,Put VEX 4,VEX,-993718.041,7583.690976024272,9245.790019036604
2026-09-01 12:36:33,7750.0,7760.0,Put DEX 3,DEX,-94.122,7583.690976024272,9245.790019036604
2026-09-01 12:36:33,7750.0,7760.0,Call GEX 4,GEX,262981.345,7583.690976024272,9245.790019036604
2026-09-01 12:36:33,7750.0,7760.0,Put VEX 3,VEX,-1100604.036,7583.690976024272,9245.790019036604
2026-09-01 12:36:33,7800.0,7810.25,Put DEX 5,DEX,-72.92,7583.690976024272,9245.790019036604
2026-09-01 12:36:33,7800.0,7810.25,Call GEX 1,GEX,493597.427,7583.690976024272,9245.790019036604
2026-09-01 12:36:33,7800.0,7810.25,Put VEX 2,VEX,-1702432.033,7583.690976024272,9245.790019036604
2026-09-01 12:36:33,7850.0,7860.25,Call GEX 3,GEX,263194.525,7583.690976024272,9245.790019036604
2026-09-01 12:36:33,7900.0,7910.25,Call GEX 2,GEX,359597.685,7583.690976024272,9245.790019036604
2026-09-01 12:36:33,7900.0,7910.25,Put VEX 5,VEX,-962605.296,7583.690976024272,9245.790019036604
2026-09-01 12:36:33,7950.0,7960.5,Call GEX 5,GEX,155950.216,7583.690976024272,9245.790019036604
2026-09-01 12:36:33,8000.0,8010.5,Put CEX 4,CEX,-3107671.496,7583.690976024272,9245.790019036604
2026-09-01 12:36:33,8000.0,8010.5,Put DEX 1,DEX,-2546.197,7583.690976024272,9245.790019036604
2026-09-01 12:36:33,8000.0,8010.5,Put GEX 4,GEX,-439457.199,7583.690976024272,9245.790019036604
2026-09-01 12:36:33,8000.0,8010.5,Put VEX 1,VEX,-10161157.304,7583.690976024272,9245.790019036604
2026-09-01 12:37:19,7000.0,7010.0,Call DEX 1,DEX,893.183,7575.729143130593,9249.6904407725
2026-09-01 12:37:19,7000.0,7010.0,Put GEX 1,GEX,-706654.836,7575.729143130593,9249.6904407725
2026-09-01 12:37:19,7000.0,7010.0,Call VEX 1,VEX,6971196.538,7575.729143130593,9249.6904407725
2026-09-01 12:37:19,7300.0,7310.5,Call DEX 2,DEX,251.863,7575.729143130593,9249.6904407725
2026-09-01 12:37:19,7300.0,7310.5,Call VEX 5,VEX,1649221.971,7575.729143130593,9249.6904407725
2026-09-01 12:37:19,7400.0,7410.5,Call DEX 4,DEX,191.542,7575.729143130593,9249.6904407725
2026-09-01 12:37:19,7400.0,7410.5,Call VEX 3,VEX,2092621.505,7575.729143130593,9249.6904407725
2026-09-01 12:37:19,7450.0,7460.75,Call DEX 3,DEX,198.06,7575.729143130593,9249.6904407725
2026-09-01 12:37:19,7450.0,7460.75,Call VEX 4,VEX,1822161.923,7575.729143130593,9249.6904407725
2026-09-01 12:37:19,7500.0,7510.75,Call DEX 5,DEX,124.755,7575.729143130593,9249.6904407725
2026-09-01 12:37:19,7500.0,7510.75,Put GEX 3,GEX,-587055.351,7575.729143130593,9249.6904407725
2026-09-01 12:37:19,7500.0,7510.75,Call VEX 2,VEX,2799992.802,7575.729143130593,9249.6904407725
2026-09-01 12:37:19,7550.0,7560.75,Put GEX 5,GEX,-381954.153,7575.729143130593,9249.6904407725
2026-09-01 12:37:19,7600.0,7610.75,Call CEX 1,CEX,2809584.827,7575.729143130593,9249.6904407725
2026-09-01 12:37:19,7605.0,7615.75,Call CEX 5,CEX,1690791.169,7575.729143130593,9249.6904407725
2026-09-01 12:37:19,7610.0,7620.75,Call CEX 2,CEX,2571298.524,7575.729143130593,9249.6904407725
2026-09-01 12:37:19,7615.0,7625.75,Call CEX 3,CEX,2570000.749,7575.729143130593,9249.6904407725
2026-09-01 12:37:19,7620.0,7630.75,Call CEX 4,CEX,1911623.481,7575.729143130593,9249.6904407725
2026-09-01 12:37:19,7625.0,7636.0,Put GEX 2,GEX,-606990.7,7575.729143130593,9249.6904407725
2026-09-01 12:37:19,7630.0,7641.0,Put CEX 4,CEX,-2081904.221,7575.729143130593,9249.6904407725
2026-09-01 12:37:19,7635.0,7646.0,Put CEX 5,CEX,-1954110.476,7575.729143130593,9249.6904407725
2026-09-01 12:37:19,7640.0,7651.0,Put CEX 3,CEX,-2441900.667,7575.729143130593,9249.6904407725
2026-09-01 12:37:19,7650.0,7661.0,Put CEX 2,CEX,-2471038.743,7575.729143130593,9249.6904407725
2026-09-01 12:37:19,7650.0,7661.0,Put DEX 4,DEX,-79.311,7575.729143130593,9249.6904407725
2026-09-01 12:37:19,7700.0,7711.0,Put DEX 2,DEX,-193.241,7575.729143130593,9249.6904407725
2026-09-01 12:37:19,7700.0,7711.0,Put VEX 4,VEX,-1000971.364,7575.729143130593,9249.6904407725
2026-09-01 12:37:19,7750.0,7761.0,Put DEX 3,DEX,-91.258,7575.729143130593,9249.6904407725
2026-09-01 12:37:19,7750.0,7761.0,Call GEX 3,GEX,269241.94,7575.729143130593,9249.6904407725
2026-09-01 12:37:19,7750.0,7761.0,Put VEX 3,VEX,-1095125.239,7575.729143130593,9249.6904407725
2026-09-01 12:37:19,7800.0,7811.25,Put DEX 5,DEX,-73.347,7575.729143130593,9249.6904407725
2026-09-01 12:37:19,7800.0,7811.25,Call GEX 1,GEX,488677.701,7575.729143130593,9249.6904407725
2026-09-01 12:37:19,7800.0,7811.25,Put VEX 2,VEX,-1702025.102,7575.729143130593,9249.6904407725
2026-09-01 12:37:19,7850.0,7861.25,Call GEX 4,GEX,261108.257,7575.729143130593,9249.6904407725
2026-09-01 12:37:19,7900.0,7911.25,Call GEX 2,GEX,356003.073,7575.729143130593,9249.6904407725
2026-09-01 12:37:19,7900.0,7911.25,Put VEX 5,VEX,-959810.892,7575.729143130593,9249.6904407725
2026-09-01 12:37:19,7950.0,7961.25,Call GEX 5,GEX,154736.131,7575.729143130593,9249.6904407725
2026-09-01 12:37:19,8000.0,8011.5,Put CEX 1,CEX,-3054053.247,7575.729143130593,9249.6904407725
2026-09-01 12:37:19,8000.0,8011.5,Put DEX 1,DEX,-2563.826,7575.729143130593,9249.6904407725
2026-09-01 12:37:19,8000.0,8011.5,Put GEX 4,GEX,-422575.517,7575.729143130593,9249.6904407725
2026-09-01 12:37:19,8000.0,8011.5,Put VEX 1,VEX,-10087129.516,7575.729143130593,9249.6904407725
2026-09-01 12:38:07,7000.0,7010.0,Call DEX 1,DEX,892.417,7562.686525409,9249.608579915404
2026-09-01 12:38:07,7000.0,7010.0,Put GEX 1,GEX,-707134.805,7562.686525409,9249.608579915404
2026-09-01 12:38:07,7000.0,7010.0,Call VEX 1,VEX,6983258.746,7562.686525409,9249.608579915404
2026-09-01 12:38:07,7300.0,7310.5,Call DEX 2,DEX,251.625,7562.686525409,9249.608579915404
2026-09-01 12:38:07,7300.0,7310.5,Call VEX 5,VEX,1650392.884,7562.686525409,9249.608579915404
2026-09-01 12:38:07,7400.0,7410.5,Call DEX 4,DEX,192.142,7562.686525409,9249.608579915404
2026-09-01 12:38:07,7400.0,7410.5,Call VEX 3,VEX,2092331.281,7562.686525409,9249.608579915404
2026-09-01 12:38:07,7450.0,7460.5,Call DEX 3,DEX,198.364,7562.686525409,9249.608579915404
2026-09-01 12:38:07,7450.0,7460.5,Call VEX 4,VEX,1823175.627,7562.686525409,9249.608579915404
2026-09-01 12:38:07,7500.0,7510.75,Call DEX 5,DEX,124.803,7562.686525409,9249.608579915404
2026-09-01 12:38:07,7500.0,7510.75,Put GEX 3,GEX,-587538.404,7562.686525409,9249.608579915404
2026-09-01 12:38:07,7500.0,7510.75,Call VEX 2,VEX,2799552.397,7562.686525409,9249.608579915404
2026-09-01 12:38:07,7550.0,7560.75,Put GEX 5,GEX,-381844.071,7562.686525409,9249.608579915404
2026-09-01 12:38:07,7600.0,7610.75,Call CEX 1,CEX,3034672.928,7562.686525409,9249.608579915404
2026-09-01 12:38:07,7605.0,7615.75,Call CEX 5,CEX,1713841.474,7562.686525409,9249.608579915404
2026-09-01 12:38:07,7610.0,7620.75,Call CEX 2,CEX,2596401.152,7562.686525409,9249.608579915404
2026-09-01 12:38:07,7615.0,7625.75,Call CEX 3,CEX,2588728.949,7562.686525409,9249.608579915404
2026-09-01 12:38:07,7620.0,7630.75,Call CEX 4,CEX,1969771.811,7562.686525409,9249.608579915404
2026-09-01 12:38:07,7625.0,7635.75,Put GEX 2,GEX,-670466.043,7562.686525409,9249.608579915404
2026-09-01 12:38:07,7630.0,7640.75,Put CEX 2,CEX,-2189326.398,7562.686525409,9249.608579915404
2026-09-01 12:38:07,7635.0,7645.75,Put CEX 3,CEX,-1978935.491,7562.686525409,9249.608579915404
2026-09-01 12:38:07,7640.0,7651.0,Put CEX 4,CEX,-1531217.515,7562.686525409,9249.608579915404
2026-09-01 12:38:07,7650.0,7661.0,Put DEX 5,DEX,-58.575,7562.686525409,9249.608579915404
2026-09-01 12:38:07,7700.0,7711.0,Put CEX 5,CEX,-1358031.964,7562.686525409,9249.608579915404
2026-09-01 12:38:07,7700.0,7711.0,Put DEX 2,DEX,-193.467,7562.686525409,9249.608579915404
2026-09-01 12:38:07,7700.0,7711.0,Put VEX 4,VEX,-1001222.563,7562.686525409,9249.608579915404
2026-09-01 12:38:07,7750.0,7761.0,Put DEX 3,DEX,-91.135,7562.686525409,9249.608579915404
2026-09-01 12:38:07,7750.0,7761.0,Call GEX 3,GEX,267999.794,7562.686525409,9249.608579915404
2026-09-01 12:38:07,7750.0,7761.0,Put VEX 3,VEX,-1096752.36,7562.686525409,9249.608579915404
2026-09-01 12:38:07,7800.0,7811.0,Put DEX 4,DEX,-73.429,7562.686525409,9249.608579915404
2026-09-01 12:38:07,7800.0,7811.0,Call GEX 1,GEX,488815.574,7562.686525409,9249.608579915404
2026-09-01 12:38:07,7800.0,7811.0,Put VEX 2,VEX,-1701867.973,7562.686525409,9249.608579915404
2026-09-01 12:38:07,7850.0,7861.25,Call GEX 4,GEX,261428.149,7562.686525409,9249.608579915404
2026-09-01 12:38:07,7900.0,7911.25,Call GEX 2,GEX,356015.655,7562.686525409,9249.608579915404
2026-09-01 12:38:07,7900.0,7911.25,Put VEX 5,VEX,-959808.935,7562.686525409,9249.608579915404
2026-09-01 12:38:07,7950.0,7961.25,Call GEX 5,GEX,154754.888,7562.686525409,9249.608579915404
2026-09-01 12:38:07,8000.0,8011.5,Put CEX 1,CEX,-3051802.849,7562.686525409,9249.608579915404
2026-09-01 12:38:07,8000.0,8011.5,Put DEX 1,DEX,-2564.321,7562.686525409,9249.608579915404
2026-09-01 12:38:07,8000.0,8011.5,Put GEX 4,GEX,-420666.252,7562.686525409,9249.608579915404
2026-09-01 12:38:07,8000.0,8011.5,Put VEX 1,VEX,-10082719.332,7562.686525409,9249.608579915404
2026-09-01 12:38:55,7000.0,7009.75,Call DEX 1,DEX,856.536,7590.197545885426,9248.73606700693
2026-09-01 12:38:55,7000.0,7009.75,Put GEX 1,GEX,-705481.469,7590.197545885426,9248.73606700693
2026-09-01 12:38:55,7000.0,7009.75,Call VEX 1,VEX,6999800.68,7590.197545885426,9248.73606700693
2026-09-01 12:38:55,7300.0,7310.25,Call DEX 2,DEX,250.813,7590.197545885426,9248.73606700693
2026-09-01 12:38:55,7300.0,7310.25,Call VEX 5,VEX,1655564.032,7590.197545885426,9248.73606700693
2026-09-01 12:38:55,7400.0,7410.5,Call DEX 3,DEX,190.371,7590.197545885426,9248.73606700693
2026-09-01 12:38:55,7400.0,7410.5,Call VEX 3,VEX,2091814.101,7590.197545885426,9248.73606700693
2026-09-01 12:38:55,7450.0,7460.5,Call DEX 4,DEX,186.73,7590.197545885426,9248.73606700693
2026-09-01 12:38:55,7450.0,7460.5,Call VEX 4,VEX,1816452.279,7590.197545885426,9248.73606700693
2026-09-01 12:38:55,7500.0,7510.5,Call DEX 5,DEX,122.578,7590.197545885426,9248.73606700693
2026-09-01 12:38:55,7500.0,7510.5,Put GEX 3,GEX,-589102.047,7590.197545885426,9248.73606700693
2026-09-01 12:38:55,7500.0,7510.5,Call VEX 2,VEX,2792724.074,7590.197545885426,9248.73606700693
2026-09-01 12:38:55,7550.0,7560.5,Put GEX 5,GEX,-382977.058,7590.197545885426,9248.73606700693
2026-09-01 12:38:55,7600.0,7610.75,Call CEX 1,CEX,2819884.046,7590.197545885426,9248.73606700693
2026-09-01 12:38:55,7605.0,7615.75,Call CEX 5,CEX,1841406.416,7590.197545885426,9248.73606700693
2026-09-01 12:38:55,7610.0,7620.75,Call CEX 2,CEX,2730173.081,7590.197545885426,9248.73606700693
2026-09-01 12:38:55,7615.0,7625.75,Call CEX 3,CEX,2608222.373,7590.197545885426,9248.73606700693
2026-09-01 12:38:55,7620.0,7630.75,Call CEX 4,CEX,1873622.528,7590.197545885426,9248.73606700693
2026-09-01 12:38:55,7625.0,7635.75,Put GEX 2,GEX,-615283.467,7590.197545885426,9248.73606700693
2026-09-01 12:38:55,7630.0,7640.75,Put CEX 4,CEX,-2278971.744,7590.197545885426,9248.73606700693
2026-09-01 12:38:55,7640.0,7650.75,Put CEX 3,CEX,-2538828.382,7590.197545885426,9248.73606700693
2026-09-01 12:38:55,7650.0,7660.75,Put CEX 2,CEX,-2936302.346,7590.197545885426,9248.73606700693
2026-09-01 12:38:55,7650.0,7660.75,Put DEX 4,DEX,-79.531,7590.197545885426,9248.73606700693
2026-09-01 12:38:55,7700.0,7710.75,Put CEX 5,CEX,-2012406.345,7590.197545885426,9248.73606700693
2026-09-01 12:38:55,7700.0,7710.75,Put DEX 2,DEX,-207.059,7590.197545885426,9248.73606700693
2026-09-01 12:38:55,7700.0,7710.75,Put VEX 4,VEX,-1013445.499,7590.197545885426,9248.73606700693
2026-09-01 12:38:55,7750.0,7760.75,Put DEX 3,DEX,-97.785,7590.197545885426,9248.73606700693
2026-09-01 12:38:55,7750.0,7760.75,Call GEX 3,GEX,265112.042,7590.197545885426,9248.73606700693
2026-09-01 12:38:55,7750.0,7760.75,Put VEX 3,VEX,-1101677.979,7590.197545885426,9248.73606700693
2026-09-01 12:38:55,7800.0,7811.0,Put DEX 5,DEX,-76.507,7590.197545885426,9248.73606700693
2026-09-01 12:38:55,7800.0,7811.0,Call GEX 1,GEX,486737.612,7590.197545885426,9248.73606700693
2026-09-01 12:38:55,7800.0,7811.0,Put VEX 2,VEX,-1704412.474,7590.197545885426,9248.73606700693
2026-09-01 12:38:55,7850.0,7861.0,Call GEX 4,GEX,260791.671,7590.197545885426,9248.73606700693
2026-09-01 12:38:55,7900.0,7911.0,Call GEX 2,GEX,355498.598,7590.197545885426,9248.73606700693
2026-09-01 12:38:55,7900.0,7911.0,Put VEX 5,VEX,-959295.139,7590.197545885426,9248.73606700693
2026-09-01 12:38:55,7950.0,7961.25,Call GEX 5,GEX,154466.893,7590.197545885426,9248.73606700693
2026-09-01 12:38:55,8000.0,8011.25,Put CEX 1,CEX,-3069294.543,7590.197545885426,9248.73606700693
2026-09-01 12:38:55,8000.0,8011.25,Put DEX 1,DEX,-2559.438,7590.197545885426,9248.73606700693
2026-09-01 12:38:55,8000.0,8011.25,Put GEX 4,GEX,-429143.306,7590.197545885426,9248.73606700693
2026-09-01 12:38:55,8000.0,8011.25,Put VEX 1,VEX,-10110719.634,7590.197545885426,9248.73606700693
2026-09-01 12:39:43,7000.0,7009.75,Call DEX 1,DEX,853.582,7591.983510765935,9248.85533154194
2026-09-01 12:39:43,7000.0,7009.75,Put GEX 1,GEX,-711423.545,7591.983510765935,9248.85533154194
2026-09-01 12:39:43,7000.0,7009.75,Call VEX 1,VEX,6952183.554,7591.983510765935,9248.85533154194
2026-09-01 12:39:43,7300.0,7310.25,Call DEX 2,DEX,251.811,7591.983510765935,9248.85533154194
2026-09-01 12:39:43,7300.0,7310.25,Call VEX 5,VEX,1649404.151,7591.983510765935,9248.85533154194
2026-09-01 12:39:43,7400.0,7410.25,Call DEX 3,DEX,191.508,7591.983510765935,9248.85533154194
2026-09-01 12:39:43,7400.0,7410.25,Call VEX 3,VEX,2092990.678,7591.983510765935,9248.85533154194
2026-09-01 12:39:43,7450.0,7460.5,Call DEX 4,DEX,187.798,7591.983510765935,9248.85533154194
2026-09-01 12:39:43,7450.0,7460.5,Call VEX 4,VEX,1818849.08,7591.983510765935,9248.85533154194
2026-09-01 12:39:43,7500.0,7510.5,Call DEX 5,DEX,124.587,7591.983510765935,9248.85533154194
2026-09-01 12:39:43,7500.0,7510.5,Put GEX 3,GEX,-587129.202,7591.983510765935,9248.85533154194
2026-09-01 12:39:43,7500.0,7510.5,Call VEX 2,VEX,2801571.941,7591.983510765935,9248.85533154194
2026-09-01 12:39:43,7550.0,7560.5,Put GEX 5,GEX,-381543.453,7591.983510765935,9248.85533154194
2026-09-01 12:39:43,7600.0,7610.75,Call CEX 3,CEX,2336533.239,7591.983510765935,9248.85533154194
2026-09-01 12:39:43,7605.0,7615.75,Call CEX 5,CEX,1677254.118,7591.983510765935,9248.85533154194
2026-09-01 12:39:43,7610.0,7620.75,Call CEX 2,CEX,2587970.047,7591.983510765935,9248.85533154194
2026-09-01 12:39:43,7615.0,7625.75,Call CEX 1,CEX,2625750.695,7591.983510765935,9248.85533154194
2026-09-01 12:39:43,7620.0,7630.75,Call CEX 4,CEX,2056903.115,7591.983510765935,9248.85533154194
2026-09-01 12:39:43,7625.0,7635.75,Put GEX 2,GEX,-609211.54,7591.983510765935,9248.85533154194
2026-09-01 12:39:43,7630.0,7640.75,Put CEX 5,CEX,-2113166.323,7591.983510765935,9248.85533154194
2026-09-01 12:39:43,7640.0,7650.75,Put CEX 3,CEX,-2641889.756,7591.983510765935,9248.85533154194
2026-09-01 12:39:43,7650.0,7660.75,Put CEX 1,CEX,-3631318.399,7591.983510765935,9248.85533154194
2026-09-01 12:39:43,7650.0,7660.75,Put DEX 4,DEX,-78.301,7591.983510765935,9248.85533154194
2026-09-01 12:39:43,7700.0,7710.75,Put CEX 4,CEX,-2256206.414,7591.983510765935,9248.85533154194
2026-09-01 12:39:43,7700.0,7710.75,Put DEX 2,DEX,-205.953,7591.983510765935,9248.85533154194
2026-09-01 12:39:43,7700.0,7710.75,Put VEX 4,VEX,-1008456.28,7591.983510765935,9248.85533154194
2026-09-01 12:39:43,7750.0,7760.75,Put DEX 3,DEX,-97.062,7591.983510765935,9248.85533154194
2026-09-01 12:39:43,7750.0,7760.75,Call GEX 3,GEX,264812.562,7591.983510765935,9248.85533154194
2026-09-01 12:39:43,7750.0,7760.75,Put VEX 3,VEX,-1099800.861,7591.983510765935,9248.85533154194
2026-09-01 12:39:43,7800.0,7811.0,Put DEX 5,DEX,-75.903,7591.983510765935,9248.85533154194
2026-09-01 12:39:43,7800.0,7811.0,Call GEX 1,GEX,487437.456,7591.983510765935,9248.85533154194
2026-09-01 12:39:43,7800.0,7811.0,Put VEX 2,VEX,-1704664.853,7591.983510765935,9248.85533154194
2026-09-01 12:39:43,7850.0,7861.0,Call GEX 4,GEX,261227.768,7591.983510765935,9248.85533154194
2026-09-01 12:39:43,7900.0,7911.0,Call GEX 2,GEX,356067.626,7591.983510765935,9248.85533154194
2026-09-01 12:39:43,7900.0,7911.0,Put VEX 5,VEX,-959410.66,7591.983510765935,9248.85533154194
2026-09-01 12:39:43,7950.0,7961.25,Call GEX 5,GEX,154580.258,7591.983510765935,9248.85533154194
2026-09-01 12:39:43,8000.0,8011.25,Put CEX 2,CEX,-3079457.692,7591.983510765935,9248.85533154194
2026-09-01 12:39:43,8000.0,8011.25,Put DEX 1,DEX,-2560.008,7591.983510765935,9248.85533154194
2026-09-01 12:39:43,8000.0,8011.25,Put GEX 4,GEX,-429059.137,7591.983510765935,9248.85533154194
2026-09-01 12:39:43,8000.0,8011.25,Put VEX 1,VEX,-10111538.425,7591.983510765935,9248.85533154194
2026-09-01 12:40:31,7000.0,7009.25,Call DEX 1,DEX,854.757,7600.320875031435,9250.302604033066
2026-09-01 12:40:31,7000.0,7009.25,Put GEX 1,GEX,-705957.962,7600.320875031435,9250.302604033066
2026-09-01 12:40:31,7000.0,7009.25,Call VEX 1,VEX,7022993.124,7600.320875031435,9250.302604033066
2026-09-01 12:40:31,7200.0,7209.5,Call DEX 5,DEX,122.224,7600.320875031435,9250.302604033066
2026-09-01 12:40:31,7300.0,7309.75,Call DEX 2,DEX,251.724,7600.320875031435,9250.302604033066
2026-09-01 12:40:31,7300.0,7309.75,Call VEX 5,VEX,1644447.375,7600.320875031435,9250.302604033066
2026-09-01 12:40:31,7400.0,7409.75,Call DEX 3,DEX,190.291,7600.320875031435,9250.302604033066
2026-09-01 12:40:31,7400.0,7409.75,Call VEX 3,VEX,2090246.124,7600.320875031435,9250.302604033066
2026-09-01 12:40:31,7450.0,7460.0,Call DEX 4,DEX,186.417,7600.320875031435,9250.302604033066
2026-09-01 12:40:31,7450.0,7460.0,Call VEX 4,VEX,1815970.883,7600.320875031435,9250.302604033066
2026-09-01 12:40:31,7500.0,7510.0,Put GEX 2,GEX,-589080.219,7600.320875031435,9250.302604033066
2026-09-01 12:40:31,7500.0,7510.0,Call VEX 2,VEX,2786934.48,7600.320875031435,9250.302604033066
2026-09-01 12:40:31,7550.0,7560.0,Put GEX 5,GEX,-381681.59,7600.320875031435,9250.302604033066
2026-09-01 12:40:31,7600.0,7610.0,Call CEX 2,CEX,2732914.213,7600.320875031435,9250.302604033066
2026-09-01 12:40:31,7605.0,7615.0,Call CEX 4,CEX,1948159.268,7600.320875031435,9250.302604033066
2026-09-01 12:40:31,7610.0,7620.25,Call CEX 1,CEX,2739343.049,7600.320875031435,9250.302604033066
2026-09-01 12:40:31,7615.0,7625.25,Call CEX 3,CEX,2612291.534,7600.320875031435,9250.302604033066
2026-09-01 12:40:31,7620.0,7630.25,Call CEX 5,CEX,1715739.917,7600.320875031435,9250.302604033066
2026-09-01 12:40:31,7625.0,7635.25,Put GEX 3,GEX,-561957.211,7600.320875031435,9250.302604033066
2026-09-01 12:40:31,7640.0,7650.25,Put CEX 5,CEX,-2745305.391,7600.320875031435,9250.302604033066
2026-09-01 12:40:31,7650.0,7660.25,Put CEX 1,CEX,-4186807.75,7600.320875031435,9250.302604033066
2026-09-01 12:40:31,7650.0,7660.25,Put DEX 4,DEX,-79.189,7600.320875031435,9250.302604033066
2026-09-01 12:40:31,7675.0,7685.25,Put CEX 2,CEX,-3240039.018,7600.320875031435,9250.302604033066
2026-09-01 12:40:31,7700.0,7710.25,Put CEX 4,CEX,-2817196.264,7600.320875031435,9250.302604033066
2026-09-01 12:40:31,7700.0,7710.25,Put DEX 2,DEX,-208.204,7600.320875031435,9250.302604033066
2026-09-01 12:40:31,7700.0,7710.25,Put VEX 4,VEX,-1034036.56,7600.320875031435,9250.302604033066
2026-09-01 12:40:31,7750.0,7760.25,Put DEX 3,DEX,-98.521,7600.320875031435,9250.302604033066
2026-09-01 12:40:31,7750.0,7760.25,Call GEX 3,GEX,261661.008,7600.320875031435,9250.302604033066
2026-09-01 12:40:31,7750.0,7760.25,Put VEX 3,VEX,-1110181.296,7600.320875031435,9250.302604033066
2026-09-01 12:40:31,7800.0,7810.5,Put DEX 5,DEX,-77.068,7600.320875031435,9250.302604033066
2026-09-01 12:40:31,7800.0,7810.5,Call GEX 1,GEX,484945.879,7600.320875031435,9250.302604033066
2026-09-01 12:40:31,7800.0,7810.5,Put VEX 2,VEX,-1707468.535,7600.320875031435,9250.302604033066
2026-09-01 12:40:31,7850.0,7860.5,Call GEX 4,GEX,259433.216,7600.320875031435,9250.302604033066
2026-09-01 12:40:31,7900.0,7910.5,Call GEX 2,GEX,354136.901,7600.320875031435,9250.302604033066
2026-09-01 12:40:31,7900.0,7910.5,Put VEX 5,VEX,-956937.52,7600.320875031435,9250.302604033066
2026-09-01 12:40:31,7950.0,7960.5,Call GEX 5,GEX,153741.513,7600.320875031435,9250.302604033066
2026-09-01 12:40:31,8000.0,8010.75,Put CEX 3,CEX,-3092851.185,7600.320875031435,9250.302604033066
2026-09-01 12:40:31,8000.0,8010.75,Put DEX 1,DEX,-2555.136,7600.320875031435,9250.302604033066
2026-09-01 12:40:31,8000.0,8010.75,Put GEX 4,GEX,-440521.296,7600.320875031435,9250.302604033066
2026-09-01 12:40:31,8000.0,8010.75,Put VEX 1,VEX,-10146009.496,7600.320875031435,9250.302604033066
2026-09-01 12:41:19,7000.0,7010.25,Call DEX 1,DEX,884.106,7562.008961372456,9249.538301040267
2026-09-01 12:41:19,7000.0,7010.25,Put GEX 1,GEX,-692120.445,7562.008961372456,9249.538301040267
2026-09-01 12:41:19,7000.0,7010.25,Call VEX 1,VEX,7054171.779,7562.008961372456,9249.538301040267
2026-09-01 12:41:19,7300.0,7310.75,Call DEX 2,DEX,252.562,7562.008961372456,9249.538301040267
2026-09-01 12:41:19,7300.0,7310.75,Call VEX 5,VEX,1647806.804,7562.008961372456,9249.538301040267
2026-09-01 12:41:19,7400.0,7410.75,Call DEX 4,DEX,193.643,7562.008961372456,9249.538301040267
2026-09-01 12:41:19,7400.0,7410.75,Call VEX 3,VEX,2094857.094,7562.008961372456,9249.538301040267
2026-09-01 12:41:19,7450.0,7461.0,Call DEX 3,DEX,200.087,7562.008961372456,9249.538301040267
2026-09-01 12:41:19,7450.0,7461.0,Call VEX 4,VEX,1827206.94,7562.008961372456,9249.538301040267
2026-09-01 12:41:19,7500.0,7511.0,Call DEX 5,DEX,128.242,7562.008961372456,9249.538301040267
2026-09-01 12:41:19,7500.0,7511.0,Put GEX 3,GEX,-586346.908,7562.008961372456,9249.538301040267
2026-09-01 12:41:19,7500.0,7511.0,Call VEX 2,VEX,2814284.888,7562.008961372456,9249.538301040267
2026-09-01 12:41:19,7550.0,7561.0,Put GEX 5,GEX,-379668.142,7562.008961372456,9249.538301040267
2026-09-01 12:41:19,7600.0,7611.0,Call CEX 1,CEX,3134252.507,7562.008961372456,9249.538301040267
2026-09-01 12:41:19,7605.0,7616.0,Call CEX 5,CEX,1593334.067,7562.008961372456,9249.538301040267
2026-09-01 12:41:19,7610.0,7621.25,Call CEX 3,CEX,2480120.686,7562.008961372456,9249.538301040267
2026-09-01 12:41:19,7615.0,7626.25,Call CEX 2,CEX,2626373.515,7562.008961372456,9249.538301040267
2026-09-01 12:41:19,7620.0,7631.25,Call CEX 4,CEX,2272973.879,7562.008961372456,9249.538301040267
2026-09-01 12:41:19,7625.0,7636.25,Put GEX 2,GEX,-676772.947,7562.008961372456,9249.538301040267
2026-09-01 12:41:19,7630.0,7641.25,Put CEX 4,CEX,-1857505.927,7562.008961372456,9249.538301040267
2026-09-01 12:41:19,7635.0,7646.25,Put CEX 2,CEX,-2041209.648,7562.008961372456,9249.538301040267
2026-09-01 12:41:19,7640.0,7651.25,Put CEX 3,CEX,-1954850.218,7562.008961372456,9249.538301040267
2026-09-01 12:41:19,7650.0,7661.25,Put DEX 5,DEX,-57.279,7562.008961372456,9249.538301040267
2026-09-01 12:41:19,7700.0,7711.25,Put CEX 5,CEX,-1358183.113,7562.008961372456,9249.538301040267
2026-09-01 12:41:19,7700.0,7711.25,Put DEX 2,DEX,-191.452,7562.008961372456,9249.538301040267
2026-09-01 12:41:19,7700.0,7711.25,Put VEX 4,VEX,-984398.396,7562.008961372456,9249.538301040267
2026-09-01 12:41:19,7750.0,7761.25,Put DEX 3,DEX,-90.062,7562.008961372456,9249.538301040267
2026-09-01 12:41:19,7750.0,7761.25,Call GEX 3,GEX,269506.711,7562.008961372456,9249.538301040267
2026-09-01 12:41:19,7750.0,7761.25,Put VEX 3,VEX,-1088150.599,7562.008961372456,9249.538301040267
2026-09-01 12:41:19,7800.0,7811.5,Put DEX 4,DEX,-72.247,7562.008961372456,9249.538301040267
2026-09-01 12:41:19,7800.0,7811.5,Call GEX 1,GEX,490544.951,7562.008961372456,9249.538301040267
2026-09-01 12:41:19,7800.0,7811.5,Put VEX 2,VEX,-1697701.522,7562.008961372456,9249.538301040267
2026-09-01 12:41:19,7850.0,7861.5,Call GEX 4,GEX,261849.053,7562.008961372456,9249.538301040267
2026-09-01 12:41:19,7900.0,7911.5,Call GEX 2,GEX,357250.09,7562.008961372456,9249.538301040267
2026-09-01 12:41:19,7900.0,7911.5,Put VEX 5,VEX,-961235.422,7562.008961372456,9249.538301040267
2026-09-01 12:41:19,7950.0,7961.5,Call GEX 5,GEX,155436.965,7562.008961372456,9249.538301040267
2026-09-01 12:41:19,8000.0,8011.75,Put CEX 1,CEX,-3059147.102,7562.008961372456,9249.538301040267
2026-09-01 12:41:19,8000.0,8011.75,Put DEX 1,DEX,-2566.683,7562.008961372456,9249.538301040267
2026-09-01 12:41:19,8000.0,8011.75,Put GEX 4,GEX,-421917.457,7562.008961372456,9249.538301040267
2026-09-01 12:41:19,8000.0,8011.75,Put VEX 1,VEX,-10089696.753,7562.008961372456,9249.538301040267
2026-09-01 12:42:06,7000.0,7009.5,Call DEX 1,DEX,893.806,7577.503399356762,9258.3094850887
2026-09-01 12:42:06,7000.0,7009.5,Put GEX 1,GEX,-696666.67,7577.503399356762,9258.3094850887
2026-09-01 12:42:06,7000.0,7009.5,Call VEX 1,VEX,6986858.172,7577.503399356762,9258.3094850887
2026-09-01 12:42:06,7300.0,7310.0,Call DEX 2,DEX,252.295,7577.503399356762,9258.3094850887
2026-09-01 12:42:06,7300.0,7310.0,Call VEX 5,VEX,1650412.795,7577.503399356762,9258.3094850887
2026-09-01 12:42:06,7400.0,7410.25,Call DEX 4,DEX,193.259,7577.503399356762,9258.3094850887
2026-09-01 12:42:06,7400.0,7410.25,Call VEX 3,VEX,2095479.969,7577.503399356762,9258.3094850887
2026-09-01 12:42:06,7450.0,7460.25,Call DEX 3,DEX,194.819,7577.503399356762,9258.3094850887
2026-09-01 12:42:06,7450.0,7460.25,Call VEX 4,VEX,1824195.489,7577.503399356762,9258.3094850887
2026-09-01 12:42:06,7500.0,7510.25,Call DEX 5,DEX,127.84,7577.503399356762,9258.3094850887
2026-09-01 12:42:06,7500.0,7510.25,Put GEX 3,GEX,-586896.056,7577.503399356762,9258.3094850887
2026-09-01 12:42:06,7500.0,7510.25,Call VEX 2,VEX,2815731.866,7577.503399356762,9258.3094850887
2026-09-01 12:42:06,7550.0,7560.25,Put GEX 5,GEX,-381452.127,7577.503399356762,9258.3094850887
2026-09-01 12:42:06,7600.0,7610.5,Call CEX 1,CEX,2795675.01,7577.503399356762,9258.3094850887
2026-09-01 12:42:06,7610.0,7620.5,Call CEX 3,CEX,2477330.591,7577.503399356762,9258.3094850887
2026-09-01 12:42:06,7615.0,7625.5,Call CEX 2,CEX,2642923.105,7577.503399356762,9258.3094850887
2026-09-01 12:42:06,7620.0,7630.5,Call CEX 4,CEX,2303089.332,7577.503399356762,9258.3094850887
2026-09-01 12:42:06,7625.0,7635.5,Call CEX 5,CEX,1598589.38,7577.503399356762,9258.3094850887
2026-09-01 12:42:06,7625.0,7635.5,Put GEX 2,GEX,-635931.121,7577.503399356762,9258.3094850887
2026-09-01 12:42:06,7635.0,7645.5,Put CEX 4,CEX,-2031245.52,7577.503399356762,9258.3094850887
2026-09-01 12:42:06,7640.0,7650.5,Put CEX 2,CEX,-2553740.541,7577.503399356762,9258.3094850887
2026-09-01 12:42:06,7650.0,7660.5,Put CEX 3,CEX,-2237205.354,7577.503399356762,9258.3094850887
2026-09-01 12:42:06,7650.0,7660.5,Put DEX 4,DEX,-77.957,7577.503399356762,9258.3094850887
2026-09-01 12:42:06,7700.0,7710.5,Put CEX 5,CEX,-1985090.358,7577.503399356762,9258.3094850887
2026-09-01 12:42:06,7700.0,7710.5,Put DEX 2,DEX,-204.01,7577.503399356762,9258.3094850887
2026-09-01 12:42:06,7700.0,7710.5,Put VEX 4,VEX,-989948.654,7577.503399356762,9258.3094850887
2026-09-01 12:42:06,7750.0,7760.75,Put DEX 3,DEX,-96.795,7577.503399356762,9258.3094850887
2026-09-01 12:42:06,7750.0,7760.75,Call GEX 3,GEX,270772.484,7577.503399356762,9258.3094850887
2026-09-01 12:42:06,7750.0,7760.75,Put VEX 3,VEX,-1086704.338,7577.503399356762,9258.3094850887
2026-09-01 12:42:06,7800.0,7810.75,Put DEX 5,DEX,-75.049,7577.503399356762,9258.3094850887
2026-09-01 12:42:06,7800.0,7810.75,Call GEX 1,GEX,490261.552,7577.503399356762,9258.3094850887
2026-09-01 12:42:06,7800.0,7810.75,Put VEX 2,VEX,-1699285.334,7577.503399356762,9258.3094850887
2026-09-01 12:42:06,7850.0,7860.75,Call GEX 4,GEX,261865.271,7577.503399356762,9258.3094850887
2026-09-01 12:42:06,7900.0,7910.75,Call GEX 2,GEX,358025.799,7577.503399356762,9258.3094850887
2026-09-01 12:42:06,7900.0,7910.75,Put VEX 5,VEX,-962178.937,7577.503399356762,9258.3094850887
2026-09-01 12:42:06,7950.0,7961.0,Call GEX 5,GEX,155520.142,7577.503399356762,9258.3094850887
2026-09-01 12:42:06,8000.0,8011.0,Put CEX 1,CEX,-3061011.233,7577.503399356762,9258.3094850887
2026-09-01 12:42:06,8000.0,8011.0,Put DEX 1,DEX,-2567.212,7577.503399356762,9258.3094850887
2026-09-01 12:42:06,8000.0,8011.0,Put GEX 4,GEX,-416562.346,7577.503399356762,9258.3094850887
2026-09-01 12:42:06,8000.0,8011.0,Put VEX 1,VEX,-10073671.07,7577.503399356762,9258.3094850887
2026-09-01 12:42:54,7000.0,7009.25,Call DEX 1,DEX,858.389,7597.743808528586,9260.534699571594
2026-09-01 12:42:54,7000.0,7009.25,Put GEX 1,GEX,-704074.749,7597.743808528586,9260.534699571594
2026-09-01 12:42:54,7000.0,7009.25,Call VEX 1,VEX,6980246.568,7597.743808528586,9260.534699571594
2026-09-01 12:42:54,7300.0,7309.75,Call DEX 2,DEX,252.656,7597.743808528586,9260.534699571594
2026-09-01 12:42:54,7300.0,7309.75,Call VEX 5,VEX,1644422.479,7597.743808528586,9260.534699571594
2026-09-01 12:42:54,7400.0,7410.0,Call DEX 3,DEX,192.175,7597.743808528586,9260.534699571594
2026-09-01 12:42:54,7400.0,7410.0,Call VEX 3,VEX,2094283.89,7597.743808528586,9260.534699571594
2026-09-01 12:42:54,7450.0,7460.0,Call DEX 4,DEX,188.793,7597.743808528586,9260.534699571594
2026-09-01 12:42:54,7450.0,7460.0,Call VEX 4,VEX,1821332.645,7597.743808528586,9260.534699571594
2026-09-01 12:42:54,7500.0,7510.0,Call DEX 5,DEX,126.16,7597.743808528586,9260.534699571594
2026-09-01 12:42:54,7500.0,7510.0,Put GEX 3,GEX,-586912.859,7597.743808528586,9260.534699571594
2026-09-01 12:42:54,7500.0,7510.0,Call VEX 2,VEX,2806817.141,7597.743808528586,9260.534699571594
2026-09-01 12:42:54,7550.0,7560.0,Put GEX 5,GEX,-380201.098,7597.743808528586,9260.534699571594
2026-09-01 12:42:54,7600.0,7610.25,Call CEX 3,CEX,2406295.561,7597.743808528586,9260.534699571594
2026-09-01 12:42:54,7605.0,7615.25,Call CEX 5,CEX,1653798.013,7597.743808528586,9260.534699571594
2026-09-01 12:42:54,7610.0,7620.25,Call CEX 2,CEX,2525676.878,7597.743808528586,9260.534699571594
2026-09-01 12:42:54,7615.0,7625.25,Call CEX 1,CEX,2700310.824,7597.743808528586,9260.534699571594
2026-09-01 12:42:54,7620.0,7630.25,Call CEX 4,CEX,2187924.193,7597.743808528586,9260.534699571594
2026-09-01 12:42:54,7625.0,7635.25,Put GEX 2,GEX,-596466.021,7597.743808528586,9260.534699571594
2026-09-01 12:42:54,7640.0,7650.25,Put CEX 4,CEX,-2804785.225,7597.743808528586,9260.534699571594
2026-09-01 12:42:54,7650.0,7660.25,Put CEX 1,CEX,-4038674.21,7597.743808528586,9260.534699571594
2026-09-01 12:42:54,7650.0,7660.25,Put DEX 4,DEX,-77.662,7597.743808528586,9260.534699571594
2026-09-01 12:42:54,7675.0,7685.25,Put CEX 2,CEX,-3183721.624,7597.743808528586,9260.534699571594
2026-09-01 12:42:54,7700.0,7710.25,Put CEX 5,CEX,-2760061.726,7597.743808528586,9260.534699571594
2026-09-01 12:42:54,7700.0,7710.25,Put DEX 2,DEX,-205.157,7597.743808528586,9260.534699571594
2026-09-01 12:42:54,7700.0,7710.25,Put VEX 4,VEX,-1010303.113,7597.743808528586,9260.534699571594
2026-09-01 12:42:54,7750.0,7760.25,Put DEX 3,DEX,-97.228,7597.743808528586,9260.534699571594
2026-09-01 12:42:54,7750.0,7760.25,Call GEX 3,GEX,264670.777,7597.743808528586,9260.534699571594
2026-09-01 12:42:54,7750.0,7760.25,Put VEX 3,VEX,-1099812.106,7597.743808528586,9260.534699571594
2026-09-01 12:42:54,7800.0,7810.5,Put DEX 5,DEX,-75.381,7597.743808528586,9260.534699571594
2026-09-01 12:42:54,7800.0,7810.5,Call GEX 1,GEX,488803.1,7597.743808528586,9260.534699571594
2026-09-01 12:42:54,7800.0,7810.5,Put VEX 2,VEX,-1703455.144,7597.743808528586,9260.534699571594
2026-09-01 12:42:54,7850.0,7860.5,Call GEX 4,GEX,260641.987,7597.743808528586,9260.534699571594
2026-09-01 12:42:54,7900.0,7910.5,Call GEX 2,GEX,356454.147,7597.743808528586,9260.534699571594
2026-09-01 12:42:54,7900.0,7910.5,Put VEX 5,VEX,-959648.237,7597.743808528586,9260.534699571594
2026-09-01 12:42:54,7950.0,7960.5,Call GEX 5,GEX,154907.407,7597.743808528586,9260.534699571594
2026-09-01 12:42:54,8000.0,8010.75,Put CEX 3,CEX,-3081886.046,7597.743808528586,9260.534699571594
2026-09-01 12:42:54,8000.0,8010.75,Put DEX 1,DEX,-2559.626,7597.743808528586,9260.534699571594
2026-09-01 12:42:54,8000.0,8010.75,Put GEX 4,GEX,-431704.426,7597.743808528586,9260.534699571594
2026-09-01 12:42:54,8000.0,8010.75,Put VEX 1,VEX,-10119605.27,7597.743808528586,9260.534699571594
2026-09-01 12:43:41,7000.0,7010.0,Call DEX 1,DEX,853.477,7587.402164045938,9259.851223979307
2026-09-01 12:43:41,7000.0,7010.0,Put GEX 1,GEX,-706589.23,7587.402164045938,9259.851223979307
2026-09-01 12:43:41,7000.0,7010.0,Call VEX 1,VEX,7039436.384,7587.402164045938,9259.851223979307
2026-09-01 12:43:41,7200.0,7210.25,Call DEX 5,DEX,121.037,7587.402164045938,9259.851223979307
2026-09-01 12:43:41,7300.0,7310.25,Call DEX 2,DEX,249.875,7587.402164045938,9259.851223979307
2026-09-01 12:43:41,7300.0,7310.25,Call VEX 5,VEX,1658787.136,7587.402164045938,9259.851223979307
2026-09-01 12:43:41,7400.0,7410.5,Call DEX 3,DEX,189.296,7587.402164045938,9259.851223979307
2026-09-01 12:43:41,7400.0,7410.5,Call VEX 3,VEX,2089708.596,7587.402164045938,9259.851223979307
2026-09-01 12:43:41,7450.0,7460.5,Call DEX 4,DEX,185.602,7587.402164045938,9259.851223979307
2026-09-01 12:43:41,7450.0,7460.5,Call VEX 4,VEX,1813088.733,7587.402164045938,9259.851223979307
2026-09-01 12:43:41,7500.0,7510.5,Put GEX 3,GEX,-591492.017,7587.402164045938,9259.851223979307
2026-09-01 12:43:41,7500.0,7510.5,Call VEX 2,VEX,2781204.558,7587.402164045938,9259.851223979307
2026-09-01 12:43:41,7550.0,7560.75,Put GEX 5,GEX,-385625.959,7587.402164045938,9259.851223979307
2026-09-01 12:43:41,7600.0,7610.75,Call CEX 1,CEX,3028053.789,7587.402164045938,9259.851223979307
2026-09-01 12:43:41,7605.0,7615.75,Call CEX 5,CEX,1836661.729,7587.402164045938,9259.851223979307
2026-09-01 12:43:41,7610.0,7620.75,Call CEX 2,CEX,2787699.977,7587.402164045938,9259.851223979307
2026-09-01 12:43:41,7615.0,7625.75,Call CEX 3,CEX,2741332.078,7587.402164045938,9259.851223979307
2026-09-01 12:43:41,7620.0,7630.75,Call CEX 4,CEX,1867601.043,7587.402164045938,9259.851223979307
2026-09-01 12:43:41,7625.0,7635.75,Put GEX 2,GEX,-665297.752,7587.402164045938,9259.851223979307
2026-09-01 12:43:41,7630.0,7640.75,Put CEX 2,CEX,-2819384.924,7587.402164045938,9259.851223979307
2026-09-01 12:43:41,7635.0,7645.75,Put CEX 4,CEX,-2069269.137,7587.402164045938,9259.851223979307
2026-09-01 12:43:41,7640.0,7650.75,Put CEX 3,CEX,-2277243.391,7587.402164045938,9259.851223979307
2026-09-01 12:43:41,7650.0,7660.75,Put DEX 4,DEX,-81.223,7587.402164045938,9259.851223979307
2026-09-01 12:43:41,7700.0,7711.0,Put CEX 5,CEX,-1982948.752,7587.402164045938,9259.851223979307
2026-09-01 12:43:41,7700.0,7711.0,Put DEX 2,DEX,-209.326,7587.402164045938,9259.851223979307
2026-09-01 12:43:41,7700.0,7711.0,Put VEX 4,VEX,-1024801.219,7587.402164045938,9259.851223979307
2026-09-01 12:43:41,7750.0,7761.0,Put DEX 3,DEX,-98.95,7587.402164045938,9259.851223979307
2026-09-01 12:43:41,7750.0,7761.0,Call GEX 3,GEX,263016.655,7587.402164045938,9259.851223979307
2026-09-01 12:43:41,7750.0,7761.0,Put VEX 3,VEX,-1105029.291,7587.402164045938,9259.851223979307
2026-09-01 12:43:41,7800.0,7811.0,Put DEX 5,DEX,-77.555,7587.402164045938,9259.851223979307
2026-09-01 12:43:41,7800.0,7811.0,Call GEX 1,GEX,483918.51,7587.402164045938,9259.851223979307
2026-09-01 12:43:41,7800.0,7811.0,Put VEX 2,VEX,-1707795.8,7587.402164045938,9259.851223979307
2026-09-01 12:43:41,7850.0,7861.0,Call GEX 4,GEX,258932.596,7587.402164045938,9259.851223979307
2026-09-01 12:43:41,7900.0,7911.25,Call GEX 2,GEX,354498.902,7587.402164045938,9259.851223979307
2026-09-01 12:43:41,7900.0,7911.25,Put VEX 5,VEX,-958324.353,7587.402164045938,9259.851223979307
2026-09-01 12:43:41,7950.0,7961.25,Call GEX 5,GEX,153943.338,7587.402164045938,9259.851223979307
2026-09-01 12:43:41,8000.0,8011.25,Put CEX 1,CEX,-3062898.588,7587.402164045938,9259.851223979307
2026-09-01 12:43:41,8000.0,8011.25,Put DEX 1,DEX,-2565.925,7587.402164045938,9259.851223979307
2026-09-01 12:43:41,8000.0,8011.25,Put GEX 4,GEX,-423855.769,7587.402164045938,9259.851223979307
2026-09-01 12:43:41,8000.0,8011.25,Put VEX 1,VEX,-10086434.539,7587.402164045938,9259.851223979307
2026-09-01 12:44:29,7000.0,7009.75,Call DEX 1,DEX,855.593,7592.505501522223,9256.22459466005
2026-09-01 12:44:29,7000.0,7009.75,Put GEX 1,GEX,-707236.946,7592.505501522223,9256.22459466005
2026-09-01 12:44:29,7000.0,7009.75,Call VEX 1,VEX,7006702.983,7592.505501522223,9256.22459466005
2026-09-01 12:44:29,7300.0,7310.25,Call DEX 2,DEX,250.695,7592.505501522223,9256.22459466005
2026-09-01 12:44:29,7300.0,7310.25,Call VEX 5,VEX,1655663.088,7592.505501522223,9256.22459466005
2026-09-01 12:44:29,7400.0,7410.25,Call DEX 3,DEX,190.47,7592.505501522223,9256.22459466005
2026-09-01 12:44:29,7400.0,7410.25,Call VEX 3,VEX,2091377.675,7592.505501522223,9256.22459466005
2026-09-01 12:44:29,7450.0,7460.5,Call DEX 4,DEX,186.908,7592.505501522223,9256.22459466005
2026-09-01 12:44:29,7450.0,7460.5,Call VEX 4,VEX,1816287.676,7592.505501522223,9256.22459466005
2026-09-01 12:44:29,7500.0,7510.5,Call DEX 5,DEX,122.797,7592.505501522223,9256.22459466005
2026-09-01 12:44:29,7500.0,7510.5,Put GEX 3,GEX,-589478.006,7592.505501522223,9256.22459466005
2026-09-01 12:44:29,7500.0,7510.5,Call VEX 2,VEX,2792084.154,7592.505501522223,9256.22459466005
2026-09-01 12:44:29,7550.0,7560.5,Put GEX 5,GEX,-383570.729,7592.505501522223,9256.22459466005
2026-09-01 12:44:29,7600.0,7610.5,Call CEX 4,CEX,1969218.234,7592.505501522223,9256.22459466005
2026-09-01 12:44:29,7605.0,7615.75,Call CEX 5,CEX,1651043.937,7592.505501522223,9256.22459466005
2026-09-01 12:44:29,7610.0,7620.75,Call CEX 2,CEX,2591442.264,7592.505501522223,9256.22459466005
2026-09-01 12:44:29,7615.0,7625.75,Call CEX 1,CEX,2746893.051,7592.505501522223,9256.22459466005
2026-09-01 12:44:29,7620.0,7630.75,Call CEX 3,CEX,2158619.509,7592.505501522223,9256.22459466005
2026-09-01 12:44:29,7625.0,7635.75,Put GEX 2,GEX,-666984.091,7592.505501522223,9256.22459466005
2026-09-01 12:44:29,7630.0,7640.75,Put CEX 3,CEX,-2543036.55,7592.505501522223,9256.22459466005
2026-09-01 12:44:29,7640.0,7650.75,Put CEX 4,CEX,-2531975.865,7592.505501522223,9256.22459466005
2026-09-01 12:44:29,7650.0,7660.75,Put CEX 2,CEX,-2760794.231,7592.505501522223,9256.22459466005
2026-09-01 12:44:29,7650.0,7660.75,Put DEX 4,DEX,-79.678,7592.505501522223,9256.22459466005
2026-09-01 12:44:29,7675.0,7685.75,Put CEX 5,CEX,-2253761.615,7592.505501522223,9256.22459466005
2026-09-01 12:44:29,7700.0,7710.75,Put DEX 2,DEX,-207.18,7592.505501522223,9256.22459466005
2026-09-01 12:44:29,7700.0,7710.75,Put VEX 4,VEX,-1012945.383,7592.505501522223,9256.22459466005
2026-09-01 12:44:29,7750.0,7760.75,Put DEX 3,DEX,-97.772,7592.505501522223,9256.22459466005
2026-09-01 12:44:29,7750.0,7760.75,Call GEX 3,GEX,263876.722,7592.505501522223,9256.22459466005
2026-09-01 12:44:29,7750.0,7760.75,Put VEX 3,VEX,-1099719.238,7592.505501522223,9256.22459466005
2026-09-01 12:44:29,7800.0,7811.0,Put DEX 5,DEX,-76.115,7592.505501522223,9256.22459466005
2026-09-01 12:44:29,7800.0,7811.0,Call GEX 1,GEX,485997.084,7592.505501522223,9256.22459466005
2026-09-01 12:44:29,7800.0,7811.0,Put VEX 2,VEX,-1704402.522,7592.505501522223,9256.22459466005
2026-09-01 12:44:29,7850.0,7861.0,Call GEX 4,GEX,260642.689,7592.505501522223,9256.22459466005
2026-09-01 12:44:29,7900.0,7911.0,Call GEX 2,GEX,355925.672,7592.505501522223,9256.22459466005
2026-09-01 12:44:29,7900.0,7911.0,Put VEX 5,VEX,-960639.174,7592.505501522223,9256.22459466005
2026-09-01 12:44:29,7950.0,7961.0,Call GEX 5,GEX,154631.65,7592.505501522223,9256.22459466005
2026-09-01 12:44:29,8000.0,8011.25,Put CEX 1,CEX,-3032458.857,7592.505501522223,9256.22459466005
2026-09-01 12:44:29,8000.0,8011.25,Put DEX 1,DEX,-2544.531,7592.505501522223,9256.22459466005
2026-09-01 12:44:29,8000.0,8011.25,Put GEX 4,GEX,-414171.492,7592.505501522223,9256.22459466005
2026-09-01 12:44:29,8000.0,8011.25,Put VEX 1,VEX,-10058338.517,7592.505501522223,9256.22459466005
2026-09-01 12:45:16,7000.0,7010.0,Call DEX 1,DEX,856.561,7588.811758973063,9255.133771810271
2026-09-01 12:45:16,7000.0,7010.0,Put GEX 1,GEX,-714519.594,7588.811758973063,9255.133771810271
2026-09-01 12:45:16,7000.0,7010.0,Call VEX 1,VEX,6903573.98,7588.811758973063,9255.133771810271
2026-09-01 12:45:16,7300.0,7310.5,Call DEX 2,DEX,251.921,7588.811758973063,9255.133771810271
2026-09-01 12:45:16,7300.0,7310.5,Call VEX 5,VEX,1651496.25,7588.811758973063,9255.133771810271
2026-09-01 12:45:16,7400.0,7410.5,Call DEX 3,DEX,192.118,7588.811758973063,9255.133771810271
2026-09-01 12:45:16,7400.0,7410.5,Call VEX 3,VEX,2093825.425,7588.811758973063,9255.133771810271
2026-09-01 12:45:16,7450.0,7460.5,Call DEX 4,DEX,188.7,7588.811758973063,9255.133771810271
2026-09-01 12:45:16,7450.0,7460.5,Call VEX 4,VEX,1820073.809,7588.811758973063,9255.133771810271
2026-09-01 12:45:16,7500.0,7510.75,Call DEX 5,DEX,126.515,7588.811758973063,9255.133771810271
2026-09-01 12:45:16,7500.0,7510.75,Put GEX 3,GEX,-585332.018,7588.811758973063,9255.133771810271
2026-09-01 12:45:16,7500.0,7510.75,Call VEX 2,VEX,2808036.009,7588.811758973063,9255.133771810271
2026-09-01 12:45:16,7550.0,7560.75,Put GEX 5,GEX,-379438.451,7588.811758973063,9255.133771810271
2026-09-01 12:45:16,7600.0,7610.75,Call CEX 4,CEX,1958149.277,7588.811758973063,9255.133771810271
2026-09-01 12:45:16,7610.0,7620.75,Call CEX 3,CEX,2413443.213,7588.811758973063,9255.133771810271
2026-09-01 12:45:16,7615.0,7625.75,Call CEX 1,CEX,2701175.855,7588.811758973063,9255.133771810271
2026-09-01 12:45:16,7620.0,7630.75,Call CEX 2,CEX,2425562.086,7588.811758973063,9255.133771810271
2026-09-01 12:45:16,7625.0,7635.75,Call CEX 5,CEX,1643705.671,7588.811758973063,9255.133771810271
2026-09-01 12:45:16,7625.0,7635.75,Put GEX 2,GEX,-648784.02,7588.811758973063,9255.133771810271
2026-09-01 12:45:16,7640.0,7651.0,Put CEX 3,CEX,-2735469.04,7588.811758973063,9255.133771810271
2026-09-01 12:45:16,7650.0,7661.0,Put CEX 1,CEX,-3253416.085,7588.811758973063,9255.133771810271
2026-09-01 12:45:16,7650.0,7661.0,Put DEX 4,DEX,-77.569,7588.811758973063,9255.133771810271
2026-09-01 12:45:16,7675.0,7686.0,Put CEX 4,CEX,-2289356.282,7588.811758973063,9255.133771810271
2026-09-01 12:45:16,7700.0,7711.0,Put CEX 5,CEX,-2170090.565,7588.811758973063,9255.133771810271
2026-09-01 12:45:16,7700.0,7711.0,Put DEX 2,DEX,-203.864,7588.811758973063,9255.133771810271
2026-09-01 12:45:16,7700.0,7711.0,Put VEX 4,VEX,-991311.684,7588.811758973063,9255.133771810271
2026-09-01 12:45:16,7750.0,7761.0,Put DEX 3,DEX,-95.936,7588.811758973063,9255.133771810271
2026-09-01 12:45:16,7750.0,7761.0,Call GEX 3,GEX,265308.07,7588.811758973063,9255.133771810271
2026-09-01 12:45:16,7750.0,7761.0,Put VEX 3,VEX,-1094676.482,7588.811758973063,9255.133771810271
2026-09-01 12:45:16,7800.0,7811.0,Put DEX 5,DEX,-74.626,7588.811758973063,9255.133771810271
2026-09-01 12:45:16,7800.0,7811.0,Call GEX 1,GEX,490301.201,7588.811758973063,9255.133771810271
2026-09-01 12:45:16,7800.0,7811.0,Put VEX 2,VEX,-1700583.182,7588.811758973063,9255.133771810271
2026-09-01 12:45:16,7850.0,7861.25,Call GEX 4,GEX,261509.342,7588.811758973063,9255.133771810271
2026-09-01 12:45:16,7900.0,7911.25,Call GEX 2,GEX,358057.63,7588.811758973063,9255.133771810271
2026-09-01 12:45:16,7900.0,7911.25,Put VEX 5,VEX,-962505.354,7588.811758973063,9255.133771810271
2026-09-01 12:45:16,7950.0,7961.25,Call GEX 5,GEX,155660.952,7588.811758973063,9255.133771810271
2026-09-01 12:45:16,8000.0,8011.5,Put CEX 2,CEX,-3082048.411,7588.811758973063,9255.133771810271
2026-09-01 12:45:16,8000.0,8011.5,Put DEX 1,DEX,-2559.205,7588.811758973063,9255.133771810271
2026-09-01 12:45:16,8000.0,8011.5,Put GEX 4,GEX,-425102.886,7588.811758973063,9255.133771810271
2026-09-01 12:45:16,8000.0,8011.5,Put VEX 1,VEX,-10106778.412,7588.811758973063,9255.133771810271
2026-09-01 12:46:05,7000.0,7009.25,Call CEX 5,CEX,1554053.474,7594.830027187758,9259.743936475994
2026-09-01 12:46:05,7000.0,7009.25,Call DEX 1,DEX,887.897,7594.830027187758,9259.743936475994
2026-09-01 12:46:05,7000.0,7009.25,Put GEX 1,GEX,-704378.608,7594.830027187758,9259.743936475994
2026-09-01 12:46:05,7000.0,7009.25,Call VEX 1,VEX,6975354.992,7594.830027187758,9259.743936475994
2026-09-01 12:46:05,7300.0,7309.75,Call DEX 2,DEX,252.321,7594.830027187758,9259.743936475994
2026-09-01 12:46:05,7300.0,7309.75,Call VEX 5,VEX,1646269.296,7594.830027187758,9259.743936475994
2026-09-01 12:46:05,7400.0,7410.0,Call DEX 3,DEX,191.95,7594.830027187758,9259.743936475994
2026-09-01 12:46:05,7400.0,7410.0,Call VEX 3,VEX,2093395.332,7594.830027187758,9259.743936475994
2026-09-01 12:46:05,7450.0,7460.0,Call DEX 4,DEX,188.042,7594.830027187758,9259.743936475994
2026-09-01 12:46:05,7450.0,7460.0,Call VEX 4,VEX,1819251.863,7594.830027187758,9259.743936475994
2026-09-01 12:46:05,7500.0,7510.0,Call DEX 5,DEX,126.07,7594.830027187758,9259.743936475994
2026-09-01 12:46:05,7500.0,7510.0,Put GEX 3,GEX,-585036.768,7594.830027187758,9259.743936475994
2026-09-01 12:46:05,7500.0,7510.0,Call VEX 2,VEX,2806128.482,7594.830027187758,9259.743936475994
2026-09-01 12:46:05,7550.0,7560.0,Put GEX 5,GEX,-377968.375,7594.830027187758,9259.743936475994
2026-09-01 12:46:05,7600.0,7610.25,Call CEX 4,CEX,1976421.079,7594.830027187758,9259.743936475994
2026-09-01 12:46:05,7610.0,7620.25,Call CEX 3,CEX,2381210.9,7594.830027187758,9259.743936475994
2026-09-01 12:46:05,7615.0,7625.25,Call CEX 1,CEX,2679025.072,7594.830027187758,9259.743936475994
2026-09-01 12:46:05,7620.0,7630.25,Call CEX 2,CEX,2416945.599,7594.830027187758,9259.743936475994
2026-09-01 12:46:05,7625.0,7635.25,Put GEX 2,GEX,-597314.834,7594.830027187758,9259.743936475994
2026-09-01 12:46:05,7640.0,7650.25,Put CEX 4,CEX,-2914407.957,7594.830027187758,9259.743936475994
2026-09-01 12:46:05,7650.0,7660.25,Put CEX 1,CEX,-4008032.269,7594.830027187758,9259.743936475994
2026-09-01 12:46:05,7650.0,7660.25,Put DEX 4,DEX,-76.941,7594.830027187758,9259.743936475994
2026-09-01 12:46:05,7675.0,7685.25,Put CEX 2,CEX,-3084620.798,7594.830027187758,9259.743936475994
2026-09-01 12:46:05,7700.0,7710.25,Put CEX 5,CEX,-2679877.598,7594.830027187758,9259.743936475994
2026-09-01 12:46:05,7700.0,7710.25,Put DEX 2,DEX,-203.699,7594.830027187758,9259.743936475994
2026-09-01 12:46:05,7700.0,7710.25,Put VEX 4,VEX,-998415.166,7594.830027187758,9259.743936475994
2026-09-01 12:46:05,7750.0,7760.25,Put DEX 3,DEX,-95.906,7594.830027187758,9259.743936475994
2026-09-01 12:46:05,7750.0,7760.25,Call GEX 3,GEX,263853.26,7594.830027187758,9259.743936475994
2026-09-01 12:46:05,7750.0,7760.25,Put VEX 3,VEX,-1096106.648,7594.830027187758,9259.743936475994
2026-09-01 12:46:05,7800.0,7810.5,Put DEX 5,DEX,-74.533,7594.830027187758,9259.743936475994
2026-09-01 12:46:05,7800.0,7810.5,Call GEX 1,GEX,490827.375,7594.830027187758,9259.743936475994
2026-09-01 12:46:05,7800.0,7810.5,Put VEX 2,VEX,-1698260.101,7594.830027187758,9259.743936475994
2026-09-01 12:46:05,7850.0,7860.5,Call GEX 4,GEX,261581.602,7594.830027187758,9259.743936475994
2026-09-01 12:46:05,7900.0,7910.5,Call GEX 2,GEX,358012.071,7594.830027187758,9259.743936475994
2026-09-01 12:46:05,7900.0,7910.5,Put VEX 5,VEX,-962249.447,7594.830027187758,9259.743936475994
2026-09-01 12:46:05,7950.0,7960.75,Call GEX 5,GEX,155894.701,7594.830027187758,9259.743936475994
2026-09-01 12:46:05,8000.0,8010.75,Put CEX 3,CEX,-3064815.376,7594.830027187758,9259.743936475994
2026-09-01 12:46:05,8000.0,8010.75,Put DEX 1,DEX,-2558.027,7594.830027187758,9259.743936475994
2026-09-01 12:46:05,8000.0,8010.75,Put GEX 4,GEX,-425391.05,7594.830027187758,9259.743936475994
2026-09-01 12:46:05,8000.0,8010.75,Put VEX 1,VEX,-10108917.116,7594.830027187758,9259.743936475994
2026-09-01 12:46:53,7000.0,7010.0,Call DEX 1,DEX,886.383,7583.412284804429,9258.682026984776
2026-09-01 12:46:53,7000.0,7010.0,Put GEX 1,GEX,-698838.63,7583.412284804429,9258.682026984776
2026-09-01 12:46:53,7000.0,7010.0,Call VEX 1,VEX,7008150.245,7583.412284804429,9258.682026984776
2026-09-01 12:46:53,7300.0,7310.25,Call DEX 2,DEX,251.552,7583.412284804429,9258.682026984776
2026-09-01 12:46:53,7300.0,7310.25,Call VEX 5,VEX,1654307.225,7583.412284804429,9258.682026984776
2026-09-01 12:46:53,7400.0,7410.5,Call DEX 4,DEX,192.312,7583.412284804429,9258.682026984776
2026-09-01 12:46:53,7400.0,7410.5,Call VEX 3,VEX,2094492.365,7583.412284804429,9258.682026984776
2026-09-01 12:46:53,7450.0,7460.5,Call DEX 3,DEX,193.966,7583.412284804429,9258.682026984776
2026-09-01 12:46:53,7450.0,7460.5,Call VEX 4,VEX,1821334.972,7583.412284804429,9258.682026984776
2026-09-01 12:46:53,7500.0,7510.75,Call DEX 5,DEX,126.3,7583.412284804429,9258.682026984776
2026-09-01 12:46:53,7500.0,7510.75,Put GEX 3,GEX,-589307.691,7583.412284804429,9258.682026984776
2026-09-01 12:46:53,7500.0,7510.75,Call VEX 2,VEX,2807474.555,7583.412284804429,9258.682026984776
2026-09-01 12:46:53,7550.0,7560.75,Put GEX 5,GEX,-382717.689,7583.412284804429,9258.682026984776
2026-09-01 12:46:53,7600.0,7610.75,Call CEX 4,CEX,2247325.785,7583.412284804429,9258.682026984776
2026-09-01 12:46:53,7610.0,7620.75,Call CEX 3,CEX,2329877.786,7583.412284804429,9258.682026984776
2026-09-01 12:46:53,7615.0,7625.75,Call CEX 1,CEX,2727904.468,7583.412284804429,9258.682026984776
2026-09-01 12:46:53,7620.0,7630.75,Call CEX 2,CEX,2502833.385,7583.412284804429,9258.682026984776
2026-09-01 12:46:53,7625.0,7635.75,Call CEX 5,CEX,1743069.133,7583.412284804429,9258.682026984776
2026-09-01 12:46:53,7625.0,7635.75,Put GEX 2,GEX,-670954.878,7583.412284804429,9258.682026984776
2026-09-01 12:46:53,7635.0,7645.75,Put CEX 4,CEX,-2164143.415,7583.412284804429,9258.682026984776
2026-09-01 12:46:53,7640.0,7650.75,Put CEX 2,CEX,-2576537.387,7583.412284804429,9258.682026984776
2026-09-01 12:46:53,7650.0,7660.75,Put CEX 3,CEX,-2558040.802,7583.412284804429,9258.682026984776
2026-09-01 12:46:53,7650.0,7660.75,Put DEX 4,DEX,-77.979,7583.412284804429,9258.682026984776
2026-09-01 12:46:53,7675.0,7686.0,Put CEX 5,CEX,-2090645.29,7583.412284804429,9258.682026984776
2026-09-01 12:46:53,7700.0,7711.0,Put DEX 2,DEX,-203.962,7583.412284804429,9258.682026984776
2026-09-01 12:46:53,7700.0,7711.0,Put VEX 4,VEX,-989529.262,7583.412284804429,9258.682026984776
2026-09-01 12:46:53,7750.0,7761.0,Put DEX 3,DEX,-96.423,7583.412284804429,9258.682026984776
2026-09-01 12:46:53,7750.0,7761.0,Call GEX 3,GEX,264121.098,7583.412284804429,9258.682026984776
2026-09-01 12:46:53,7750.0,7761.0,Put VEX 3,VEX,-1091962.226,7583.412284804429,9258.682026984776
2026-09-01 12:46:53,7800.0,7811.0,Put DEX 5,DEX,-74.906,7583.412284804429,9258.682026984776
2026-09-01 12:46:53,7800.0,7811.0,Call GEX 1,GEX,488609.316,7583.412284804429,9258.682026984776
2026-09-01 12:46:53,7800.0,7811.0,Put VEX 2,VEX,-1700013.348,7583.412284804429,9258.682026984776
2026-09-01 12:46:53,7850.0,7861.25,Call GEX 4,GEX,262399.372,7583.412284804429,9258.682026984776
2026-09-01 12:46:53,7900.0,7911.25,Call GEX 2,GEX,358061.842,7583.412284804429,9258.682026984776
2026-09-01 12:46:53,7900.0,7911.25,Put VEX 5,VEX,-962414.302,7583.412284804429,9258.682026984776
2026-09-01 12:46:53,7950.0,7961.25,Call GEX 5,GEX,155703.721,7583.412284804429,9258.682026984776
2026-09-01 12:46:53,8000.0,8011.25,Put CEX 1,CEX,-3045918.774,7583.412284804429,9258.682026984776
2026-09-01 12:46:53,8000.0,8011.25,Put DEX 1,DEX,-2574.83,7583.412284804429,9258.682026984776
2026-09-01 12:46:53,8000.0,8011.25,Put GEX 4,GEX,-408020.347,7583.412284804429,9258.682026984776
2026-09-01 12:46:53,8000.0,8011.25,Put VEX 1,VEX,-10044200.537,7583.412284804429,9258.682026984776
2026-09-01 12:47:39,7000.0,7009.75,Call DEX 1,DEX,857.468,7590.251621018084,9245.824704099696
2026-09-01 12:47:39,7000.0,7009.75,Put GEX 1,GEX,-708366.274,7590.251621018084,9245.824704099696
2026-09-01 12:47:39,7000.0,7009.75,Call VEX 1,VEX,6908277.227,7590.251621018084,9245.824704099696
2026-09-01 12:47:39,7300.0,7310.25,Call DEX 2,DEX,252.761,7590.251621018084,9245.824704099696
2026-09-01 12:47:39,7300.0,7310.25,Call VEX 5,VEX,1644803.616,7590.251621018084,9245.824704099696
2026-09-01 12:47:39,7400.0,7410.5,Call DEX 3,DEX,194.026,7590.251621018084,9245.824704099696
2026-09-01 12:47:39,7400.0,7410.5,Call VEX 3,VEX,2095768.809,7590.251621018084,9245.824704099696
2026-09-01 12:47:39,7450.0,7460.5,Call DEX 4,DEX,190.877,7590.251621018084,9245.824704099696
2026-09-01 12:47:39,7450.0,7460.5,Call VEX 4,VEX,1824166.485,7590.251621018084,9245.824704099696
2026-09-01 12:47:39,7500.0,7510.5,Call DEX 5,DEX,130.795,7590.251621018084,9245.824704099696
2026-09-01 12:47:39,7500.0,7510.5,Put GEX 3,GEX,-581443.076,7590.251621018084,9245.824704099696
2026-09-01 12:47:39,7500.0,7510.5,Call VEX 2,VEX,2824590.729,7590.251621018084,9245.824704099696
2026-09-01 12:47:39,7550.0,7560.5,Put GEX 5,GEX,-374235.79,7590.251621018084,9245.824704099696
2026-09-01 12:47:39,7600.0,7610.75,Call CEX 5,CEX,1976173.659,7590.251621018084,9245.824704099696
2026-09-01 12:47:39,7610.0,7620.75,Call CEX 4,CEX,2205963.179,7590.251621018084,9245.824704099696
2026-09-01 12:47:39,7615.0,7625.75,Call CEX 3,CEX,2482726.298,7590.251621018084,9245.824704099696
2026-09-01 12:47:39,7620.0,7630.75,Call CEX 2,CEX,2664756.448,7590.251621018084,9245.824704099696
2026-09-01 12:47:39,7625.0,7635.75,Call CEX 1,CEX,3032093.33,7590.251621018084,9245.824704099696
2026-09-01 12:47:39,7625.0,7635.75,Put GEX 2,GEX,-593092.563,7590.251621018084,9245.824704099696
2026-09-01 12:47:39,7640.0,7650.75,Put CEX 4,CEX,-3012700.089,7590.251621018084,9245.824704099696
2026-09-01 12:47:39,7650.0,7660.75,Put CEX 1,CEX,-3981690.982,7590.251621018084,9245.824704099696
2026-09-01 12:47:39,7650.0,7660.75,Put DEX 4,DEX,-74.689,7590.251621018084,9245.824704099696
2026-09-01 12:47:39,7675.0,7685.75,Put CEX 3,CEX,-3052852.319,7590.251621018084,9245.824704099696
2026-09-01 12:47:39,7700.0,7710.75,Put CEX 5,CEX,-2642898.956,7590.251621018084,9245.824704099696
2026-09-01 12:47:39,7700.0,7710.75,Put DEX 2,DEX,-199.606,7590.251621018084,9245.824704099696
2026-09-01 12:47:39,7700.0,7710.75,Put VEX 4,VEX,-969182.968,7590.251621018084,9245.824704099696
2026-09-01 12:47:39,7750.0,7761.0,Put DEX 3,DEX,-94.015,7590.251621018084,9245.824704099696
2026-09-01 12:47:39,7750.0,7761.0,Call GEX 3,GEX,268839.148,7590.251621018084,9245.824704099696
2026-09-01 12:47:39,7750.0,7761.0,Put VEX 3,VEX,-1084853.15,7590.251621018084,9245.824704099696
2026-09-01 12:47:39,7800.0,7811.0,Put DEX 5,DEX,-72.541,7590.251621018084,9245.824704099696
2026-09-01 12:47:39,7800.0,7811.0,Call GEX 1,GEX,494912.025,7590.251621018084,9245.824704099696
2026-09-01 12:47:39,7800.0,7811.0,Put VEX 2,VEX,-1694208.401,7590.251621018084,9245.824704099696
2026-09-01 12:47:39,7850.0,7861.0,Call GEX 4,GEX,263729.056,7590.251621018084,9245.824704099696
2026-09-01 12:47:39,7900.0,7911.0,Call GEX 2,GEX,361017.583,7590.251621018084,9245.824704099696
2026-09-01 12:47:39,7900.0,7911.0,Put VEX 5,VEX,-963577.761,7590.251621018084,9245.824704099696
2026-09-01 12:47:39,7950.0,7961.25,Call GEX 5,GEX,156890.186,7590.251621018084,9245.824704099696
2026-09-01 12:47:39,8000.0,8011.25,Put CEX 2,CEX,-3089175.604,7590.251621018084,9245.824704099696
2026-09-01 12:47:39,8000.0,8011.25,Put DEX 1,DEX,-2555.403,7590.251621018084,9245.824704099696
2026-09-01 12:47:39,8000.0,8011.25,Put GEX 4,GEX,-429046.277,7590.251621018084,9245.824704099696
2026-09-01 12:47:39,8000.0,8011.25,Put VEX 1,VEX,-10128132.066,7590.251621018084,9245.824704099696
2026-09-01 12:48:26,7000.0,7009.75,Call DEX 1,DEX,862.061,7584.5503580501345,9244.32101582748
2026-09-01 12:48:26,7000.0,7009.75,Put GEX 1,GEX,-709165.263,7584.5503580501345,9244.32101582748
2026-09-01 12:48:26,7000.0,7009.75,Call VEX 1,VEX,6843807.782,7584.5503580501345,9244.32101582748
2026-09-01 12:48:26,7300.0,7310.25,Call DEX 2,DEX,253.554,7584.5503580501345,9244.32101582748
2026-09-01 12:48:26,7300.0,7310.25,Call VEX 5,VEX,1641728.864,7584.5503580501345,9244.32101582748
2026-09-01 12:48:26,7400.0,7410.25,Call DEX 3,DEX,194.901,7584.5503580501345,9244.32101582748
2026-09-01 12:48:26,7400.0,7410.25,Call VEX 3,VEX,2097405.304,7584.5503580501345,9244.32101582748
2026-09-01 12:48:26,7450.0,7460.5,Call DEX 4,DEX,192.969,7584.5503580501345,9244.32101582748
2026-09-01 12:48:26,7450.0,7460.5,Call VEX 4,VEX,1829199.163,7584.5503580501345,9244.32101582748
2026-09-01 12:48:26,7500.0,7510.5,Call DEX 5,DEX,136.162,7584.5503580501345,9244.32101582748
2026-09-01 12:48:26,7500.0,7510.5,Put GEX 2,GEX,-577039.964,7584.5503580501345,9244.32101582748
2026-09-01 12:48:26,7500.0,7510.5,Call VEX 2,VEX,2845770.735,7584.5503580501345,9244.32101582748
2026-09-01 12:48:26,7550.0,7560.5,Put GEX 5,GEX,-369255.091,7584.5503580501345,9244.32101582748
2026-09-01 12:48:26,7600.0,7610.5,Call CEX 4,CEX,1960650.282,7584.5503580501345,9244.32101582748
2026-09-01 12:48:26,7610.0,7620.5,Call CEX 5,CEX,1715771.417,7584.5503580501345,9244.32101582748
2026-09-01 12:48:26,7615.0,7625.5,Call CEX 3,CEX,2185748.133,7584.5503580501345,9244.32101582748
2026-09-01 12:48:26,7620.0,7630.5,Call CEX 2,CEX,2375767.116,7584.5503580501345,9244.32101582748
2026-09-01 12:48:26,7625.0,7635.5,Call CEX 1,CEX,4350656.793,7584.5503580501345,9244.32101582748
2026-09-01 12:48:26,7625.0,7635.5,Put GEX 3,GEX,-549613.863,7584.5503580501345,9244.32101582748
2026-09-01 12:48:26,7640.0,7650.75,Put CEX 4,CEX,-3048281.549,7584.5503580501345,9244.32101582748
2026-09-01 12:48:26,7650.0,7660.75,Put CEX 1,CEX,-4279714.223,7584.5503580501345,9244.32101582748
2026-09-01 12:48:26,7650.0,7660.75,Put DEX 4,DEX,-71.754,7584.5503580501345,9244.32101582748
2026-09-01 12:48:26,7675.0,7685.75,Put CEX 2,CEX,-3442672.988,7584.5503580501345,9244.32101582748
2026-09-01 12:48:26,7700.0,7710.75,Put CEX 5,CEX,-2844623.694,7584.5503580501345,9244.32101582748
2026-09-01 12:48:26,7700.0,7710.75,Put DEX 2,DEX,-194.871,7584.5503580501345,9244.32101582748
2026-09-01 12:48:26,7700.0,7710.75,Put VEX 5,VEX,-941194.845,7584.5503580501345,9244.32101582748
2026-09-01 12:48:26,7750.0,7760.75,Put DEX 3,DEX,-91.597,7584.5503580501345,9244.32101582748
2026-09-01 12:48:26,7750.0,7760.75,Call GEX 3,GEX,269936.714,7584.5503580501345,9244.32101582748
2026-09-01 12:48:26,7750.0,7760.75,Put VEX 3,VEX,-1075981.595,7584.5503580501345,9244.32101582748
2026-09-01 12:48:26,7800.0,7810.75,Put DEX 5,DEX,-70.085,7584.5503580501345,9244.32101582748
2026-09-01 12:48:26,7800.0,7810.75,Call GEX 1,GEX,501035.132,7584.5503580501345,9244.32101582748
2026-09-01 12:48:26,7800.0,7810.75,Put VEX 2,VEX,-1688810.699,7584.5503580501345,9244.32101582748
2026-09-01 12:48:26,7850.0,7861.0,Call GEX 4,GEX,266358.532,7584.5503580501345,9244.32101582748
2026-09-01 12:48:26,7900.0,7911.0,Call GEX 2,GEX,364620.487,7584.5503580501345,9244.32101582748
2026-09-01 12:48:26,7900.0,7911.0,Put VEX 4,VEX,-966386.448,7584.5503580501345,9244.32101582748
2026-09-01 12:48:26,7950.0,7961.0,Call GEX 5,GEX,158490.277,7584.5503580501345,9244.32101582748
2026-09-01 12:48:26,8000.0,8011.25,Put CEX 3,CEX,-3099956.816,7584.5503580501345,9244.32101582748
2026-09-01 12:48:26,8000.0,8011.25,Put DEX 1,DEX,-2550.904,7584.5503580501345,9244.32101582748
2026-09-01 12:48:26,8000.0,8011.25,Put GEX 4,GEX,-428875.56,7584.5503580501345,9244.32101582748
2026-09-01 12:48:26,8000.0,8011.25,Put VEX 1,VEX,-10140153.038,7584.5503580501345,9244.32101582748
2026-09-01 12:49:15,7000.0,7009.5,Call DEX 1,DEX,861.036,7586.893366687488,9246.169744627943
2026-09-01 12:49:15,7000.0,7009.5,Put GEX 1,GEX,-702512.584,7586.893366687488,9246.169744627943
2026-09-01 12:49:15,7000.0,7009.5,Call VEX 1,VEX,6871816.916,7586.893366687488,9246.169744627943
2026-09-01 12:49:15,7300.0,7309.75,Call DEX 2,DEX,253.776,7586.893366687488,9246.169744627943
2026-09-01 12:49:15,7300.0,7309.75,Call VEX 5,VEX,1640136.991,7586.893366687488,9246.169744627943
2026-09-01 12:49:15,7400.0,7410.0,Call DEX 3,DEX,195.217,7586.893366687488,9246.169744627943
2026-09-01 12:49:15,7400.0,7410.0,Call VEX 3,VEX,2097448.89,7586.893366687488,9246.169744627943
2026-09-01 12:49:15,7450.0,7460.0,Call DEX 4,DEX,193.204,7586.893366687488,9246.169744627943
2026-09-01 12:49:15,7450.0,7460.0,Call VEX 4,VEX,1829501.905,7586.893366687488,9246.169744627943
2026-09-01 12:49:15,7500.0,7510.0,Call DEX 5,DEX,133.15,7586.893366687488,9246.169744627943
2026-09-01 12:49:15,7500.0,7510.0,Put GEX 2,GEX,-577321.669,7586.893366687488,9246.169744627943
2026-09-01 12:49:15,7500.0,7510.0,Call VEX 2,VEX,2844781.467,7586.893366687488,9246.169744627943
2026-09-01 12:49:15,7550.0,7560.25,Put GEX 5,GEX,-368798.505,7586.893366687488,9246.169744627943
2026-09-01 12:49:15,7600.0,7610.25,Call CEX 4,CEX,1975380.254,7586.893366687488,9246.169744627943
2026-09-01 12:49:15,7610.0,7620.25,Call CEX 5,CEX,1728343.651,7586.893366687488,9246.169744627943
2026-09-01 12:49:15,7615.0,7625.25,Call CEX 3,CEX,2070066.228,7586.893366687488,9246.169744627943
2026-09-01 12:49:15,7620.0,7630.25,Call CEX 2,CEX,2357293.316,7586.893366687488,9246.169744627943
2026-09-01 12:49:15,7625.0,7635.25,Call CEX 1,CEX,4463291.662,7586.893366687488,9246.169744627943
2026-09-01 12:49:15,7625.0,7635.25,Put GEX 3,GEX,-549989.437,7586.893366687488,9246.169744627943
2026-09-01 12:49:15,7640.0,7650.25,Put CEX 4,CEX,-3083603.538,7586.893366687488,9246.169744627943
2026-09-01 12:49:15,7650.0,7660.25,Put CEX 1,CEX,-4370991.749,7586.893366687488,9246.169744627943
2026-09-01 12:49:15,7650.0,7660.25,Put DEX 4,DEX,-71.529,7586.893366687488,9246.169744627943
2026-09-01 12:49:15,7675.0,7685.25,Put CEX 2,CEX,-3541048.225,7586.893366687488,9246.169744627943
2026-09-01 12:49:15,7700.0,7710.25,Put CEX 5,CEX,-2914365.342,7586.893366687488,9246.169744627943
2026-09-01 12:49:15,7700.0,7710.25,Put DEX 2,DEX,-194.505,7586.893366687488,9246.169744627943
2026-09-01 12:49:15,7700.0,7710.25,Put VEX 5,VEX,-939972.407,7586.893366687488,9246.169744627943
2026-09-01 12:49:15,7750.0,7760.5,Put DEX 3,DEX,-91.326,7586.893366687488,9246.169744627943
2026-09-01 12:49:15,7750.0,7760.5,Call GEX 3,GEX,268194.992,7586.893366687488,9246.169744627943
2026-09-01 12:49:15,7750.0,7760.5,Put VEX 3,VEX,-1077108.855,7586.893366687488,9246.169744627943
2026-09-01 12:49:15,7800.0,7810.5,Put DEX 5,DEX,-70.054,7586.893366687488,9246.169744627943
2026-09-01 12:49:15,7800.0,7810.5,Call GEX 1,GEX,500001.191,7586.893366687488,9246.169744627943
2026-09-01 12:49:15,7800.0,7810.5,Put VEX 2,VEX,-1688135.906,7586.893366687488,9246.169744627943
2026-09-01 12:49:15,7850.0,7860.5,Call GEX 4,GEX,266476.377,7586.893366687488,9246.169744627943
2026-09-01 12:49:15,7900.0,7910.75,Call GEX 2,GEX,364741.342,7586.893366687488,9246.169744627943
2026-09-01 12:49:15,7900.0,7910.75,Put VEX 4,VEX,-966394.467,7586.893366687488,9246.169744627943
2026-09-01 12:49:15,7950.0,7960.75,Call GEX 5,GEX,158659.349,7586.893366687488,9246.169744627943
2026-09-01 12:49:15,8000.0,8010.75,Put CEX 3,CEX,-3107607.322,7586.893366687488,9246.169744627943
2026-09-01 12:49:15,8000.0,8010.75,Put DEX 1,DEX,-2550.781,7586.893366687488,9246.169744627943
2026-09-01 12:49:15,8000.0,8010.75,Put GEX 4,GEX,-431534.464,7586.893366687488,9246.169744627943
2026-09-01 12:49:15,8000.0,8010.75,Put VEX 1,VEX,-10149894.497,7586.893366687488,9246.169744627943
2026-09-01 12:50:03,7000.0,7009.25,Call DEX 1,DEX,856.202,7591.7015843420995,9248.918548705524
2026-09-01 12:50:03,7000.0,7009.25,Put GEX 1,GEX,-702133.945,7591.7015843420995,9248.918548705524
2026-09-01 12:50:03,7000.0,7009.25,Call VEX 1,VEX,6934201.956,7591.7015843420995,9248.918548705524
2026-09-01 12:50:03,7300.0,7309.75,Call DEX 2,DEX,253.961,7591.7015843420995,9248.918548705524
2026-09-01 12:50:03,7300.0,7309.75,Call VEX 5,VEX,1637622.344,7591.7015843420995,9248.918548705524
2026-09-01 12:50:03,7400.0,7410.0,Call DEX 3,DEX,194.354,7591.7015843420995,9248.918548705524
2026-09-01 12:50:03,7400.0,7410.0,Call VEX 3,VEX,2094655.448,7591.7015843420995,9248.918548705524
2026-09-01 12:50:03,7450.0,7460.0,Call DEX 4,DEX,191.427,7591.7015843420995,9248.918548705524
2026-09-01 12:50:03,7450.0,7460.0,Call VEX 4,VEX,1824794.267,7591.7015843420995,9248.918548705524
2026-09-01 12:50:03,7500.0,7510.0,Call DEX 5,DEX,128.111,7591.7015843420995,9248.918548705524
2026-09-01 12:50:03,7500.0,7510.0,Put GEX 2,GEX,-580049.456,7591.7015843420995,9248.918548705524
2026-09-01 12:50:03,7500.0,7510.0,Call VEX 2,VEX,2824381.558,7591.7015843420995,9248.918548705524
2026-09-01 12:50:03,7550.0,7560.0,Put GEX 5,GEX,-372231.119,7591.7015843420995,9248.918548705524
2026-09-01 12:50:03,7600.0,7610.25,Call CEX 5,CEX,1678729.317,7591.7015843420995,9248.918548705524
2026-09-01 12:50:03,7610.0,7620.25,Call CEX 4,CEX,1810274.577,7591.7015843420995,9248.918548705524
2026-09-01 12:50:03,7615.0,7625.25,Call CEX 2,CEX,2401514.122,7591.7015843420995,9248.918548705524
2026-09-01 12:50:03,7620.0,7630.25,Call CEX 3,CEX,2385862.453,7591.7015843420995,9248.918548705524
2026-09-01 12:50:03,7625.0,7635.25,Call CEX 1,CEX,3292304.837,7591.7015843420995,9248.918548705524
2026-09-01 12:50:03,7625.0,7635.25,Put GEX 3,GEX,-553232.864,7591.7015843420995,9248.918548705524
2026-09-01 12:50:03,7650.0,7660.25,Put CEX 1,CEX,-4591330.677,7591.7015843420995,9248.918548705524
2026-09-01 12:50:03,7650.0,7660.25,Put DEX 4,DEX,-73.69,7591.7015843420995,9248.918548705524
2026-09-01 12:50:03,7675.0,7685.25,Put CEX 2,CEX,-3981821.086,7591.7015843420995,9248.918548705524
2026-09-01 12:50:03,7690.0,7700.25,Put CEX 4,CEX,-3107177.434,7591.7015843420995,9248.918548705524
2026-09-01 12:50:03,7700.0,7710.25,Put CEX 3,CEX,-3271667.158,7591.7015843420995,9248.918548705524
2026-09-01 12:50:03,7700.0,7710.25,Put DEX 2,DEX,-199.005,7591.7015843420995,9248.918548705524
2026-09-01 12:50:03,7700.0,7710.25,Put VEX 4,VEX,-974684.274,7591.7015843420995,9248.918548705524
2026-09-01 12:50:03,7750.0,7760.25,Put DEX 3,DEX,-93.447,7591.7015843420995,9248.918548705524
2026-09-01 12:50:03,7750.0,7760.25,Call GEX 3,GEX,264264.116,7591.7015843420995,9248.918548705524
2026-09-01 12:50:03,7750.0,7760.25,Put VEX 3,VEX,-1088921.895,7591.7015843420995,9248.918548705524
2026-09-01 12:50:03,7800.0,7810.5,Put DEX 5,DEX,-72.232,7591.7015843420995,9248.918548705524
2026-09-01 12:50:03,7800.0,7810.5,Call GEX 1,GEX,495229.139,7591.7015843420995,9248.918548705524
2026-09-01 12:50:03,7800.0,7810.5,Put VEX 2,VEX,-1693748.815,7591.7015843420995,9248.918548705524
2026-09-01 12:50:03,7850.0,7860.5,Call GEX 4,GEX,264062.398,7591.7015843420995,9248.918548705524
2026-09-01 12:50:03,7900.0,7910.5,Call GEX 2,GEX,360956.936,7591.7015843420995,9248.918548705524
2026-09-01 12:50:03,7900.0,7910.5,Put VEX 5,VEX,-963612.295,7591.7015843420995,9248.918548705524
2026-09-01 12:50:03,7950.0,7960.75,Call GEX 5,GEX,157090.497,7591.7015843420995,9248.918548705524
2026-09-01 12:50:03,8000.0,8010.75,Put CEX 5,CEX,-3098665.006,7591.7015843420995,9248.918548705524
2026-09-01 12:50:03,8000.0,8010.75,Put DEX 1,DEX,-2552.131,7591.7015843420995,9248.918548705524
2026-09-01 12:50:03,8000.0,8010.75,Put GEX 4,GEX,-433511.8,7591.7015843420995,9248.918548705524
2026-09-01 12:50:03,8000.0,8010.75,Put VEX 1,VEX,-10145743.902,7591.7015843420995,9248.918548705524
2026-09-01 12:50:50,7000.0,7009.75,Call DEX 1,DEX,888.633,7599.1401764399,9250.5750779974
2026-09-01 12:50:50,7000.0,7009.75,Put GEX 2,GEX,-687801.384,7599.1401764399,9250.5750779974
2026-09-01 12:50:50,7000.0,7009.75,Call VEX 1,VEX,7070590.475,7599.1401764399,9250.5750779974
2026-09-01 12:50:50,7300.0,7310.0,Call DEX 2,DEX,251.362,7599.1401764399,9250.5750779974
2026-09-01 12:50:50,7300.0,7310.0,Call VEX 5,VEX,1655051.289,7599.1401764399,9250.5750779974
2026-09-01 12:50:50,7400.0,7410.25,Call DEX 4,DEX,191.82,7599.1401764399,9250.5750779974
2026-09-01 12:50:50,7400.0,7410.25,Call VEX 3,VEX,2093240.029,7599.1401764399,9250.5750779974
2026-09-01 12:50:50,7450.0,7460.25,Call DEX 3,DEX,194.065,7599.1401764399,9250.5750779974
2026-09-01 12:50:50,7450.0,7460.25,Call VEX 4,VEX,1819039.527,7599.1401764399,9250.5750779974
2026-09-01 12:50:50,7500.0,7510.25,Call DEX 5,DEX,126.846,7599.1401764399,9250.5750779974
2026-09-01 12:50:50,7500.0,7510.25,Put GEX 3,GEX,-586707.623,7599.1401764399,9250.5750779974
2026-09-01 12:50:50,7500.0,7510.25,Call VEX 2,VEX,2807629.233,7599.1401764399,9250.5750779974
2026-09-01 12:50:50,7550.0,7560.5,Put GEX 5,GEX,-380329.937,7599.1401764399,9250.5750779974
2026-09-01 12:50:50,7600.0,7610.5,Call CEX 4,CEX,2074077.885,7599.1401764399,9250.5750779974
2026-09-01 12:50:50,7610.0,7620.5,Call CEX 5,CEX,1889055.824,7599.1401764399,9250.5750779974
2026-09-01 12:50:50,7615.0,7625.5,Call CEX 2,CEX,2555085.157,7599.1401764399,9250.5750779974
2026-09-01 12:50:50,7620.0,7630.5,Call CEX 1,CEX,2739548.073,7599.1401764399,9250.5750779974
2026-09-01 12:50:50,7625.0,7635.5,Call CEX 3,CEX,2124206.116,7599.1401764399,9250.5750779974
2026-09-01 12:50:50,7625.0,7635.5,Put GEX 1,GEX,-717049.943,7599.1401764399,9250.5750779974
2026-09-01 12:50:50,7640.0,7650.5,Put CEX 4,CEX,-2852047.556,7599.1401764399,9250.5750779974
2026-09-01 12:50:50,7650.0,7660.5,Put CEX 1,CEX,-3538282.479,7599.1401764399,9250.5750779974
2026-09-01 12:50:50,7650.0,7660.5,Put DEX 4,DEX,-77.424,7599.1401764399,9250.5750779974
2026-09-01 12:50:50,7675.0,7685.5,Put CEX 2,CEX,-3193062.579,7599.1401764399,9250.5750779974
2026-09-01 12:50:50,7700.0,7710.75,Put CEX 5,CEX,-2672431.083,7599.1401764399,9250.5750779974
2026-09-01 12:50:50,7700.0,7710.75,Put DEX 2,DEX,-203.616,7599.1401764399,9250.5750779974
2026-09-01 12:50:50,7700.0,7710.75,Put VEX 4,VEX,-994853.123,7599.1401764399,9250.5750779974
2026-09-01 12:50:50,7750.0,7760.75,Put DEX 3,DEX,-96.156,7599.1401764399,9250.5750779974
2026-09-01 12:50:50,7750.0,7760.75,Call GEX 3,GEX,262419.262,7599.1401764399,9250.5750779974
2026-09-01 12:50:50,7750.0,7760.75,Put VEX 3,VEX,-1094675.071,7599.1401764399,9250.5750779974
2026-09-01 12:50:50,7800.0,7810.75,Put DEX 5,DEX,-74.934,7599.1401764399,9250.5750779974
2026-09-01 12:50:50,7800.0,7810.75,Call GEX 1,GEX,489452.929,7599.1401764399,9250.5750779974
2026-09-01 12:50:50,7800.0,7810.75,Put VEX 2,VEX,-1699428.026,7599.1401764399,9250.5750779974
2026-09-01 12:50:50,7850.0,7860.75,Call GEX 4,GEX,261814.887,7599.1401764399,9250.5750779974
2026-09-01 12:50:50,7900.0,7911.0,Call GEX 2,GEX,358482.922,7599.1401764399,9250.5750779974
2026-09-01 12:50:50,7900.0,7911.0,Put VEX 5,VEX,-961667.466,7599.1401764399,9250.5750779974
2026-09-01 12:50:50,7950.0,7961.0,Call GEX 5,GEX,155812.62,7599.1401764399,9250.5750779974
2026-09-01 12:50:50,8000.0,8011.0,Put CEX 3,CEX,-3047134.094,7599.1401764399,9250.5750779974
2026-09-01 12:50:50,8000.0,8011.0,Put DEX 1,DEX,-2568.857,7599.1401764399,9250.5750779974
2026-09-01 12:50:50,8000.0,8011.0,Put GEX 4,GEX,-415535.471,7599.1401764399,9250.5750779974
2026-09-01 12:50:50,8000.0,8011.0,Put VEX 1,VEX,-10071028.412,7599.1401764399,9250.5750779974
2026-09-01 12:51:38,7000.0,7010.25,Call DEX 1,DEX,889.58,7554.481701502043,9247.872854532246
2026-09-01 12:51:38,7000.0,7010.25,Put GEX 2,GEX,-697532.444,7554.481701502043,9247.872854532246
2026-09-01 12:51:38,7000.0,7010.25,Call VEX 1,VEX,6968906.636,7554.481701502043,9247.872854532246
2026-09-01 12:51:38,7300.0,7310.5,Call DEX 2,DEX,252.406,7554.481701502043,9247.872854532246
2026-09-01 12:51:38,7300.0,7310.5,Call VEX 5,VEX,1651910.649,7554.481701502043,9247.872854532246
2026-09-01 12:51:38,7400.0,7410.75,Call DEX 4,DEX,193.904,7554.481701502043,9247.872854532246
2026-09-01 12:51:38,7400.0,7410.75,Call VEX 3,VEX,2095467.078,7554.481701502043,9247.872854532246
2026-09-01 12:51:38,7450.0,7460.75,Call DEX 3,DEX,200.677,7554.481701502043,9247.872854532246
2026-09-01 12:51:38,7450.0,7460.75,Call VEX 4,VEX,1825377.063,7554.481701502043,9247.872854532246
2026-09-01 12:51:38,7500.0,7510.75,Call DEX 5,DEX,130.777,7554.481701502043,9247.872854532246
2026-09-01 12:51:38,7500.0,7510.75,Put GEX 3,GEX,-583142.781,7554.481701502043,9247.872854532246
2026-09-01 12:51:38,7500.0,7510.75,Call VEX 2,VEX,2820279.633,7554.481701502043,9247.872854532246
2026-09-01 12:51:38,7600.0,7611.0,Call CEX 4,CEX,1876663.65,7554.481701502043,9247.872854532246
2026-09-01 12:51:38,7610.0,7621.0,Call CEX 5,CEX,1577389.378,7554.481701502043,9247.872854532246
2026-09-01 12:51:38,7615.0,7626.0,Call CEX 3,CEX,2180684.501,7554.481701502043,9247.872854532246
2026-09-01 12:51:38,7620.0,7631.0,Call CEX 2,CEX,2798104.823,7554.481701502043,9247.872854532246
2026-09-01 12:51:38,7625.0,7636.0,Call CEX 1,CEX,3626645.322,7554.481701502043,9247.872854532246
2026-09-01 12:51:38,7625.0,7636.0,Put GEX 1,GEX,-777759.869,7554.481701502043,9247.872854532246
2026-09-01 12:51:38,7630.0,7641.0,Put CEX 4,CEX,-1662869.264,7554.481701502043,9247.872854532246
2026-09-01 12:51:38,7630.0,7641.0,Put GEX 4,GEX,-420925.123,7554.481701502043,9247.872854532246
2026-09-01 12:51:38,7635.0,7646.0,Put CEX 2,CEX,-2298883.481,7554.481701502043,9247.872854532246
2026-09-01 12:51:38,7640.0,7651.0,Put CEX 3,CEX,-1820347.723,7554.481701502043,9247.872854532246
2026-09-01 12:51:38,7650.0,7661.0,Put DEX 5,DEX,-55.585,7554.481701502043,9247.872854532246
2026-09-01 12:51:38,7700.0,7711.25,Put CEX 5,CEX,-1397485.094,7554.481701502043,9247.872854532246
2026-09-01 12:51:38,7700.0,7711.25,Put DEX 2,DEX,-188.026,7554.481701502043,9247.872854532246
2026-09-01 12:51:38,7700.0,7711.25,Put VEX 5,VEX,-960763.696,7554.481701502043,9247.872854532246
2026-09-01 12:51:38,7750.0,7761.25,Put DEX 3,DEX,-94.985,7554.481701502043,9247.872854532246
2026-09-01 12:51:38,7750.0,7761.25,Call GEX 3,GEX,271677.211,7554.481701502043,9247.872854532246
2026-09-01 12:51:38,7750.0,7761.25,Put VEX 3,VEX,-1078179.624,7554.481701502043,9247.872854532246
2026-09-01 12:51:38,7800.0,7811.25,Put DEX 4,DEX,-70.364,7554.481701502043,9247.872854532246
2026-09-01 12:51:38,7800.0,7811.25,Call GEX 1,GEX,495041.109,7554.481701502043,9247.872854532246
2026-09-01 12:51:38,7800.0,7811.25,Put VEX 2,VEX,-1691103.939,7554.481701502043,9247.872854532246
2026-09-01 12:51:38,7850.0,7861.25,Call GEX 4,GEX,263697.332,7554.481701502043,9247.872854532246
2026-09-01 12:51:38,7900.0,7911.5,Call GEX 2,GEX,360912.155,7554.481701502043,9247.872854532246
2026-09-01 12:51:38,7900.0,7911.5,Put VEX 4,VEX,-964946.952,7554.481701502043,9247.872854532246
2026-09-01 12:51:38,7950.0,7961.5,Call GEX 5,GEX,157127.896,7554.481701502043,9247.872854532246
2026-09-01 12:51:38,8000.0,8011.5,Put CEX 1,CEX,-3038654.502,7554.481701502043,9247.872854532246
2026-09-01 12:51:38,8000.0,8011.5,Put DEX 1,DEX,-2542.544,7554.481701502043,9247.872854532246
2026-09-01 12:51:38,8000.0,8011.5,Put GEX 5,GEX,-407466.238,7554.481701502043,9247.872854532246
2026-09-01 12:51:38,8000.0,8011.5,Put VEX 1,VEX,-10057559.032,7554.481701502043,9247.872854532246
2026-09-01 12:52:27,7000.0,7009.75,Call DEX 1,DEX,893.882,7575.425822989514,9252.10455847702
2026-09-01 12:52:27,7000.0,7009.75,Put GEX 2,GEX,-705503.855,7575.425822989514,9252.10455847702
2026-09-01 12:52:27,7000.0,7009.75,Call VEX 1,VEX,6966197.307,7575.425822989514,9252.10455847702
2026-09-01 12:52:27,7300.0,7310.25,Call DEX 2,DEX,251.811,7575.425822989514,9252.10455847702
2026-09-01 12:52:27,7300.0,7310.25,Call VEX 5,VEX,1651880.236,7575.425822989514,9252.10455847702
2026-09-01 12:52:27,7400.0,7410.5,Call DEX 4,DEX,192.782,7575.425822989514,9252.10455847702
2026-09-01 12:52:27,7400.0,7410.5,Call VEX 3,VEX,2093079.27,7575.425822989514,9252.10455847702
2026-09-01 12:52:27,7450.0,7460.5,Call DEX 3,DEX,194.301,7575.425822989514,9252.10455847702
2026-09-01 12:52:27,7450.0,7460.5,Call VEX 4,VEX,1820347.231,7575.425822989514,9252.10455847702
2026-09-01 12:52:27,7500.0,7510.5,Call DEX 5,DEX,127.142,7575.425822989514,9252.10455847702
2026-09-01 12:52:27,7500.0,7510.5,Put GEX 3,GEX,-583574.697,7575.425822989514,9252.10455847702
2026-09-01 12:52:27,7500.0,7510.5,Call VEX 2,VEX,2808032.401,7575.425822989514,9252.10455847702
2026-09-01 12:52:27,7600.0,7610.75,Call CEX 4,CEX,2250430.406,7575.425822989514,9252.10455847702
2026-09-01 12:52:27,7610.0,7620.75,Call CEX 5,CEX,1632040.775,7575.425822989514,9252.10455847702
2026-09-01 12:52:27,7615.0,7625.75,Call CEX 3,CEX,2260025.476,7575.425822989514,9252.10455847702
2026-09-01 12:52:27,7620.0,7630.75,Call CEX 1,CEX,2838489.464,7575.425822989514,9252.10455847702
2026-09-01 12:52:27,7625.0,7635.75,Call CEX 2,CEX,2626204.878,7575.425822989514,9252.10455847702
2026-09-01 12:52:27,7625.0,7635.75,Put GEX 1,GEX,-874084.04,7575.425822989514,9252.10455847702
2026-09-01 12:52:27,7630.0,7640.75,Put CEX 2,CEX,-2686453.251,7575.425822989514,9252.10455847702
2026-09-01 12:52:27,7630.0,7640.75,Put GEX 5,GEX,-413646.743,7575.425822989514,9252.10455847702
2026-09-01 12:52:27,7635.0,7645.75,Put CEX 4,CEX,-2182313.467,7575.425822989514,9252.10455847702
2026-09-01 12:52:27,7650.0,7660.75,Put DEX 4,DEX,-78.446,7575.425822989514,9252.10455847702
2026-09-01 12:52:27,7675.0,7685.75,Put CEX 5,CEX,-2120201.535,7575.425822989514,9252.10455847702
2026-09-01 12:52:27,7700.0,7710.75,Put CEX 3,CEX,-2221276.411,7575.425822989514,9252.10455847702
2026-09-01 12:52:27,7700.0,7710.75,Put DEX 2,DEX,-203.698,7575.425822989514,9252.10455847702
2026-09-01 12:52:27,7700.0,7710.75,Put VEX 4,VEX,-987792.108,7575.425822989514,9252.10455847702
2026-09-01 12:52:27,7750.0,7761.0,Put DEX 3,DEX,-96.127,7575.425822989514,9252.10455847702
2026-09-01 12:52:27,7750.0,7761.0,Call GEX 3,GEX,267919.323,7575.425822989514,9252.10455847702
2026-09-01 12:52:27,7750.0,7761.0,Put VEX 3,VEX,-1088001.969,7575.425822989514,9252.10455847702
2026-09-01 12:52:27,7800.0,7811.0,Put DEX 5,DEX,-73.796,7575.425822989514,9252.10455847702
2026-09-01 12:52:27,7800.0,7811.0,Call GEX 1,GEX,490476.099,7575.425822989514,9252.10455847702
2026-09-01 12:52:27,7800.0,7811.0,Put VEX 2,VEX,-1698549.218,7575.425822989514,9252.10455847702
2026-09-01 12:52:27,7850.0,7861.0,Call GEX 4,GEX,262111.098,7575.425822989514,9252.10455847702
2026-09-01 12:52:27,7900.0,7911.0,Call GEX 2,GEX,359062.655,7575.425822989514,9252.10455847702
2026-09-01 12:52:27,7900.0,7911.0,Put VEX 5,VEX,-962776.927,7575.425822989514,9252.10455847702
2026-09-01 12:52:27,7950.0,7961.25,Call GEX 5,GEX,156174.735,7575.425822989514,9252.10455847702
2026-09-01 12:52:27,8000.0,8011.25,Put CEX 1,CEX,-3074079.231,7575.425822989514,9252.10455847702
2026-09-01 12:52:27,8000.0,8011.25,Put DEX 1,DEX,-2560.425,7575.425822989514,9252.10455847702
2026-09-01 12:52:27,8000.0,8011.25,Put GEX 4,GEX,-421652.388,7575.425822989514,9252.10455847702
2026-09-01 12:52:27,8000.0,8011.25,Put VEX 1,VEX,-10101733.364,7575.425822989514,9252.10455847702
2026-09-01 12:53:16,7000.0,7010.0,Call DEX 1,DEX,895.288,7578.748595071479,9254.411752736743
2026-09-01 12:53:16,7000.0,7010.0,Put GEX 2,GEX,-715502.166,7578.748595071479,9254.411752736743
2026-09-01 12:53:16,7000.0,7010.0,Call VEX 1,VEX,6917410.234,7578.748595071479,9254.411752736743
2026-09-01 12:53:16,7300.0,7310.5,Call DEX 2,DEX,250.723,7578.748595071479,9254.411752736743
2026-09-01 12:53:16,7300.0,7310.5,Call VEX 5,VEX,1656263.485,7578.748595071479,9254.411752736743
2026-09-01 12:53:16,7400.0,7410.5,Call DEX 4,DEX,190.917,7578.748595071479,9254.411752736743
2026-09-01 12:53:16,7400.0,7410.5,Call VEX 3,VEX,2090630.972,7578.748595071479,9254.411752736743
2026-09-01 12:53:16,7450.0,7460.75,Call DEX 3,DEX,192.519,7578.748595071479,9254.411752736743
2026-09-01 12:53:16,7450.0,7460.75,Call VEX 4,VEX,1816627.266,7578.748595071479,9254.411752736743
2026-09-01 12:53:16,7500.0,7510.75,Call DEX 5,DEX,123.323,7578.748595071479,9254.411752736743
2026-09-01 12:53:16,7500.0,7510.75,Put GEX 3,GEX,-587790.481,7578.748595071479,9254.411752736743
2026-09-01 12:53:16,7500.0,7510.75,Call VEX 2,VEX,2792450.398,7578.748595071479,9254.411752736743
2026-09-01 12:53:16,7515.0,7525.75,Call CEX 5,CEX,1618248.945,7578.748595071479,9254.411752736743
2026-09-01 12:53:16,7600.0,7610.75,Call CEX 3,CEX,2186263.715,7578.748595071479,9254.411752736743
2026-09-01 12:53:16,7610.0,7620.75,Call CEX 4,CEX,2091684.208,7578.748595071479,9254.411752736743
2026-09-01 12:53:16,7615.0,7625.75,Call CEX 2,CEX,2527361.498,7578.748595071479,9254.411752736743
2026-09-01 12:53:16,7620.0,7630.75,Call CEX 1,CEX,2806361.302,7578.748595071479,9254.411752736743
2026-09-01 12:53:16,7620.0,7630.75,Put GEX 5,GEX,-414824.635,7578.748595071479,9254.411752736743
2026-09-01 12:53:16,7625.0,7636.0,Put GEX 1,GEX,-933837.381,7578.748595071479,9254.411752736743
2026-09-01 12:53:16,7630.0,7641.0,Put CEX 1,CEX,-3527379.576,7578.748595071479,9254.411752736743
2026-09-01 12:53:16,7635.0,7646.0,Put CEX 4,CEX,-1927075.795,7578.748595071479,9254.411752736743
2026-09-01 12:53:16,7640.0,7651.0,Put CEX 5,CEX,-1784463.344,7578.748595071479,9254.411752736743
2026-09-01 12:53:16,7650.0,7661.0,Put DEX 5,DEX,-59.138,7578.748595071479,9254.411752736743
2026-09-01 12:53:16,7700.0,7711.0,Put CEX 3,CEX,-2024834.701,7578.748595071479,9254.411752736743
2026-09-01 12:53:16,7700.0,7711.0,Put DEX 2,DEX,-207.387,7578.748595071479,9254.411752736743
2026-09-01 12:53:16,7700.0,7711.0,Put VEX 4,VEX,-1008530.779,7578.748595071479,9254.411752736743
2026-09-01 12:53:16,7750.0,7761.0,Put DEX 3,DEX,-91.705,7578.748595071479,9254.411752736743
2026-09-01 12:53:16,7750.0,7761.0,Call GEX 3,GEX,269735.48,7578.748595071479,9254.411752736743
2026-09-01 12:53:16,7750.0,7761.0,Put VEX 3,VEX,-1092578.139,7578.748595071479,9254.411752736743
2026-09-01 12:53:16,7800.0,7811.25,Put DEX 4,DEX,-76.532,7578.748595071479,9254.411752736743
2026-09-01 12:53:16,7800.0,7811.25,Call GEX 1,GEX,489385.602,7578.748595071479,9254.411752736743
2026-09-01 12:53:16,7800.0,7811.25,Put VEX 2,VEX,-1700290.613,7578.748595071479,9254.411752736743
2026-09-01 12:53:16,7850.0,7861.25,Call GEX 4,GEX,260545.658,7578.748595071479,9254.411752736743
2026-09-01 12:53:16,7900.0,7911.25,Call GEX 2,GEX,356732.071,7578.748595071479,9254.411752736743
2026-09-01 12:53:16,7900.0,7911.25,Put VEX 5,VEX,-961500.245,7578.748595071479,9254.411752736743
2026-09-01 12:53:16,7950.0,7961.25,Call GEX 5,GEX,155050.601,7578.748595071479,9254.411752736743
2026-09-01 12:53:16,8000.0,8011.5,Put CEX 2,CEX,-3055510.431,7578.748595071479,9254.411752736743
2026-09-01 12:53:16,8000.0,8011.5,Put DEX 1,DEX,-2561.438,7578.748595071479,9254.411752736743
2026-09-01 12:53:16,8000.0,8011.5,Put GEX 4,GEX,-419515.597,7578.748595071479,9254.411752736743
2026-09-01 12:53:16,8000.0,8011.5,Put VEX 1,VEX,-10082716.283,7578.748595071479,9254.411752736743
2026-09-01 12:54:03,7000.0,7010.5,Call DEX 1,DEX,884.096,7576.596020596979,9256.935297265942
2026-09-01 12:54:03,7000.0,7010.5,Put GEX 2,GEX,-699413.53,7576.596020596979,9256.935297265942
2026-09-01 12:54:03,7000.0,7010.5,Call VEX 1,VEX,7099882.593,7576.596020596979,9256.935297265942
2026-09-01 12:54:03,7200.0,7210.75,Call DEX 5,DEX,120.408,7576.596020596979,9256.935297265942
2026-09-01 12:54:03,7300.0,7310.75,Call DEX 2,DEX,248.143,7576.596020596979,9256.935297265942
2026-09-01 12:54:03,7300.0,7310.75,Call VEX 5,VEX,1666284.207,7576.596020596979,9256.935297265942
2026-09-01 12:54:03,7400.0,7411.0,Call DEX 4,DEX,187.218,7576.596020596979,9256.935297265942
2026-09-01 12:54:03,7400.0,7411.0,Call VEX 3,VEX,2085383.715,7576.596020596979,9256.935297265942
2026-09-01 12:54:03,7450.0,7461.0,Call DEX 3,DEX,193.096,7576.596020596979,9256.935297265942
2026-09-01 12:54:03,7450.0,7461.0,Call VEX 4,VEX,1811635.579,7576.596020596979,9256.935297265942
2026-09-01 12:54:03,7500.0,7511.25,Put GEX 4,GEX,-596869.744,7576.596020596979,9256.935297265942
2026-09-01 12:54:03,7500.0,7511.25,Call VEX 2,VEX,2756393.107,7576.596020596979,9256.935297265942
2026-09-01 12:54:03,7515.0,7526.25,Call CEX 5,CEX,1662818.606,7576.596020596979,9256.935297265942
2026-09-01 12:54:03,7600.0,7611.25,Call CEX 1,CEX,3289232.63,7576.596020596979,9256.935297265942
2026-09-01 12:54:03,7610.0,7621.25,Call CEX 3,CEX,2604258.341,7576.596020596979,9256.935297265942
2026-09-01 12:54:03,7615.0,7626.25,Call CEX 2,CEX,3027170.164,7576.596020596979,9256.935297265942
2026-09-01 12:54:03,7620.0,7631.25,Call CEX 4,CEX,1755401.018,7576.596020596979,9256.935297265942
2026-09-01 12:54:03,7620.0,7631.25,Put GEX 3,GEX,-601167.734,7576.596020596979,9256.935297265942
2026-09-01 12:54:03,7625.0,7636.25,Put CEX 1,CEX,-4189720.596,7576.596020596979,9256.935297265942
2026-09-01 12:54:03,7625.0,7636.25,Put GEX 1,GEX,-1037259.088,7576.596020596979,9256.935297265942
2026-09-01 12:54:03,7630.0,7641.25,Put CEX 5,CEX,-1253438.047,7576.596020596979,9256.935297265942
2026-09-01 12:54:03,7650.0,7661.25,Put DEX 5,DEX,-63.561,7576.596020596979,9256.935297265942
2026-09-01 12:54:03,7700.0,7711.5,Put CEX 3,CEX,-1398545.343,7576.596020596979,9256.935297265942
2026-09-01 12:54:03,7700.0,7711.5,Put DEX 2,DEX,-202.428,7576.596020596979,9256.935297265942
2026-09-01 12:54:03,7700.0,7711.5,Put VEX 4,VEX,-1052848.841,7576.596020596979,9256.935297265942
2026-09-01 12:54:03,7750.0,7761.5,Put CEX 4,CEX,-1280579.9,7576.596020596979,9256.935297265942
2026-09-01 12:54:03,7750.0,7761.5,Put DEX 3,DEX,-96.184,7576.596020596979,9256.935297265942
2026-09-01 12:54:03,7750.0,7761.5,Call GEX 3,GEX,263202.52,7576.596020596979,9256.935297265942
2026-09-01 12:54:03,7750.0,7761.5,Put VEX 3,VEX,-1106734.328,7576.596020596979,9256.935297265942
2026-09-01 12:54:03,7800.0,7811.5,Put DEX 4,DEX,-70.804,7576.596020596979,9256.935297265942
2026-09-01 12:54:03,7800.0,7811.5,Call GEX 1,GEX,479695.745,7576.596020596979,9256.935297265942
2026-09-01 12:54:03,7800.0,7811.5,Put VEX 2,VEX,-1706523.4,7576.596020596979,9256.935297265942
2026-09-01 12:54:03,7850.0,7861.75,Call GEX 4,GEX,256061.274,7576.596020596979,9256.935297265942
2026-09-01 12:54:03,7900.0,7911.75,Call GEX 2,GEX,350814.101,7576.596020596979,9256.935297265942
2026-09-01 12:54:03,7900.0,7911.75,Put VEX 5,VEX,-957633.136,7576.596020596979,9256.935297265942
2026-09-01 12:54:03,7950.0,7961.75,Call GEX 5,GEX,152300.383,7576.596020596979,9256.935297265942
2026-09-01 12:54:03,8000.0,8012.0,Put CEX 2,CEX,-3020529.403,7576.596020596979,9256.935297265942
2026-09-01 12:54:03,8000.0,8012.0,Put DEX 1,DEX,-2553.352,7576.596020596979,9256.935297265942
2026-09-01 12:54:03,8000.0,8012.0,Put GEX 5,GEX,-410631.598,7576.596020596979,9256.935297265942
2026-09-01 12:54:03,8000.0,8012.0,Put VEX 1,VEX,-10027498.246,7576.596020596979,9256.935297265942
2026-09-01 12:54:51,7000.0,7009.75,Call DEX 1,DEX,892.775,7604.600933377768,9256.328596619944
2026-09-01 12:54:51,7000.0,7009.75,Put GEX 2,GEX,-718899.409,7604.600933377768,9256.328596619944
2026-09-01 12:54:51,7000.0,7009.75,Call VEX 1,VEX,6941945.151,7604.600933377768,9256.328596619944
2026-09-01 12:54:51,7200.0,7210.0,Call DEX 5,DEX,120.886,7604.600933377768,9256.328596619944
2026-09-01 12:54:51,7300.0,7310.0,Call DEX 2,DEX,249.882,7604.600933377768,9256.328596619944
2026-09-01 12:54:51,7300.0,7310.0,Call VEX 5,VEX,1657735.672,7604.600933377768,9256.328596619944
2026-09-01 12:54:51,7400.0,7410.25,Call DEX 3,DEX,188.983,7604.600933377768,9256.328596619944
2026-09-01 12:54:51,7400.0,7410.25,Call VEX 3,VEX,2088351.07,7604.600933377768,9256.328596619944
2026-09-01 12:54:51,7450.0,7460.25,Call DEX 4,DEX,185.412,7604.600933377768,9256.328596619944
2026-09-01 12:54:51,7450.0,7460.25,Call VEX 4,VEX,1809365.58,7604.600933377768,9256.328596619944
2026-09-01 12:54:51,7500.0,7510.25,Call CEX 5,CEX,1552058.61,7604.600933377768,9256.328596619944
2026-09-01 12:54:51,7500.0,7510.25,Put GEX 3,GEX,-590792.277,7604.600933377768,9256.328596619944
2026-09-01 12:54:51,7500.0,7510.25,Call VEX 2,VEX,2777891.125,7604.600933377768,9256.328596619944
2026-09-01 12:54:51,7515.0,7525.25,Call CEX 4,CEX,1649893.518,7604.600933377768,9256.328596619944
2026-09-01 12:54:51,7610.0,7620.5,Call CEX 3,CEX,2099214.1,7604.600933377768,9256.328596619944
2026-09-01 12:54:51,7615.0,7625.5,Call CEX 1,CEX,2724537.471,7604.600933377768,9256.328596619944
2026-09-01 12:54:51,7620.0,7630.5,Call CEX 2,CEX,2618426.809,7604.600933377768,9256.328596619944
2026-09-01 12:54:51,7620.0,7630.5,Put GEX 4,GEX,-450575.824,7604.600933377768,9256.328596619944
2026-09-01 12:54:51,7625.0,7635.5,Put GEX 1,GEX,-833824.965,7604.600933377768,9256.328596619944
2026-09-01 12:54:51,7630.0,7640.5,Put CEX 2,CEX,-3771142.767,7604.600933377768,9256.328596619944
2026-09-01 12:54:51,7640.0,7650.5,Put CEX 5,CEX,-2722722.462,7604.600933377768,9256.328596619944
2026-09-01 12:54:51,7650.0,7660.5,Put CEX 1,CEX,-3853099.638,7604.600933377768,9256.328596619944
2026-09-01 12:54:51,7650.0,7660.5,Put DEX 4,DEX,-80.722,7604.600933377768,9256.328596619944
2026-09-01 12:54:51,7675.0,7685.5,Put CEX 3,CEX,-3136371.373,7604.600933377768,9256.328596619944
2026-09-01 12:54:51,7700.0,7710.5,Put DEX 2,DEX,-209.821,7604.600933377768,9256.328596619944
2026-09-01 12:54:51,7700.0,7710.5,Put VEX 4,VEX,-1033404.959,7604.600933377768,9256.328596619944
2026-09-01 12:54:51,7750.0,7760.75,Put DEX 3,DEX,-99.441,7604.600933377768,9256.328596619944
2026-09-01 12:54:51,7750.0,7760.75,Call GEX 3,GEX,261757.11,7604.600933377768,9256.328596619944
2026-09-01 12:54:51,7750.0,7760.75,Put VEX 3,VEX,-1104330.349,7604.600933377768,9256.328596619944
2026-09-01 12:54:51,7800.0,7810.75,Put DEX 5,DEX,-77.711,7604.600933377768,9256.328596619944
2026-09-01 12:54:51,7800.0,7810.75,Call GEX 1,GEX,482873.016,7604.600933377768,9256.328596619944
2026-09-01 12:54:51,7800.0,7810.75,Put VEX 2,VEX,-1706937.251,7604.600933377768,9256.328596619944
2026-09-01 12:54:51,7850.0,7860.75,Call GEX 4,GEX,258854.241,7604.600933377768,9256.328596619944
2026-09-01 12:54:51,7900.0,7910.75,Call GEX 2,GEX,353923.129,7604.600933377768,9256.328596619944
2026-09-01 12:54:51,7900.0,7910.75,Put VEX 5,VEX,-959512.996,7604.600933377768,9256.328596619944
2026-09-01 12:54:51,7950.0,7961.0,Call GEX 5,GEX,153851.028,7604.600933377768,9256.328596619944
2026-09-01 12:54:51,8000.0,8011.0,Put CEX 4,CEX,-3056557.135,7604.600933377768,9256.328596619944
2026-09-01 12:54:51,8000.0,8011.0,Put DEX 1,DEX,-2563.902,7604.600933377768,9256.328596619944
2026-09-01 12:54:51,8000.0,8011.0,Put GEX 5,GEX,-419609.606,7604.600933377768,9256.328596619944
2026-09-01 12:54:51,8000.0,8011.0,Put VEX 1,VEX,-10074240.579,7604.600933377768,9256.328596619944
2026-09-01 12:55:38,7000.0,7009.25,Call DEX 1,DEX,855.777,7610.15858450708,9257.572592806497
2026-09-01 12:55:38,7000.0,7009.25,Put GEX 2,GEX,-699434.952,7610.15858450708,9257.572592806497
2026-09-01 12:55:38,7000.0,7009.25,Call VEX 1,VEX,7020376.958,7610.15858450708,9257.572592806497
2026-09-01 12:55:38,7300.0,7309.75,Call DEX 2,DEX,250.644,7610.15858450708,9257.572592806497
2026-09-01 12:55:38,7300.0,7309.75,Call VEX 5,VEX,1658756.477,7610.15858450708,9257.572592806497
2026-09-01 12:55:38,7400.0,7410.0,Call DEX 3,DEX,190.915,7610.15858450708,9257.572592806497
2026-09-01 12:55:38,7400.0,7410.0,Call VEX 3,VEX,2092156.141,7610.15858450708,9257.572592806497
2026-09-01 12:55:38,7450.0,7460.0,Call DEX 4,DEX,187.23,7610.15858450708,9257.572592806497
2026-09-01 12:55:38,7450.0,7460.0,Call VEX 4,VEX,1814699.285,7610.15858450708,9257.572592806497
2026-09-01 12:55:38,7500.0,7510.0,Call DEX 5,DEX,125.124,7610.15858450708,9257.572592806497
2026-09-01 12:55:38,7500.0,7510.0,Put GEX 3,GEX,-588392.323,7610.15858450708,9257.572592806497
2026-09-01 12:55:38,7500.0,7510.0,Call VEX 2,VEX,2795531.207,7610.15858450708,9257.572592806497
2026-09-01 12:55:38,7515.0,7525.0,Call CEX 3,CEX,1644072.584,7610.15858450708,9257.572592806497
2026-09-01 12:55:38,7610.0,7620.25,Call CEX 4,CEX,1641557.703,7610.15858450708,9257.572592806497
2026-09-01 12:55:38,7615.0,7625.25,Call CEX 2,CEX,2030422.159,7610.15858450708,9257.572592806497
2026-09-01 12:55:38,7620.0,7630.25,Call CEX 1,CEX,2541283.609,7610.15858450708,9257.572592806497
2026-09-01 12:55:38,7620.0,7630.25,Put GEX 4,GEX,-456049.883,7610.15858450708,9257.572592806497
2026-09-01 12:55:38,7625.0,7635.25,Call CEX 5,CEX,1641073.673,7610.15858450708,9257.572592806497
2026-09-01 12:55:38,7625.0,7635.25,Put GEX 1,GEX,-862797.116,7610.15858450708,9257.572592806497
2026-09-01 12:55:38,7630.0,7640.25,Put CEX 3,CEX,-3395703.832,7610.15858450708,9257.572592806497
2026-09-01 12:55:38,7650.0,7660.25,Put CEX 1,CEX,-4774047.385,7610.15858450708,9257.572592806497
2026-09-01 12:55:38,7650.0,7660.25,Put DEX 4,DEX,-77.509,7610.15858450708,9257.572592806497
2026-09-01 12:55:38,7675.0,7685.25,Put CEX 2,CEX,-4016571.555,7610.15858450708,9257.572592806497
2026-09-01 12:55:38,7690.0,7700.25,Put CEX 5,CEX,-3150763.668,7610.15858450708,9257.572592806497
2026-09-01 12:55:38,7700.0,7710.25,Put CEX 4,CEX,-3343497.191,7610.15858450708,9257.572592806497
2026-09-01 12:55:38,7700.0,7710.25,Put DEX 2,DEX,-205.414,7610.15858450708,9257.572592806497
2026-09-01 12:55:38,7700.0,7710.25,Put VEX 4,VEX,-1014279.404,7610.15858450708,9257.572592806497
2026-09-01 12:55:38,7750.0,7760.25,Put DEX 3,DEX,-97.166,7610.15858450708,9257.572592806497
2026-09-01 12:55:38,7750.0,7760.25,Call GEX 4,GEX,258707.367,7610.15858450708,9257.572592806497
2026-09-01 12:55:38,7750.0,7760.25,Put VEX 3,VEX,-1098133.719,7610.15858450708,9257.572592806497
2026-09-01 12:55:38,7800.0,7810.5,Put DEX 5,DEX,-75.726,7610.15858450708,9257.572592806497
2026-09-01 12:55:38,7800.0,7810.5,Call GEX 1,GEX,485859.857,7610.15858450708,9257.572592806497
2026-09-01 12:55:38,7800.0,7810.5,Put VEX 2,VEX,-1703184.261,7610.15858450708,9257.572592806497
2026-09-01 12:55:38,7850.0,7860.5,Call GEX 3,GEX,261046.746,7610.15858450708,9257.572592806497
2026-09-01 12:55:38,7900.0,7910.5,Call GEX 2,GEX,356901.487,7610.15858450708,9257.572592806497
2026-09-01 12:55:38,7900.0,7910.5,Put VEX 5,VEX,-962500.822,7610.15858450708,9257.572592806497
2026-09-01 12:55:38,7950.0,7960.5,Call GEX 5,GEX,155253.093,7610.15858450708,9257.572592806497
2026-09-01 12:55:38,8000.0,8010.75,Put DEX 1,DEX,-2569.418,7610.15858450708,9257.572592806497
2026-09-01 12:55:38,8000.0,8010.75,Put GEX 5,GEX,-410877.148,7610.15858450708,9257.572592806497
2026-09-01 12:55:38,8000.0,8010.75,Put VEX 1,VEX,-10055835.543,7610.15858450708,9257.572592806497
2026-09-01 12:56:28,7000.0,7009.75,Call CEX 4,CEX,1574549.266,7610.632967563416,9262.91502830039
2026-09-01 12:56:28,7000.0,7009.75,Call DEX 1,DEX,888.369,7610.632967563416,9262.91502830039
2026-09-01 12:56:28,7000.0,7009.75,Put GEX 2,GEX,-707603.455,7610.632967563416,9262.91502830039
2026-09-01 12:56:28,7000.0,7009.75,Call VEX 1,VEX,7029506.354,7610.632967563416,9262.91502830039
2026-09-01 12:56:28,7200.0,7210.0,Call DEX 5,DEX,120.678,7610.632967563416,9262.91502830039
2026-09-01 12:56:28,7300.0,7310.0,Call DEX 2,DEX,249.304,7610.632967563416,9262.91502830039
2026-09-01 12:56:28,7300.0,7310.0,Call VEX 5,VEX,1659188.376,7610.632967563416,9262.91502830039
2026-09-01 12:56:28,7400.0,7410.25,Call DEX 4,DEX,188.477,7610.632967563416,9262.91502830039
2026-09-01 12:56:28,7400.0,7410.25,Call VEX 3,VEX,2086423.32,7610.632967563416,9262.91502830039
2026-09-01 12:56:28,7450.0,7460.25,Call DEX 3,DEX,189.781,7610.632967563416,9262.91502830039
2026-09-01 12:56:28,7450.0,7460.25,Call VEX 4,VEX,1805369.064,7610.632967563416,9262.91502830039
2026-09-01 12:56:28,7500.0,7510.25,Call CEX 5,CEX,1557086.213,7610.632967563416,9262.91502830039
2026-09-01 12:56:28,7500.0,7510.25,Put GEX 3,GEX,-593343.388,7610.632967563416,9262.91502830039
2026-09-01 12:56:28,7500.0,7510.25,Call VEX 2,VEX,2765317.781,7610.632967563416,9262.91502830039
2026-09-01 12:56:28,7515.0,7525.5,Call CEX 3,CEX,1681391.724,7610.632967563416,9262.91502830039
2026-09-01 12:56:28,7615.0,7625.5,Call CEX 2,CEX,2229939.059,7610.632967563416,9262.91502830039
2026-09-01 12:56:28,7620.0,7630.5,Call CEX 1,CEX,2705721.158,7610.632967563416,9262.91502830039
2026-09-01 12:56:28,7620.0,7630.5,Put GEX 4,GEX,-579517.032,7610.632967563416,9262.91502830039
2026-09-01 12:56:28,7625.0,7635.5,Put CEX 5,CEX,-3002683.046,7610.632967563416,9262.91502830039
2026-09-01 12:56:28,7625.0,7635.5,Put GEX 1,GEX,-935835.229,7610.632967563416,9262.91502830039
2026-09-01 12:56:28,7630.0,7640.5,Put CEX 1,CEX,-3886700.932,7610.632967563416,9262.91502830039
2026-09-01 12:56:28,7650.0,7660.5,Put CEX 2,CEX,-3877986.481,7610.632967563416,9262.91502830039
2026-09-01 12:56:28,7650.0,7660.5,Put DEX 4,DEX,-82.227,7610.632967563416,9262.91502830039
2026-09-01 12:56:28,7675.0,7685.5,Put CEX 3,CEX,-3278852.815,7610.632967563416,9262.91502830039
2026-09-01 12:56:28,7700.0,7710.75,Put DEX 2,DEX,-212.351,7610.632967563416,9262.91502830039
2026-09-01 12:56:28,7700.0,7710.75,Put VEX 4,VEX,-1051327.766,7610.632967563416,9262.91502830039
2026-09-01 12:56:28,7750.0,7760.75,Put DEX 3,DEX,-100.605,7610.632967563416,9262.91502830039
2026-09-01 12:56:28,7750.0,7760.75,Call GEX 3,GEX,258090.488,7610.632967563416,9262.91502830039
2026-09-01 12:56:28,7750.0,7760.75,Put VEX 3,VEX,-1110539.603,7610.632967563416,9262.91502830039
2026-09-01 12:56:28,7800.0,7810.75,Put DEX 5,DEX,-71.967,7610.632967563416,9262.91502830039
2026-09-01 12:56:28,7800.0,7810.75,Call GEX 1,GEX,482357.963,7610.632967563416,9262.91502830039
2026-09-01 12:56:28,7800.0,7810.75,Put VEX 2,VEX,-1703314.007,7610.632967563416,9262.91502830039
2026-09-01 12:56:28,7850.0,7860.75,Call GEX 4,GEX,257121.61,7610.632967563416,9262.91502830039
2026-09-01 12:56:28,7900.0,7911.0,Call GEX 2,GEX,352525.506,7610.632967563416,9262.91502830039
2026-09-01 12:56:28,7900.0,7911.0,Put VEX 5,VEX,-958121.642,7610.632967563416,9262.91502830039
2026-09-01 12:56:28,7950.0,7961.0,Call GEX 5,GEX,152946.853,7610.632967563416,9262.91502830039
2026-09-01 12:56:28,8000.0,8011.0,Put CEX 4,CEX,-3038156.53,7610.632967563416,9262.91502830039
2026-09-01 12:56:28,8000.0,8011.0,Put DEX 1,DEX,-2542.928,7610.632967563416,9262.91502830039
2026-09-01 12:56:28,8000.0,8011.0,Put GEX 5,GEX,-417129.955,7610.632967563416,9262.91502830039
2026-09-01 12:56:28,8000.0,8011.0,Put VEX 1,VEX,-10061032.044,7610.632967563416,9262.91502830039
2026-09-01 12:57:16,7000.0,7009.75,Call CEX 5,CEX,1548943.318,7604.125990188482,9257.25523534337
2026-09-01 12:57:16,7000.0,7009.75,Call DEX 1,DEX,854.858,7604.125990188482,9257.25523534337
2026-09-01 12:57:16,7000.0,7009.75,Put GEX 2,GEX,-707478.673,7604.125990188482,9257.25523534337
2026-09-01 12:57:16,7000.0,7009.75,Call VEX 1,VEX,7013110.139,7604.125990188482,9257.25523534337
2026-09-01 12:57:16,7200.0,7210.0,Call DEX 5,DEX,121.74,7604.125990188482,9257.25523534337
2026-09-01 12:57:16,7300.0,7310.25,Call DEX 2,DEX,251.011,7604.125990188482,9257.25523534337
2026-09-01 12:57:16,7300.0,7310.25,Call VEX 5,VEX,1649023.092,7604.125990188482,9257.25523534337
2026-09-01 12:57:16,7400.0,7410.5,Call DEX 3,DEX,190.082,7604.125990188482,9257.25523534337
2026-09-01 12:57:16,7400.0,7410.5,Call VEX 3,VEX,2087527.365,7604.125990188482,9257.25523534337
2026-09-01 12:57:16,7450.0,7460.5,Call DEX 4,DEX,186.524,7604.125990188482,9257.25523534337
2026-09-01 12:57:16,7450.0,7460.5,Call VEX 4,VEX,1810629.65,7604.125990188482,9257.25523534337
2026-09-01 12:57:16,7500.0,7510.5,Call CEX 4,CEX,1558299.853,7604.125990188482,9257.25523534337
2026-09-01 12:57:16,7500.0,7510.5,Put GEX 3,GEX,-587308.849,7604.125990188482,9257.25523534337
2026-09-01 12:57:16,7500.0,7510.5,Call VEX 2,VEX,2781633.102,7604.125990188482,9257.25523534337
2026-09-01 12:57:16,7515.0,7525.5,Call CEX 3,CEX,1683753.73,7604.125990188482,9257.25523534337
2026-09-01 12:57:16,7615.0,7625.75,Call CEX 2,CEX,1778438.361,7604.125990188482,9257.25523534337
2026-09-01 12:57:16,7620.0,7630.75,Call CEX 1,CEX,2569023.001,7604.125990188482,9257.25523534337
2026-09-01 12:57:16,7620.0,7630.75,Put GEX 4,GEX,-555233.067,7604.125990188482,9257.25523534337
2026-09-01 12:57:16,7625.0,7635.75,Put GEX 1,GEX,-778277.213,7604.125990188482,9257.25523534337
2026-09-01 12:57:16,7630.0,7640.75,Put CEX 3,CEX,-3712636.711,7604.125990188482,9257.25523534337
2026-09-01 12:57:16,7650.0,7660.75,Put CEX 1,CEX,-4687636.381,7604.125990188482,9257.25523534337
2026-09-01 12:57:16,7650.0,7660.75,Put DEX 4,DEX,-79.542,7604.125990188482,9257.25523534337
2026-09-01 12:57:16,7675.0,7685.75,Put CEX 2,CEX,-3811908.782,7604.125990188482,9257.25523534337
2026-09-01 12:57:16,7700.0,7710.75,Put CEX 5,CEX,-3057286.879,7604.125990188482,9257.25523534337
2026-09-01 12:57:16,7700.0,7710.75,Put DEX 2,DEX,-208.9,7604.125990188482,9257.25523534337
2026-09-01 12:57:16,7700.0,7710.75,Put VEX 4,VEX,-1030730.196,7604.125990188482,9257.25523534337
2026-09-01 12:57:16,7750.0,7761.0,Put DEX 3,DEX,-98.634,7604.125990188482,9257.25523534337
2026-09-01 12:57:16,7750.0,7761.0,Call GEX 3,GEX,258624.353,7604.125990188482,9257.25523534337
2026-09-01 12:57:16,7750.0,7761.0,Put VEX 3,VEX,-1106053.647,7604.125990188482,9257.25523534337
2026-09-01 12:57:16,7800.0,7811.0,Put DEX 5,DEX,-77.194,7604.125990188482,9257.25523534337
2026-09-01 12:57:16,7800.0,7811.0,Call GEX 1,GEX,481391.499,7604.125990188482,9257.25523534337
2026-09-01 12:57:16,7800.0,7811.0,Put VEX 2,VEX,-1706841.508,7604.125990188482,9257.25523534337
2026-09-01 12:57:16,7850.0,7861.0,Call GEX 4,GEX,257653.407,7604.125990188482,9257.25523534337
2026-09-01 12:57:16,7900.0,7911.0,Call GEX 2,GEX,354038.465,7604.125990188482,9257.25523534337
2026-09-01 12:57:16,7900.0,7911.0,Put VEX 5,VEX,-959681.725,7604.125990188482,9257.25523534337
2026-09-01 12:57:16,7950.0,7961.25,Call GEX 5,GEX,154044.311,7604.125990188482,9257.25523534337
2026-09-01 12:57:16,8000.0,8011.25,Put CEX 4,CEX,-3098707.817,7604.125990188482,9257.25523534337
2026-09-01 12:57:16,8000.0,8011.25,Put DEX 1,DEX,-2561.641,7604.125990188482,9257.25523534337
2026-09-01 12:57:16,8000.0,8011.25,Put GEX 5,GEX,-429704.483,7604.125990188482,9257.25523534337
2026-09-01 12:57:16,8000.0,8011.25,Put VEX 1,VEX,-10109863.056,7604.125990188482,9257.25523534337
2026-09-01 12:58:04,7000.0,7009.75,Call CEX 5,CEX,1552757.171,7609.283001934375,9259.597105860836
2026-09-01 12:58:04,7000.0,7009.75,Call DEX 1,DEX,890.06,7609.283001934375,9259.597105860836
2026-09-01 12:58:04,7000.0,7009.75,Put GEX 2,GEX,-709214.406,7609.283001934375,9259.597105860836
2026-09-01 12:58:04,7000.0,7009.75,Call VEX 1,VEX,7003157.375,7609.283001934375,9259.597105860836
2026-09-01 12:58:04,7200.0,7210.0,Call DEX 5,DEX,121.623,7609.283001934375,9259.597105860836
2026-09-01 12:58:04,7300.0,7310.25,Call DEX 2,DEX,251.053,7609.283001934375,9259.597105860836
2026-09-01 12:58:04,7300.0,7310.25,Call VEX 5,VEX,1649150.189,7609.283001934375,9259.597105860836
2026-09-01 12:58:04,7400.0,7410.25,Call DEX 3,DEX,190.21,7609.283001934375,9259.597105860836
2026-09-01 12:58:04,7400.0,7410.25,Call VEX 3,VEX,2087392.814,7609.283001934375,9259.597105860836
2026-09-01 12:58:04,7450.0,7460.5,Call DEX 4,DEX,186.048,7609.283001934375,9259.597105860836
2026-09-01 12:58:04,7450.0,7460.5,Call VEX 4,VEX,1809883.215,7609.283001934375,9259.597105860836
2026-09-01 12:58:04,7500.0,7510.5,Call CEX 4,CEX,1566595.019,7609.283001934375,9259.597105860836
2026-09-01 12:58:04,7500.0,7510.5,Put GEX 3,GEX,-587728.632,7609.283001934375,9259.597105860836
2026-09-01 12:58:04,7500.0,7510.5,Call VEX 2,VEX,2781898.571,7609.283001934375,9259.597105860836
2026-09-01 12:58:04,7515.0,7525.5,Call CEX 3,CEX,1698216.366,7609.283001934375,9259.597105860836
2026-09-01 12:58:04,7615.0,7625.5,Call CEX 2,CEX,1808995.172,7609.283001934375,9259.597105860836
2026-09-01 12:58:04,7620.0,7630.5,Call CEX 1,CEX,2598970.105,7609.283001934375,9259.597105860836
2026-09-01 12:58:04,7620.0,7630.5,Put GEX 4,GEX,-574958.221,7609.283001934375,9259.597105860836
2026-09-01 12:58:04,7625.0,7635.75,Put GEX 1,GEX,-938960.272,7609.283001934375,9259.597105860836
2026-09-01 12:58:04,7630.0,7640.75,Put CEX 2,CEX,-3822319.651,7609.283001934375,9259.597105860836
2026-09-01 12:58:04,7650.0,7660.75,Put CEX 1,CEX,-3877151.578,7609.283001934375,9259.597105860836
2026-09-01 12:58:04,7650.0,7660.75,Put DEX 4,DEX,-80.675,7609.283001934375,9259.597105860836
2026-09-01 12:58:04,7675.0,7685.75,Put CEX 3,CEX,-3664855.024,7609.283001934375,9259.597105860836
2026-09-01 12:58:04,7700.0,7710.75,Put CEX 5,CEX,-3053318.801,7609.283001934375,9259.597105860836
2026-09-01 12:58:04,7700.0,7710.75,Put DEX 2,DEX,-209.533,7609.283001934375,9259.597105860836
2026-09-01 12:58:04,7700.0,7710.75,Put VEX 4,VEX,-1034017.208,7609.283001934375,9259.597105860836
2026-09-01 12:58:04,7750.0,7760.75,Put DEX 3,DEX,-99.229,7609.283001934375,9259.597105860836
2026-09-01 12:58:04,7750.0,7760.75,Call GEX 3,GEX,261438.713,7609.283001934375,9259.597105860836
2026-09-01 12:58:04,7750.0,7760.75,Put VEX 3,VEX,-1103346.533,7609.283001934375,9259.597105860836
2026-09-01 12:58:04,7800.0,7810.75,Put DEX 5,DEX,-77.488,7609.283001934375,9259.597105860836
2026-09-01 12:58:04,7800.0,7810.75,Call GEX 1,GEX,483259.894,7609.283001934375,9259.597105860836
2026-09-01 12:58:04,7800.0,7810.75,Put VEX 2,VEX,-1705475.557,7609.283001934375,9259.597105860836
2026-09-01 12:58:04,7850.0,7861.0,Call GEX 4,GEX,258299.2,7609.283001934375,9259.597105860836
2026-09-01 12:58:04,7900.0,7911.0,Call GEX 2,GEX,354543.143,7609.283001934375,9259.597105860836
2026-09-01 12:58:04,7900.0,7911.0,Put VEX 5,VEX,-961267.316,7609.283001934375,9259.597105860836
2026-09-01 12:58:04,7950.0,7961.0,Call GEX 5,GEX,153975.092,7609.283001934375,9259.597105860836
2026-09-01 12:58:04,8000.0,8011.25,Put CEX 4,CEX,-3066868.384,7609.283001934375,9259.597105860836
2026-09-01 12:58:04,8000.0,8011.25,Put DEX 1,DEX,-2562.692,7609.283001934375,9259.597105860836
2026-09-01 12:58:04,8000.0,8011.25,Put GEX 5,GEX,-423757.716,7609.283001934375,9259.597105860836
2026-09-01 12:58:04,8000.0,8011.25,Put VEX 1,VEX,-10093207.675,7609.283001934375,9259.597105860836
2026-09-01 12:58:51,7000.0,7010.25,Call CEX 5,CEX,1565595.562,7602.066473380607,9257.465596808384
2026-09-01 12:58:51,7000.0,7010.25,Call DEX 1,DEX,887.2,7602.066473380607,9257.465596808384
2026-09-01 12:58:51,7000.0,7010.25,Put GEX 2,GEX,-684719.997,7602.066473380607,9257.465596808384
2026-09-01 12:58:51,7000.0,7010.25,Call VEX 1,VEX,7088174.368,7602.066473380607,9257.465596808384
2026-09-01 12:58:51,7300.0,7310.75,Call DEX 2,DEX,249.797,7602.066473380607,9257.465596808384
2026-09-01 12:58:51,7300.0,7310.75,Call VEX 5,VEX,1662807.583,7602.066473380607,9257.465596808384
2026-09-01 12:58:51,7400.0,7410.75,Call DEX 4,DEX,190.584,7602.066473380607,9257.465596808384
2026-09-01 12:58:51,7400.0,7410.75,Call VEX 3,VEX,2091644.295,7602.066473380607,9257.465596808384
2026-09-01 12:58:51,7450.0,7461.0,Call DEX 3,DEX,192.217,7602.066473380607,9257.465596808384
2026-09-01 12:58:51,7450.0,7461.0,Call VEX 4,VEX,1813722.85,7602.066473380607,9257.465596808384
2026-09-01 12:58:51,7500.0,7511.0,Call CEX 4,CEX,1571584.083,7602.066473380607,9257.465596808384
2026-09-01 12:58:51,7500.0,7511.0,Call DEX 5,DEX,123.396,7602.066473380607,9257.465596808384
2026-09-01 12:58:51,7500.0,7511.0,Put GEX 3,GEX,-595548.482,7602.066473380607,9257.465596808384
2026-09-01 12:58:51,7500.0,7511.0,Call VEX 2,VEX,2791292.527,7602.066473380607,9257.465596808384
2026-09-01 12:58:51,7515.0,7526.0,Call CEX 3,CEX,1711554.281,7602.066473380607,9257.465596808384
2026-09-01 12:58:51,7600.0,7611.25,Call CEX 2,CEX,1874624.772,7602.066473380607,9257.465596808384
2026-09-01 12:58:51,7620.0,7631.25,Call CEX 1,CEX,2380908.728,7602.066473380607,9257.465596808384
2026-09-01 12:58:51,7620.0,7631.25,Put GEX 4,GEX,-450935.233,7602.066473380607,9257.465596808384
2026-09-01 12:58:51,7625.0,7636.25,Put GEX 1,GEX,-1329990.929,7602.066473380607,9257.465596808384
2026-09-01 12:58:51,7630.0,7641.25,Put CEX 1,CEX,-4105786.696,7602.066473380607,9257.465596808384
2026-09-01 12:58:51,7635.0,7646.25,Put CEX 5,CEX,-1986881.288,7602.066473380607,9257.465596808384
2026-09-01 12:58:51,7650.0,7661.25,Put DEX 5,DEX,-59.301,7602.066473380607,9257.465596808384
2026-09-01 12:58:51,7675.0,7686.25,Put CEX 3,CEX,-2585720.603,7602.066473380607,9257.465596808384
2026-09-01 12:58:51,7700.0,7711.25,Put CEX 4,CEX,-2180274.21,7602.066473380607,9257.465596808384
2026-09-01 12:58:51,7700.0,7711.25,Put DEX 2,DEX,-208.233,7602.066473380607,9257.465596808384
2026-09-01 12:58:51,7700.0,7711.25,Put VEX 4,VEX,-1010773.081,7602.066473380607,9257.465596808384
2026-09-01 12:58:51,7750.0,7761.5,Put DEX 3,DEX,-93.875,7602.066473380607,9257.465596808384
2026-09-01 12:58:51,7750.0,7761.5,Call GEX 3,GEX,264980.823,7602.066473380607,9257.465596808384
2026-09-01 12:58:51,7750.0,7761.5,Put VEX 3,VEX,-1088988.914,7602.066473380607,9257.465596808384
2026-09-01 12:58:51,7800.0,7811.5,Put DEX 4,DEX,-77.145,7602.066473380607,9257.465596808384
2026-09-01 12:58:51,7800.0,7811.5,Call GEX 1,GEX,481894.361,7602.066473380607,9257.465596808384
2026-09-01 12:58:51,7800.0,7811.5,Put VEX 2,VEX,-1699073.61,7602.066473380607,9257.465596808384
2026-09-01 12:58:51,7850.0,7861.5,Call GEX 4,GEX,257306.651,7602.066473380607,9257.465596808384
2026-09-01 12:58:51,7900.0,7911.5,Call GEX 2,GEX,355456.903,7602.066473380607,9257.465596808384
2026-09-01 12:58:51,7900.0,7911.5,Put VEX 5,VEX,-961387.592,7602.066473380607,9257.465596808384
2026-09-01 12:58:51,7950.0,7961.75,Call GEX 5,GEX,154675.543,7602.066473380607,9257.465596808384
2026-09-01 12:58:51,8000.0,8011.75,Put CEX 2,CEX,-3058836.584,7602.066473380607,9257.465596808384
2026-09-01 12:58:51,8000.0,8011.75,Put DEX 1,DEX,-2569.831,7602.066473380607,9257.465596808384
2026-09-01 12:58:51,8000.0,8011.75,Put GEX 5,GEX,-415975.758,7602.066473380607,9257.465596808384
2026-09-01 12:58:51,8000.0,8011.75,Put VEX 1,VEX,-10069703.933,7602.066473380607,9257.465596808384
