timestamp,strikePrice,Theo ES,Rank,Greek,Value,cum_gam,cum_vec
2025-07-08 07:40:01,2400.0,2417.5,Call CEX 1,CEX,0.0,,6800.0
2025-07-08 07:40:01,2400.0,2417.5,Put CEX 1,CEX,0.0,,6800.0
2025-07-08 07:40:01,2400.0,2417.5,Call VEX 1,VEX,0.0,,6800.0
2025-07-08 07:40:01,2400.0,2417.5,Put VEX 1,VEX,0.0,,6800.0
2025-07-08 07:40:01,2600.0,2619.0,Call CEX 2,CEX,0.0,,6800.0
2025-07-08 07:40:01,2600.0,2619.0,Put CEX 2,CEX,0.0,,6800.0
2025-07-08 07:40:01,2600.0,2619.0,Call VEX 2,VEX,0.0,,6800.0
2025-07-08 07:40:01,2600.0,2619.0,Put VEX 2,VEX,0.0,,6800.0
2025-07-08 07:40:01,2800.0,2820.25,Call CEX 3,CEX,0.0,,6800.0
2025-07-08 07:40:01,2800.0,2820.25,Put CEX 3,CEX,0.0,,6800.0
2025-07-08 07:40:01,2800.0,2820.25,Call VEX 3,VEX,0.0,,6800.0
2025-07-08 07:40:01,2800.0,2820.25,Put VEX 3,VEX,0.0,,6800.0
2025-07-08 07:40:01,3000.0,3021.75,Call CEX 4,CEX,0.0,,6800.0
2025-07-08 07:40:01,3000.0,3021.75,Put CEX 4,CEX,0.0,,6800.0
2025-07-08 07:40:01,3000.0,3021.75,Call VEX 4,VEX,0.0,,6800.0
2025-07-08 07:40:01,3000.0,3021.75,Put VEX 4,VEX,0.0,,6800.0
2025-07-08 07:40:01,3200.0,3223.25,Call CEX 5,CEX,0.0,,6800.0
2025-07-08 07:40:01,3200.0,3223.25,Put CEX 5,CEX,0.0,,6800.0
2025-07-08 07:40:01,3200.0,3223.25,Call VEX 5,VEX,0.0,,6800.0
2025-07-08 07:40:01,3200.0,3223.25,Put VEX 5,VEX,0.0,,6800.0
2025-07-08 07:40:01,5950.0,5993.25,Put DEX 5,DEX,-2.695,,6800.0
2025-07-08 07:40:01,6035.0,6078.75,Put DEX 2,DEX,-6.371,,6800.0
2025-07-08 07:40:01,6035.0,6078.75,Put GEX 4,GEX,-12398.702,,6800.0
2025-07-08 07:40:01,6050.0,6094.0,Put DEX 1,DEX,-6.903,,6800.0
2025-07-08 07:40:01,6050.0,6094.0,Put GEX 3,GEX,-14688.77,,6800.0
2025-07-08 07:40:01,6075.0,6119.25,Put DEX 4,DEX,-3.055,,6800.0
2025-07-08 07:40:01,6100.0,6144.25,Put DEX 3,DEX,-5.927,,6800.0
2025-07-08 07:40:01,6100.0,6144.25,Put GEX 2,GEX,-21601.127,,6800.0
2025-07-08 07:40:01,6125.0,6169.5,Call DEX 3,DEX,4.835,,6800.0
2025-07-08 07:40:01,6150.0,6194.75,Put GEX 5,GEX,-9440.525,,6800.0
2025-07-08 07:40:01,6200.0,6245.0,Put GEX 1,GEX,-21719.595,,6800.0
2025-07-08 07:40:01,6275.0,6320.5,Call DEX 1,DEX,22.423,,6800.0
2025-07-08 07:40:01,6275.0,6320.5,Call GEX 1,GEX,144997.653,,6800.0
2025-07-08 07:40:01,6285.0,6330.75,Call DEX 4,DEX,3.376,,6800.0
2025-07-08 07:40:01,6285.0,6330.75,Call GEX 3,GEX,20328.258,,6800.0
2025-07-08 07:40:01,6300.0,6345.75,Call DEX 2,DEX,5.905,,6800.0
2025-07-08 07:40:01,6300.0,6345.75,Call GEX 2,GEX,30907.349,,6800.0
2025-07-08 07:40:01,6310.0,6355.75,Call GEX 4,GEX,12635.742,,6800.0
2025-07-08 07:40:01,6350.0,6396.25,Call DEX 5,DEX,3.251,,6800.0
2025-07-08 07:40:01,6350.0,6396.25,Call GEX 5,GEX,10575.628,,6800.0
2025-07-08 07:41:29,2400.0,2417.5,Call CEX 1,CEX,0.0,,6550.0
2025-07-08 07:41:29,2400.0,2417.5,Put CEX 1,CEX,0.0,,6550.0
2025-07-08 07:41:29,2400.0,2417.5,Call VEX 1,VEX,0.0,,6550.0
2025-07-08 07:41:29,2400.0,2417.5,Put VEX 1,VEX,0.0,,6550.0
2025-07-08 07:41:29,2600.0,2619.0,Call CEX 2,CEX,0.0,,6550.0
2025-07-08 07:41:29,2600.0,2619.0,Put CEX 2,CEX,0.0,,6550.0
2025-07-08 07:41:29,2600.0,2619.0,Call VEX 2,VEX,0.0,,6550.0
2025-07-08 07:41:29,2600.0,2619.0,Put VEX 2,VEX,0.0,,6550.0
2025-07-08 07:41:29,2800.0,2820.5,Call CEX 3,CEX,0.0,,6550.0
2025-07-08 07:41:29,2800.0,2820.5,Put CEX 3,CEX,0.0,,6550.0
2025-07-08 07:41:29,2800.0,2820.5,Call VEX 3,VEX,0.0,,6550.0
2025-07-08 07:41:29,2800.0,2820.5,Put VEX 3,VEX,0.0,,6550.0
2025-07-08 07:41:29,3000.0,3022.0,Call CEX 4,CEX,0.0,,6550.0
2025-07-08 07:41:29,3000.0,3022.0,Put CEX 4,CEX,0.0,,6550.0
2025-07-08 07:41:29,3000.0,3022.0,Call VEX 4,VEX,0.0,,6550.0
2025-07-08 07:41:29,3000.0,3022.0,Put VEX 4,VEX,0.0,,6550.0
2025-07-08 07:41:29,3200.0,3223.25,Call CEX 5,CEX,0.0,,6550.0
2025-07-08 07:41:29,3200.0,3223.25,Put CEX 5,CEX,0.0,,6550.0
2025-07-08 07:41:29,3200.0,3223.25,Call VEX 5,VEX,0.0,,6550.0
2025-07-08 07:41:29,3200.0,3223.25,Put VEX 5,VEX,0.0,,6550.0
2025-07-08 07:41:29,6025.0,6069.0,Put DEX 5,DEX,-2.232,,6550.0
2025-07-08 07:41:29,6035.0,6079.0,Put DEX 2,DEX,-6.373,,6550.0
2025-07-08 07:41:29,6035.0,6079.0,Put GEX 4,GEX,-12041.229,,6550.0
2025-07-08 07:41:29,6050.0,6094.25,Put DEX 1,DEX,-6.903,,6550.0
2025-07-08 07:41:29,6050.0,6094.25,Put GEX 2,GEX,-14223.098,,6550.0
2025-07-08 07:41:29,6075.0,6119.25,Put DEX 4,DEX,-3.043,,6550.0
2025-07-08 07:41:29,6100.0,6144.5,Put DEX 3,DEX,-5.843,,6550.0
2025-07-08 07:41:29,6100.0,6144.5,Put GEX 1,GEX,-20327.921,,6550.0
2025-07-08 07:41:29,6125.0,6169.75,Call DEX 2,DEX,5.047,,6550.0
2025-07-08 07:41:29,6150.0,6194.75,Put GEX 5,GEX,-8392.523,,6550.0
2025-07-08 07:41:29,6200.0,6245.25,Put GEX 3,GEX,-13260.149,,6550.0
2025-07-08 07:41:29,6250.0,6295.5,Call GEX 4,GEX,15557.932,,6550.0
2025-07-08 07:41:29,6275.0,6320.75,Call DEX 1,DEX,22.167,,6550.0
2025-07-08 07:41:29,6275.0,6320.75,Call GEX 1,GEX,160346.112,,6550.0
2025-07-08 07:41:29,6285.0,6330.75,Call DEX 4,DEX,3.232,,6550.0
2025-07-08 07:41:29,6285.0,6330.75,Call GEX 2,GEX,21912.541,,6550.0
2025-07-08 07:41:29,6300.0,6346.0,Call GEX 3,GEX,18822.793,,6550.0
2025-07-08 07:41:29,6310.0,6356.0,Call GEX 5,GEX,13302.369,,6550.0
2025-07-08 07:41:29,6350.0,6396.25,Call DEX 3,DEX,3.253,,6550.0
2025-07-08 07:41:29,6400.0,6446.75,Call DEX 5,DEX,2.987,,6550.0
2025-07-08 07:43:05,2400.0,2417.5,Call CEX 1,CEX,0.0,,6550.0
2025-07-08 07:43:05,2400.0,2417.5,Put CEX 1,CEX,0.0,,6550.0
2025-07-08 07:43:05,2400.0,2417.5,Call VEX 1,VEX,0.0,,6550.0
2025-07-08 07:43:05,2400.0,2417.5,Put VEX 1,VEX,0.0,,6550.0
2025-07-08 07:43:05,2600.0,2618.75,Call CEX 2,CEX,0.0,,6550.0
2025-07-08 07:43:05,2600.0,2618.75,Put CEX 2,CEX,0.0,,6550.0
2025-07-08 07:43:05,2600.0,2618.75,Call VEX 2,VEX,0.0,,6550.0
2025-07-08 07:43:05,2600.0,2618.75,Put VEX 2,VEX,0.0,,6550.0
2025-07-08 07:43:05,2800.0,2820.25,Call CEX 3,CEX,0.0,,6550.0
2025-07-08 07:43:05,2800.0,2820.25,Put CEX 3,CEX,0.0,,6550.0
2025-07-08 07:43:05,2800.0,2820.25,Call VEX 3,VEX,0.0,,6550.0
2025-07-08 07:43:05,2800.0,2820.25,Put VEX 3,VEX,0.0,,6550.0
2025-07-08 07:43:05,3000.0,3021.75,Call CEX 4,CEX,0.0,,6550.0
2025-07-08 07:43:05,3000.0,3021.75,Put CEX 4,CEX,0.0,,6550.0
2025-07-08 07:43:05,3000.0,3021.75,Call VEX 4,VEX,0.0,,6550.0
2025-07-08 07:43:05,3000.0,3021.75,Put VEX 4,VEX,0.0,,6550.0
2025-07-08 07:43:05,3200.0,3223.25,Call CEX 5,CEX,0.0,,6550.0
2025-07-08 07:43:05,3200.0,3223.25,Put CEX 5,CEX,0.0,,6550.0
2025-07-08 07:43:05,3200.0,3223.25,Call VEX 5,VEX,0.0,,6550.0
2025-07-08 07:43:05,3200.0,3223.25,Put VEX 5,VEX,0.0,,6550.0
2025-07-08 07:43:05,6000.0,6043.5,Put DEX 4,DEX,-4.647,,6550.0
2025-07-08 07:43:05,6035.0,6078.75,Put DEX 3,DEX,-6.431,,6550.0
2025-07-08 07:43:05,6035.0,6078.75,Put GEX 3,GEX,-12092.468,,6550.0
2025-07-08 07:43:05,6050.0,6094.0,Put DEX 2,DEX,-7.087,,6550.0
2025-07-08 07:43:05,6050.0,6094.0,Put GEX 2,GEX,-14396.217,,6550.0
2025-07-08 07:43:05,6075.0,6119.0,Put DEX 5,DEX,-3.582,,6550.0
2025-07-08 07:43:05,6075.0,6119.0,Put GEX 4,GEX,-8403.54,,6550.0
2025-07-08 07:43:05,6100.0,6144.25,Put DEX 1,DEX,-8.914,,6550.0
2025-07-08 07:43:05,6100.0,6144.25,Put GEX 1,GEX,-24620.184,,6550.0
2025-07-08 07:43:05,6175.0,6219.75,Call DEX 5,DEX,2.866,,6550.0
2025-07-08 07:43:05,6200.0,6245.0,Put GEX 5,GEX,-8109.936,,6550.0
2025-07-08 07:43:05,6225.0,6270.25,Call GEX 5,GEX,16502.342,,6550.0
2025-07-08 07:43:05,6250.0,6295.25,Call GEX 4,GEX,18547.598,,6550.0
2025-07-08 07:43:05,6275.0,6320.5,Call DEX 1,DEX,21.958,,6550.0
2025-07-08 07:43:05,6275.0,6320.5,Call GEX 1,GEX,165044.658,,6550.0
2025-07-08 07:43:05,6285.0,6330.5,Call DEX 2,DEX,3.212,,6550.0
2025-07-08 07:43:05,6285.0,6330.5,Call GEX 2,GEX,22334.092,,6550.0
2025-07-08 07:43:05,6300.0,6345.75,Call GEX 3,GEX,20517.625,,6550.0
2025-07-08 07:43:05,6350.0,6396.0,Call DEX 3,DEX,3.161,,6550.0
2025-07-08 07:43:05,6400.0,6446.5,Call DEX 4,DEX,2.979,,6550.0
2025-07-08 07:44:49,2400.0,2417.75,Call CEX 1,CEX,0.0,,6550.0
2025-07-08 07:44:49,2400.0,2417.75,Put CEX 1,CEX,0.0,,6550.0
2025-07-08 07:44:49,2400.0,2417.75,Call VEX 1,VEX,0.0,,6550.0
2025-07-08 07:44:49,2400.0,2417.75,Put VEX 1,VEX,0.0,,6550.0
2025-07-08 07:44:49,2600.0,2619.0,Call CEX 2,CEX,0.0,,6550.0
2025-07-08 07:44:49,2600.0,2619.0,Put CEX 2,CEX,0.0,,6550.0
2025-07-08 07:44:49,2600.0,2619.0,Call VEX 2,VEX,0.0,,6550.0
2025-07-08 07:44:49,2600.0,2619.0,Put VEX 2,VEX,0.0,,6550.0
2025-07-08 07:44:49,2800.0,2820.5,Call CEX 3,CEX,0.0,,6550.0
2025-07-08 07:44:49,2800.0,2820.5,Put CEX 3,CEX,0.0,,6550.0
2025-07-08 07:44:49,2800.0,2820.5,Call VEX 3,VEX,0.0,,6550.0
2025-07-08 07:44:49,2800.0,2820.5,Put VEX 3,VEX,0.0,,6550.0
2025-07-08 07:44:49,3000.0,3022.0,Call CEX 4,CEX,0.0,,6550.0
2025-07-08 07:44:49,3000.0,3022.0,Put CEX 4,CEX,0.0,,6550.0
2025-07-08 07:44:49,3000.0,3022.0,Call VEX 4,VEX,0.0,,6550.0
2025-07-08 07:44:49,3000.0,3022.0,Put VEX 4,VEX,0.0,,6550.0
2025-07-08 07:44:49,3200.0,3223.5,Call CEX 5,CEX,0.0,,6550.0
2025-07-08 07:44:49,3200.0,3223.5,Put CEX 5,CEX,0.0,,6550.0
2025-07-08 07:44:49,3200.0,3223.5,Call VEX 5,VEX,0.0,,6550.0
2025-07-08 07:44:49,3200.0,3223.5,Put VEX 5,VEX,0.0,,6550.0
2025-07-08 07:44:49,5950.0,5993.75,Put DEX 5,DEX,-2.689,,6550.0
2025-07-08 07:44:49,6035.0,6079.25,Put DEX 2,DEX,-6.372,,6550.0
2025-07-08 07:44:49,6035.0,6079.25,Put GEX 3,GEX,-12212.238,,6550.0
2025-07-08 07:44:49,6050.0,6094.5,Put DEX 1,DEX,-6.902,,6550.0
2025-07-08 07:44:49,6050.0,6094.5,Put GEX 2,GEX,-14435.97,,6550.0
2025-07-08 07:44:49,6075.0,6119.5,Put DEX 4,DEX,-3.04,,6550.0
2025-07-08 07:44:49,6100.0,6144.75,Put DEX 3,DEX,-5.828,,6550.0
2025-07-08 07:44:49,6100.0,6144.75,Put GEX 1,GEX,-20679.944,,6550.0
2025-07-08 07:44:49,6125.0,6170.0,Call DEX 2,DEX,5.093,,6550.0
2025-07-08 07:44:49,6150.0,6195.25,Put GEX 5,GEX,-8508.667,,6550.0
2025-07-08 07:44:49,6200.0,6245.5,Put GEX 4,GEX,-11706.087,,6550.0
2025-07-08 07:44:49,6225.0,6270.75,Call GEX 5,GEX,14647.294,,6550.0
2025-07-08 07:44:49,6250.0,6296.0,Call GEX 4,GEX,16405.438,,6550.0
2025-07-08 07:44:49,6275.0,6321.0,Call DEX 1,DEX,21.778,,6550.0
2025-07-08 07:44:49,6275.0,6321.0,Call GEX 1,GEX,155552.854,,6550.0
2025-07-08 07:44:49,6285.0,6331.25,Call DEX 3,DEX,3.192,,6550.0
2025-07-08 07:44:49,6285.0,6331.25,Call GEX 2,GEX,21157.895,,6550.0
2025-07-08 07:44:49,6300.0,6346.25,Call GEX 3,GEX,18731.995,,6550.0
2025-07-08 07:44:49,6350.0,6396.75,Call DEX 4,DEX,3.157,,6550.0
2025-07-08 07:44:49,6400.0,6447.0,Call DEX 5,DEX,2.978,,6550.0
2025-07-08 07:46:28,2400.0,2417.75,Call CEX 1,CEX,0.0,,6550.0
2025-07-08 07:46:28,2400.0,2417.75,Put CEX 1,CEX,0.0,,6550.0
2025-07-08 07:46:28,2400.0,2417.75,Call VEX 1,VEX,0.0,,6550.0
2025-07-08 07:46:28,2400.0,2417.75,Put VEX 1,VEX,0.0,,6550.0
2025-07-08 07:46:28,2600.0,2619.25,Call CEX 2,CEX,0.0,,6550.0
2025-07-08 07:46:28,2600.0,2619.25,Put CEX 2,CEX,0.0,,6550.0
2025-07-08 07:46:28,2600.0,2619.25,Call VEX 2,VEX,0.0,,6550.0
2025-07-08 07:46:28,2600.0,2619.25,Put VEX 2,VEX,0.0,,6550.0
2025-07-08 07:46:28,2800.0,2820.75,Call CEX 3,CEX,0.0,,6550.0
2025-07-08 07:46:28,2800.0,2820.75,Put CEX 3,CEX,0.0,,6550.0
2025-07-08 07:46:28,2800.0,2820.75,Call VEX 3,VEX,0.0,,6550.0
2025-07-08 07:46:28,2800.0,2820.75,Put VEX 3,VEX,0.0,,6550.0
2025-07-08 07:46:28,3000.0,3022.25,Call CEX 4,CEX,0.0,,6550.0
2025-07-08 07:46:28,3000.0,3022.25,Put CEX 4,CEX,0.0,,6550.0
2025-07-08 07:46:28,3000.0,3022.25,Call VEX 4,VEX,0.0,,6550.0
2025-07-08 07:46:28,3000.0,3022.25,Put VEX 4,VEX,0.0,,6550.0
2025-07-08 07:46:28,3200.0,3223.75,Call CEX 5,CEX,0.0,,6550.0
2025-07-08 07:46:28,3200.0,3223.75,Put CEX 5,CEX,0.0,,6550.0
2025-07-08 07:46:28,3200.0,3223.75,Call VEX 5,VEX,0.0,,6550.0
2025-07-08 07:46:28,3200.0,3223.75,Put VEX 5,VEX,0.0,,6550.0
2025-07-08 07:46:28,6035.0,6079.75,Put DEX 3,DEX,-6.43,,6550.0
2025-07-08 07:46:28,6035.0,6079.75,Put GEX 3,GEX,-12255.949,,6550.0
2025-07-08 07:46:28,6050.0,6094.75,Put DEX 2,DEX,-7.086,,6550.0
2025-07-08 07:46:28,6050.0,6094.75,Put GEX 2,GEX,-14607.061,,6550.0
2025-07-08 07:46:28,6075.0,6120.0,Put DEX 4,DEX,-3.582,,6550.0
2025-07-08 07:46:28,6075.0,6120.0,Put GEX 5,GEX,-8546.39,,6550.0
2025-07-08 07:46:28,6100.0,6145.25,Put DEX 1,DEX,-8.915,,6550.0
2025-07-08 07:46:28,6100.0,6145.25,Put GEX 1,GEX,-25106.837,,6550.0
2025-07-08 07:46:28,6150.0,6195.5,Put DEX 5,DEX,-2.892,,6550.0
2025-07-08 07:46:28,6150.0,6195.5,Put GEX 4,GEX,-12205.571,,6550.0
2025-07-08 07:46:28,6175.0,6220.75,Call DEX 5,DEX,2.864,,6550.0
2025-07-08 07:46:28,6225.0,6271.25,Call GEX 5,GEX,17601.398,,6550.0
2025-07-08 07:46:28,6250.0,6296.25,Call GEX 4,GEX,18756.465,,6550.0
2025-07-08 07:46:28,6275.0,6321.5,Call DEX 1,DEX,21.649,,6550.0
2025-07-08 07:46:28,6275.0,6321.5,Call GEX 1,GEX,158952.601,,6550.0
2025-07-08 07:46:28,6285.0,6331.5,Call DEX 2,DEX,3.182,,6550.0
2025-07-08 07:46:28,6285.0,6331.5,Call GEX 2,GEX,21489.66,,6550.0
2025-07-08 07:46:28,6300.0,6346.75,Call GEX 3,GEX,20131.107,,6550.0
2025-07-08 07:46:28,6350.0,6397.0,Call DEX 3,DEX,3.159,,6550.0
2025-07-08 07:46:28,6400.0,6447.5,Call DEX 4,DEX,2.978,,6550.0
2025-07-08 07:48:08,2400.0,2417.5,Call CEX 1,CEX,0.0,,6550.0
2025-07-08 07:48:08,2400.0,2417.5,Put CEX 1,CEX,0.0,,6550.0
2025-07-08 07:48:08,2400.0,2417.5,Call VEX 1,VEX,0.0,,6550.0
2025-07-08 07:48:08,2400.0,2417.5,Put VEX 1,VEX,0.0,,6550.0
2025-07-08 07:48:08,2600.0,2619.0,Call CEX 2,CEX,0.0,,6550.0
2025-07-08 07:48:08,2600.0,2619.0,Put CEX 2,CEX,0.0,,6550.0
2025-07-08 07:48:08,2600.0,2619.0,Call VEX 2,VEX,0.0,,6550.0
2025-07-08 07:48:08,2600.0,2619.0,Put VEX 2,VEX,0.0,,6550.0
2025-07-08 07:48:08,2800.0,2820.5,Call CEX 3,CEX,0.0,,6550.0
2025-07-08 07:48:08,2800.0,2820.5,Put CEX 3,CEX,0.0,,6550.0
2025-07-08 07:48:08,2800.0,2820.5,Call VEX 3,VEX,0.0,,6550.0
2025-07-08 07:48:08,2800.0,2820.5,Put VEX 3,VEX,0.0,,6550.0
2025-07-08 07:48:08,3000.0,3021.75,Call CEX 4,CEX,0.0,,6550.0
2025-07-08 07:48:08,3000.0,3021.75,Put CEX 4,CEX,0.0,,6550.0
2025-07-08 07:48:08,3000.0,3021.75,Call VEX 4,VEX,0.0,,6550.0
2025-07-08 07:48:08,3000.0,3021.75,Put VEX 4,VEX,0.0,,6550.0
2025-07-08 07:48:08,3200.0,3223.25,Call CEX 5,CEX,0.0,,6550.0
2025-07-08 07:48:08,3200.0,3223.25,Put CEX 5,CEX,0.0,,6550.0
2025-07-08 07:48:08,3200.0,3223.25,Call VEX 5,VEX,0.0,,6550.0
2025-07-08 07:48:08,3200.0,3223.25,Put VEX 5,VEX,0.0,,6550.0
2025-07-08 07:48:08,5950.0,5993.5,Put DEX 5,DEX,-2.691,,6550.0
2025-07-08 07:48:08,6035.0,6079.0,Put DEX 2,DEX,-6.371,,6550.0
2025-07-08 07:48:08,6035.0,6079.0,Put GEX 4,GEX,-12515.955,,6550.0
2025-07-08 07:48:08,6050.0,6094.0,Put DEX 1,DEX,-6.902,,6550.0
2025-07-08 07:48:08,6050.0,6094.0,Put GEX 3,GEX,-14824.018,,6550.0
2025-07-08 07:48:08,6075.0,6119.25,Put DEX 4,DEX,-3.047,,6550.0
2025-07-08 07:48:08,6100.0,6144.5,Put DEX 3,DEX,-5.871,,6550.0
2025-07-08 07:48:08,6100.0,6144.5,Put GEX 1,GEX,-21557.843,,6550.0
2025-07-08 07:48:08,6125.0,6169.75,Call DEX 3,DEX,4.978,,6550.0
2025-07-08 07:48:08,6150.0,6194.75,Put GEX 5,GEX,-9147.513,,6550.0
2025-07-08 07:48:08,6200.0,6245.25,Put GEX 2,GEX,-15394.862,,6550.0
2025-07-08 07:48:08,6225.0,6270.5,Call GEX 5,GEX,12775.553,,6550.0
2025-07-08 07:48:08,6250.0,6295.5,Call GEX 4,GEX,14199.206,,6550.0
2025-07-08 07:48:08,6275.0,6320.75,Call DEX 1,DEX,21.44,,6550.0
2025-07-08 07:48:08,6275.0,6320.75,Call GEX 1,GEX,143134.392,,6550.0
2025-07-08 07:48:08,6285.0,6330.75,Call DEX 5,DEX,3.156,,6550.0
2025-07-08 07:48:08,6285.0,6330.75,Call GEX 3,GEX,19546.242,,6550.0
2025-07-08 07:48:08,6300.0,6346.0,Call DEX 2,DEX,5.859,,6550.0
2025-07-08 07:48:08,6300.0,6346.0,Call GEX 2,GEX,30402.305,,6550.0
2025-07-08 07:48:08,6350.0,6396.25,Call DEX 4,DEX,3.25,,6550.0
2025-07-08 07:49:50,2400.0,2417.5,Call CEX 1,CEX,0.0,,6550.0
2025-07-08 07:49:50,2400.0,2417.5,Put CEX 1,CEX,0.0,,6550.0
2025-07-08 07:49:50,2400.0,2417.5,Call VEX 1,VEX,0.0,,6550.0
2025-07-08 07:49:50,2400.0,2417.5,Put VEX 1,VEX,0.0,,6550.0
2025-07-08 07:49:50,2600.0,2618.75,Call CEX 2,CEX,0.0,,6550.0
2025-07-08 07:49:50,2600.0,2618.75,Put CEX 2,CEX,0.0,,6550.0
2025-07-08 07:49:50,2600.0,2618.75,Call VEX 2,VEX,0.0,,6550.0
2025-07-08 07:49:50,2600.0,2618.75,Put VEX 2,VEX,0.0,,6550.0
2025-07-08 07:49:50,2800.0,2820.25,Call CEX 3,CEX,0.0,,6550.0
2025-07-08 07:49:50,2800.0,2820.25,Put CEX 3,CEX,0.0,,6550.0
2025-07-08 07:49:50,2800.0,2820.25,Call VEX 3,VEX,0.0,,6550.0
2025-07-08 07:49:50,2800.0,2820.25,Put VEX 3,VEX,0.0,,6550.0
2025-07-08 07:49:50,3000.0,3021.75,Call CEX 4,CEX,0.0,,6550.0
2025-07-08 07:49:50,3000.0,3021.75,Put CEX 4,CEX,0.0,,6550.0
2025-07-08 07:49:50,3000.0,3021.75,Call VEX 4,VEX,0.0,,6550.0
2025-07-08 07:49:50,3000.0,3021.75,Put VEX 4,VEX,0.0,,6550.0
2025-07-08 07:49:50,3200.0,3223.25,Call CEX 5,CEX,0.0,,6550.0
2025-07-08 07:49:50,3200.0,3223.25,Put CEX 5,CEX,0.0,,6550.0
2025-07-08 07:49:50,3200.0,3223.25,Call VEX 5,VEX,0.0,,6550.0
2025-07-08 07:49:50,3200.0,3223.25,Put VEX 5,VEX,0.0,,6550.0
2025-07-08 07:49:50,6000.0,6043.5,Put DEX 4,DEX,-4.645,,6550.0
2025-07-08 07:49:50,6035.0,6078.75,Put DEX 3,DEX,-6.429,,6550.0
2025-07-08 07:49:50,6035.0,6078.75,Put GEX 3,GEX,-12385.579,,6550.0
2025-07-08 07:49:50,6050.0,6093.75,Put DEX 2,DEX,-7.085,,6550.0
2025-07-08 07:49:50,6050.0,6093.75,Put GEX 2,GEX,-14774.581,,6550.0
2025-07-08 07:49:50,6075.0,6119.0,Put DEX 5,DEX,-3.583,,6550.0
2025-07-08 07:49:50,6075.0,6119.0,Put GEX 4,GEX,-8654.457,,6550.0
2025-07-08 07:49:50,6100.0,6144.25,Put DEX 1,DEX,-8.92,,6550.0
2025-07-08 07:49:50,6100.0,6144.25,Put GEX 1,GEX,-25484.359,,6550.0
2025-07-08 07:49:50,6125.0,6169.25,Call DEX 2,DEX,5.117,,6550.0
2025-07-08 07:49:50,6150.0,6194.5,Put GEX 5,GEX,-8453.524,,6550.0
2025-07-08 07:49:50,6225.0,6270.0,Call GEX 5,GEX,16742.948,,6550.0
2025-07-08 07:49:50,6250.0,6295.25,Call GEX 4,GEX,17659.357,,6550.0
2025-07-08 07:49:50,6275.0,6320.5,Call DEX 1,DEX,21.5,,6550.0
2025-07-08 07:49:50,6275.0,6320.5,Call GEX 1,GEX,153082.636,,6550.0
2025-07-08 07:49:50,6285.0,6330.5,Call DEX 3,DEX,3.165,,6550.0
2025-07-08 07:49:50,6285.0,6330.5,Call GEX 2,GEX,20733.78,,6550.0
2025-07-08 07:49:50,6300.0,6345.5,Call GEX 3,GEX,19128.744,,6550.0
2025-07-08 07:49:50,6350.0,6396.0,Call DEX 4,DEX,3.158,,6550.0
2025-07-08 07:49:50,6400.0,6446.25,Call DEX 5,DEX,2.978,,6550.0
2025-07-08 07:51:30,2400.0,2417.75,Call CEX 1,CEX,0.0,,6550.0
2025-07-08 07:51:30,2400.0,2417.75,Put CEX 1,CEX,0.0,,6550.0
2025-07-08 07:51:30,2400.0,2417.75,Call VEX 1,VEX,0.0,,6550.0
2025-07-08 07:51:30,2400.0,2417.75,Put VEX 1,VEX,0.0,,6550.0
2025-07-08 07:51:30,2600.0,2619.25,Call CEX 2,CEX,0.0,,6550.0
2025-07-08 07:51:30,2600.0,2619.25,Put CEX 2,CEX,0.0,,6550.0
2025-07-08 07:51:30,2600.0,2619.25,Call VEX 2,VEX,0.0,,6550.0
2025-07-08 07:51:30,2600.0,2619.25,Put VEX 2,VEX,0.0,,6550.0
2025-07-08 07:51:30,2800.0,2820.75,Call CEX 3,CEX,0.0,,6550.0
2025-07-08 07:51:30,2800.0,2820.75,Put CEX 3,CEX,0.0,,6550.0
2025-07-08 07:51:30,2800.0,2820.75,Call VEX 3,VEX,0.0,,6550.0
2025-07-08 07:51:30,2800.0,2820.75,Put VEX 3,VEX,0.0,,6550.0
2025-07-08 07:51:30,3000.0,3022.25,Call CEX 4,CEX,0.0,,6550.0
2025-07-08 07:51:30,3000.0,3022.25,Put CEX 4,CEX,0.0,,6550.0
2025-07-08 07:51:30,3000.0,3022.25,Call VEX 4,VEX,0.0,,6550.0
2025-07-08 07:51:30,3000.0,3022.25,Put VEX 4,VEX,0.0,,6550.0
2025-07-08 07:51:30,3200.0,3223.75,Call CEX 5,CEX,0.0,,6550.0
2025-07-08 07:51:30,3200.0,3223.75,Put CEX 5,CEX,0.0,,6550.0
2025-07-08 07:51:30,3200.0,3223.75,Call VEX 5,VEX,0.0,,6550.0
2025-07-08 07:51:30,3200.0,3223.75,Put VEX 5,VEX,0.0,,6550.0
2025-07-08 07:51:30,5950.0,5994.0,Put DEX 5,DEX,-2.691,,6550.0
2025-07-08 07:51:30,6035.0,6079.75,Put DEX 2,DEX,-6.37,,6550.0
2025-07-08 07:51:30,6035.0,6079.75,Put GEX 4,GEX,-12509.651,,6550.0
2025-07-08 07:51:30,6050.0,6094.75,Put DEX 1,DEX,-6.904,,6550.0
2025-07-08 07:51:30,6050.0,6094.75,Put GEX 3,GEX,-14817.324,,6550.0
2025-07-08 07:51:30,6075.0,6120.0,Put DEX 4,DEX,-3.047,,6550.0
2025-07-08 07:51:30,6100.0,6145.25,Put DEX 3,DEX,-5.868,,6550.0
2025-07-08 07:51:30,6100.0,6145.25,Put GEX 1,GEX,-21531.041,,6550.0
2025-07-08 07:51:30,6125.0,6170.5,Call DEX 3,DEX,4.926,,6550.0
2025-07-08 07:51:30,6150.0,6195.5,Put GEX 5,GEX,-9174.807,,6550.0
2025-07-08 07:51:30,6200.0,6246.0,Put GEX 2,GEX,-15674.305,,6550.0
2025-07-08 07:51:30,6225.0,6271.25,Call GEX 5,GEX,12744.157,,6550.0
2025-07-08 07:51:30,6250.0,6296.25,Call GEX 4,GEX,14202.112,,6550.0
2025-07-08 07:51:30,6275.0,6321.5,Call DEX 1,DEX,21.422,,6550.0
2025-07-08 07:51:30,6275.0,6321.5,Call GEX 1,GEX,143685.169,,6550.0
2025-07-08 07:51:30,6285.0,6331.5,Call DEX 5,DEX,3.152,,6550.0
2025-07-08 07:51:30,6285.0,6331.5,Call GEX 3,GEX,19603.748,,6550.0
2025-07-08 07:51:30,6300.0,6346.75,Call DEX 2,DEX,5.859,,6550.0
2025-07-08 07:51:30,6300.0,6346.75,Call GEX 2,GEX,30443.258,,6550.0
2025-07-08 07:51:30,6350.0,6397.0,Call DEX 4,DEX,3.249,,6550.0
2025-07-08 07:53:18,2400.0,2417.25,Call CEX 1,CEX,0.0,,6800.0
2025-07-08 07:53:18,2400.0,2417.25,Put CEX 1,CEX,0.0,,6800.0
2025-07-08 07:53:18,2400.0,2417.25,Call VEX 1,VEX,0.0,,6800.0
2025-07-08 07:53:18,2400.0,2417.25,Put VEX 1,VEX,0.0,,6800.0
2025-07-08 07:53:18,2600.0,2618.75,Call CEX 2,CEX,0.0,,6800.0
2025-07-08 07:53:18,2600.0,2618.75,Put CEX 2,CEX,0.0,,6800.0
2025-07-08 07:53:18,2600.0,2618.75,Call VEX 2,VEX,0.0,,6800.0
2025-07-08 07:53:18,2600.0,2618.75,Put VEX 2,VEX,0.0,,6800.0
2025-07-08 07:53:18,2800.0,2820.0,Call CEX 3,CEX,0.0,,6800.0
2025-07-08 07:53:18,2800.0,2820.0,Put CEX 3,CEX,0.0,,6800.0
2025-07-08 07:53:18,2800.0,2820.0,Call VEX 3,VEX,0.0,,6800.0
2025-07-08 07:53:18,2800.0,2820.0,Put VEX 3,VEX,0.0,,6800.0
2025-07-08 07:53:18,3000.0,3021.5,Call CEX 4,CEX,0.0,,6800.0
2025-07-08 07:53:18,3000.0,3021.5,Put CEX 4,CEX,0.0,,6800.0
2025-07-08 07:53:18,3000.0,3021.5,Call VEX 4,VEX,0.0,,6800.0
2025-07-08 07:53:18,3000.0,3021.5,Put VEX 4,VEX,0.0,,6800.0
2025-07-08 07:53:18,3200.0,3223.0,Call CEX 5,CEX,0.0,,6800.0
2025-07-08 07:53:18,3200.0,3223.0,Put CEX 5,CEX,0.0,,6800.0
2025-07-08 07:53:18,3200.0,3223.0,Call VEX 5,VEX,0.0,,6800.0
2025-07-08 07:53:18,3200.0,3223.0,Put VEX 5,VEX,0.0,,6800.0
2025-07-08 07:53:18,6000.0,6043.0,Put DEX 4,DEX,-4.644,,6800.0
2025-07-08 07:53:18,6035.0,6078.25,Put DEX 3,DEX,-6.43,,6800.0
2025-07-08 07:53:18,6035.0,6078.25,Put GEX 4,GEX,-12475.573,,6800.0
2025-07-08 07:53:18,6050.0,6093.25,Put DEX 2,DEX,-7.086,,6800.0
2025-07-08 07:53:18,6050.0,6093.25,Put GEX 2,GEX,-14891.063,,6800.0
2025-07-08 07:53:18,6075.0,6118.5,Put DEX 5,DEX,-3.585,,6800.0
2025-07-08 07:53:18,6075.0,6118.5,Put GEX 5,GEX,-8730.846,,6800.0
2025-07-08 07:53:18,6100.0,6143.75,Put DEX 1,DEX,-8.927,,6800.0
2025-07-08 07:53:18,6100.0,6143.75,Put GEX 1,GEX,-25741.778,,6800.0
2025-07-08 07:53:18,6150.0,6194.0,Put GEX 3,GEX,-12551.194,,6800.0
2025-07-08 07:53:18,6175.0,6219.25,Call DEX 5,DEX,2.844,,6800.0
2025-07-08 07:53:18,6225.0,6269.75,Call GEX 5,GEX,18716.894,,6800.0
2025-07-08 07:53:18,6250.0,6294.75,Call GEX 4,GEX,18777.471,,6800.0
2025-07-08 07:53:18,6275.0,6320.0,Call DEX 1,DEX,21.278,,6800.0
2025-07-08 07:53:18,6275.0,6320.0,Call GEX 1,GEX,151247.188,,6800.0
2025-07-08 07:53:18,6285.0,6330.0,Call DEX 3,DEX,3.146,,6800.0
2025-07-08 07:53:18,6285.0,6330.0,Call GEX 2,GEX,20422.033,,6800.0
2025-07-08 07:53:18,6300.0,6345.25,Call GEX 3,GEX,19535.138,,6800.0
2025-07-08 07:53:18,6350.0,6395.5,Call DEX 2,DEX,3.159,,6800.0
2025-07-08 07:53:18,6400.0,6446.0,Call DEX 4,DEX,2.977,,6800.0
2025-07-08 07:55:21,2400.0,2417.5,Call CEX 1,CEX,0.0,,6525.0
2025-07-08 07:55:21,2400.0,2417.5,Put CEX 1,CEX,0.0,,6525.0
2025-07-08 07:55:21,2400.0,2417.5,Call VEX 1,VEX,0.0,,6525.0
2025-07-08 07:55:21,2400.0,2417.5,Put VEX 1,VEX,0.0,,6525.0
2025-07-08 07:55:21,2600.0,2619.0,Call CEX 2,CEX,0.0,,6525.0
2025-07-08 07:55:21,2600.0,2619.0,Put CEX 2,CEX,0.0,,6525.0
2025-07-08 07:55:21,2600.0,2619.0,Call VEX 2,VEX,0.0,,6525.0
2025-07-08 07:55:21,2600.0,2619.0,Put VEX 2,VEX,0.0,,6525.0
2025-07-08 07:55:21,2800.0,2820.5,Call CEX 3,CEX,0.0,,6525.0
2025-07-08 07:55:21,2800.0,2820.5,Put CEX 3,CEX,0.0,,6525.0
2025-07-08 07:55:21,2800.0,2820.5,Call VEX 3,VEX,0.0,,6525.0
2025-07-08 07:55:21,2800.0,2820.5,Put VEX 3,VEX,0.0,,6525.0
2025-07-08 07:55:21,3000.0,3022.0,Call CEX 4,CEX,0.0,,6525.0
2025-07-08 07:55:21,3000.0,3022.0,Put CEX 4,CEX,0.0,,6525.0
2025-07-08 07:55:21,3000.0,3022.0,Call VEX 4,VEX,0.0,,6525.0
2025-07-08 07:55:21,3000.0,3022.0,Put VEX 4,VEX,0.0,,6525.0
2025-07-08 07:55:21,3200.0,3223.5,Call CEX 5,CEX,0.0,,6525.0
2025-07-08 07:55:21,3200.0,3223.5,Put CEX 5,CEX,0.0,,6525.0
2025-07-08 07:55:21,3200.0,3223.5,Call VEX 5,VEX,0.0,,6525.0
2025-07-08 07:55:21,3200.0,3223.5,Put VEX 5,VEX,0.0,,6525.0
2025-07-08 07:55:21,5950.0,5993.5,Put DEX 5,DEX,-2.689,,6525.0
2025-07-08 07:55:21,6035.0,6079.0,Put DEX 2,DEX,-6.369,,6525.0
2025-07-08 07:55:21,6035.0,6079.0,Put GEX 3,GEX,-12921.188,,6525.0
2025-07-08 07:55:21,6050.0,6094.25,Put DEX 1,DEX,-6.901,,6525.0
2025-07-08 07:55:21,6050.0,6094.25,Put GEX 2,GEX,-15342.132,,6525.0
2025-07-08 07:55:21,6075.0,6119.5,Put DEX 4,DEX,-3.042,,6525.0
2025-07-08 07:55:21,6100.0,6144.5,Put DEX 3,DEX,-5.853,,6525.0
2025-07-08 07:55:21,6100.0,6144.5,Put GEX 1,GEX,-22327.973,,6525.0
2025-07-08 07:55:21,6125.0,6169.75,Call DEX 2,DEX,5.089,,6525.0
2025-07-08 07:55:21,6150.0,6195.0,Put GEX 5,GEX,-9293.956,,6525.0
2025-07-08 07:55:21,6200.0,6245.25,Put GEX 4,GEX,-10590.391,,6525.0
2025-07-08 07:55:21,6225.0,6270.5,Call GEX 4,GEX,15052.028,,6525.0
2025-07-08 07:55:21,6250.0,6295.75,Call GEX 5,GEX,14887.574,,6525.0
2025-07-08 07:55:21,6275.0,6320.75,Call DEX 1,DEX,20.935,,6525.0
2025-07-08 07:55:21,6275.0,6320.75,Call GEX 1,GEX,131973.639,,6525.0
2025-07-08 07:55:21,6285.0,6331.0,Call DEX 4,DEX,3.112,,6525.0
2025-07-08 07:55:21,6285.0,6331.0,Call GEX 2,GEX,18031.82,,6525.0
2025-07-08 07:55:21,6300.0,6346.0,Call GEX 3,GEX,16511.153,,6525.0
2025-07-08 07:55:21,6350.0,6396.5,Call DEX 3,DEX,3.154,,6525.0
2025-07-08 07:55:21,6400.0,6446.75,Call DEX 5,DEX,2.975,,6525.0
2025-07-08 07:56:47,2400.0,2417.5,Call CEX 1,CEX,0.0,,6800.0
2025-07-08 07:56:47,2400.0,2417.5,Put CEX 1,CEX,0.0,,6800.0
2025-07-08 07:56:47,2400.0,2417.5,Call VEX 1,VEX,0.0,,6800.0
2025-07-08 07:56:47,2400.0,2417.5,Put VEX 1,VEX,0.0,,6800.0
2025-07-08 07:56:47,2600.0,2619.0,Call CEX 2,CEX,0.0,,6800.0
2025-07-08 07:56:47,2600.0,2619.0,Put CEX 2,CEX,0.0,,6800.0
2025-07-08 07:56:47,2600.0,2619.0,Call VEX 2,VEX,0.0,,6800.0
2025-07-08 07:56:47,2600.0,2619.0,Put VEX 2,VEX,0.0,,6800.0
2025-07-08 07:56:47,2800.0,2820.5,Call CEX 3,CEX,0.0,,6800.0
2025-07-08 07:56:47,2800.0,2820.5,Put CEX 3,CEX,0.0,,6800.0
2025-07-08 07:56:47,2800.0,2820.5,Call VEX 3,VEX,0.0,,6800.0
2025-07-08 07:56:47,2800.0,2820.5,Put VEX 3,VEX,0.0,,6800.0
2025-07-08 07:56:47,3000.0,3022.0,Call CEX 4,CEX,0.0,,6800.0
2025-07-08 07:56:47,3000.0,3022.0,Put CEX 4,CEX,0.0,,6800.0
2025-07-08 07:56:47,3000.0,3022.0,Call VEX 4,VEX,0.0,,6800.0
2025-07-08 07:56:47,3000.0,3022.0,Put VEX 4,VEX,0.0,,6800.0
2025-07-08 07:56:47,3200.0,3223.5,Call CEX 5,CEX,0.0,,6800.0
2025-07-08 07:56:47,3200.0,3223.5,Put CEX 5,CEX,0.0,,6800.0
2025-07-08 07:56:47,3200.0,3223.5,Call VEX 5,VEX,0.0,,6800.0
2025-07-08 07:56:47,3200.0,3223.5,Put VEX 5,VEX,0.0,,6800.0
2025-07-08 07:56:47,6000.0,6044.0,Put DEX 4,DEX,-4.643,,6800.0
2025-07-08 07:56:47,6035.0,6079.25,Put DEX 3,DEX,-6.429,,6800.0
2025-07-08 07:56:47,6035.0,6079.25,Put GEX 3,GEX,-12934.329,,6800.0
2025-07-08 07:56:47,6050.0,6094.25,Put DEX 2,DEX,-7.086,,6800.0
2025-07-08 07:56:47,6050.0,6094.25,Put GEX 2,GEX,-15487.048,,6800.0
2025-07-08 07:56:47,6075.0,6119.5,Put DEX 5,DEX,-3.588,,6800.0
2025-07-08 07:56:47,6075.0,6119.5,Put GEX 4,GEX,-9130.07,,6800.0
2025-07-08 07:56:47,6100.0,6144.75,Put DEX 1,DEX,-8.951,,6800.0
2025-07-08 07:56:47,6100.0,6144.75,Put GEX 1,GEX,-27108.606,,6800.0
2025-07-08 07:56:47,6150.0,6195.0,Put GEX 5,GEX,-8733.448,,6800.0
2025-07-08 07:56:47,6175.0,6220.25,Call DEX 5,DEX,2.652,,6800.0
2025-07-08 07:56:47,6225.0,6270.75,Call GEX 3,GEX,17401.078,,6800.0
2025-07-08 07:56:47,6250.0,6295.75,Call GEX 5,GEX,16482.897,,6800.0
2025-07-08 07:56:47,6275.0,6321.0,Call DEX 1,DEX,20.897,,6800.0
2025-07-08 07:56:47,6275.0,6321.0,Call GEX 1,GEX,134398.977,,6800.0
2025-07-08 07:56:47,6285.0,6331.0,Call DEX 3,DEX,3.111,,6800.0
2025-07-08 07:56:47,6285.0,6331.0,Call GEX 2,GEX,18296.066,,6800.0
2025-07-08 07:56:47,6300.0,6346.25,Call GEX 4,GEX,17334.562,,6800.0
2025-07-08 07:56:47,6350.0,6396.5,Call DEX 2,DEX,3.155,,6800.0
2025-07-08 07:56:47,6400.0,6447.0,Call DEX 4,DEX,2.976,,6800.0
2025-07-08 07:58:14,2400.0,2417.5,Call CEX 1,CEX,0.0,,6525.0
2025-07-08 07:58:14,2400.0,2417.5,Put CEX 1,CEX,0.0,,6525.0
2025-07-08 07:58:14,2400.0,2417.5,Call VEX 1,VEX,0.0,,6525.0
2025-07-08 07:58:14,2400.0,2417.5,Put VEX 1,VEX,0.0,,6525.0
2025-07-08 07:58:14,2600.0,2619.0,Call CEX 2,CEX,0.0,,6525.0
2025-07-08 07:58:14,2600.0,2619.0,Put CEX 2,CEX,0.0,,6525.0
2025-07-08 07:58:14,2600.0,2619.0,Call VEX 2,VEX,0.0,,6525.0
2025-07-08 07:58:14,2600.0,2619.0,Put VEX 2,VEX,0.0,,6525.0
2025-07-08 07:58:14,2800.0,2820.5,Call CEX 3,CEX,0.0,,6525.0
2025-07-08 07:58:14,2800.0,2820.5,Put CEX 3,CEX,0.0,,6525.0
2025-07-08 07:58:14,2800.0,2820.5,Call VEX 3,VEX,0.0,,6525.0
2025-07-08 07:58:14,2800.0,2820.5,Put VEX 3,VEX,0.0,,6525.0
2025-07-08 07:58:14,3000.0,3021.75,Call CEX 4,CEX,0.0,,6525.0
2025-07-08 07:58:14,3000.0,3021.75,Put CEX 4,CEX,0.0,,6525.0
2025-07-08 07:58:14,3000.0,3021.75,Call VEX 4,VEX,0.0,,6525.0
2025-07-08 07:58:14,3000.0,3021.75,Put VEX 4,VEX,0.0,,6525.0
2025-07-08 07:58:14,3200.0,3223.25,Call CEX 5,CEX,0.0,,6525.0
2025-07-08 07:58:14,3200.0,3223.25,Put CEX 5,CEX,0.0,,6525.0
2025-07-08 07:58:14,3200.0,3223.25,Call VEX 5,VEX,0.0,,6525.0
2025-07-08 07:58:14,3200.0,3223.25,Put VEX 5,VEX,0.0,,6525.0
2025-07-08 07:58:14,5950.0,5993.25,Put DEX 5,DEX,-2.689,,6525.0
2025-07-08 07:58:14,6035.0,6079.0,Put DEX 2,DEX,-6.37,,6525.0
2025-07-08 07:58:14,6035.0,6079.0,Put GEX 4,GEX,-13003.713,,6525.0
2025-07-08 07:58:14,6050.0,6094.0,Put DEX 1,DEX,-6.904,,6525.0
2025-07-08 07:58:14,6050.0,6094.0,Put GEX 2,GEX,-15452.154,,6525.0
2025-07-08 07:58:14,6075.0,6119.25,Put DEX 4,DEX,-3.048,,6525.0
2025-07-08 07:58:14,6100.0,6144.5,Put DEX 3,DEX,-5.893,,6525.0
2025-07-08 07:58:14,6100.0,6144.5,Put GEX 1,GEX,-22722.094,,6525.0
2025-07-08 07:58:14,6125.0,6169.5,Call DEX 2,DEX,4.974,,6525.0
2025-07-08 07:58:14,6150.0,6194.75,Put GEX 5,GEX,-9652.221,,6525.0
2025-07-08 07:58:14,6200.0,6245.0,Put GEX 3,GEX,-14061.206,,6525.0
2025-07-08 07:58:14,6225.0,6270.25,Call GEX 5,GEX,13217.605,,6525.0
2025-07-08 07:58:14,6250.0,6295.5,Call GEX 4,GEX,13547.295,,6525.0
2025-07-08 07:58:14,6275.0,6320.75,Call DEX 1,DEX,20.937,,6525.0
2025-07-08 07:58:14,6275.0,6320.75,Call GEX 1,GEX,128529.284,,6525.0
2025-07-08 07:58:14,6285.0,6330.75,Call DEX 4,DEX,3.11,,6525.0
2025-07-08 07:58:14,6285.0,6330.75,Call GEX 2,GEX,17610.685,,6525.0
2025-07-08 07:58:14,6300.0,6345.75,Call GEX 3,GEX,15613.652,,6525.0
2025-07-08 07:58:14,6350.0,6396.25,Call DEX 3,DEX,3.247,,6525.0
2025-07-08 07:58:14,6400.0,6446.5,Call DEX 5,DEX,2.983,,6525.0
2025-07-08 07:59:41,2400.0,2417.5,Call CEX 1,CEX,0.0,,6525.0
2025-07-08 07:59:41,2400.0,2417.5,Put CEX 1,CEX,0.0,,6525.0
2025-07-08 07:59:41,2400.0,2417.5,Call VEX 1,VEX,0.0,,6525.0
2025-07-08 07:59:41,2400.0,2417.5,Put VEX 1,VEX,0.0,,6525.0
2025-07-08 07:59:41,2600.0,2619.0,Call CEX 2,CEX,0.0,,6525.0
2025-07-08 07:59:41,2600.0,2619.0,Put CEX 2,CEX,0.0,,6525.0
2025-07-08 07:59:41,2600.0,2619.0,Call VEX 2,VEX,0.0,,6525.0
2025-07-08 07:59:41,2600.0,2619.0,Put VEX 2,VEX,0.0,,6525.0
2025-07-08 07:59:41,2800.0,2820.5,Call CEX 3,CEX,0.0,,6525.0
2025-07-08 07:59:41,2800.0,2820.5,Put CEX 3,CEX,0.0,,6525.0
2025-07-08 07:59:41,2800.0,2820.5,Call VEX 3,VEX,0.0,,6525.0
2025-07-08 07:59:41,2800.0,2820.5,Put VEX 3,VEX,0.0,,6525.0
2025-07-08 07:59:41,3000.0,3022.0,Call CEX 4,CEX,0.0,,6525.0
2025-07-08 07:59:41,3000.0,3022.0,Put CEX 4,CEX,0.0,,6525.0
2025-07-08 07:59:41,3000.0,3022.0,Call VEX 4,VEX,0.0,,6525.0
2025-07-08 07:59:41,3000.0,3022.0,Put VEX 4,VEX,0.0,,6525.0
2025-07-08 07:59:41,3200.0,3223.5,Call CEX 5,CEX,0.0,,6525.0
2025-07-08 07:59:41,3200.0,3223.5,Put CEX 5,CEX,0.0,,6525.0
2025-07-08 07:59:41,3200.0,3223.5,Call VEX 5,VEX,0.0,,6525.0
2025-07-08 07:59:41,3200.0,3223.5,Put VEX 5,VEX,0.0,,6525.0
2025-07-08 07:59:41,5950.0,5993.5,Put DEX 5,DEX,-2.687,,6525.0
2025-07-08 07:59:41,6035.0,6079.25,Put DEX 2,DEX,-6.369,,6525.0
2025-07-08 07:59:41,6035.0,6079.25,Put GEX 4,GEX,-12807.081,,6525.0
2025-07-08 07:59:41,6050.0,6094.25,Put DEX 1,DEX,-6.902,,6525.0
2025-07-08 07:59:41,6050.0,6094.25,Put GEX 2,GEX,-15198.896,,6525.0
2025-07-08 07:59:41,6075.0,6119.5,Put DEX 4,DEX,-3.048,,6525.0
2025-07-08 07:59:41,6100.0,6144.75,Put DEX 3,DEX,-5.885,,6525.0
2025-07-08 07:59:41,6100.0,6144.75,Put GEX 1,GEX,-22273.515,,6525.0
2025-07-08 07:59:41,6125.0,6169.75,Call DEX 3,DEX,4.972,,6525.0
2025-07-08 07:59:41,6150.0,6195.0,Put GEX 5,GEX,-9482.981,,6525.0
2025-07-08 07:59:41,6200.0,6245.5,Put GEX 3,GEX,-14906.185,,6525.0
2025-07-08 07:59:41,6225.0,6270.5,Call GEX 5,GEX,12984.697,,6525.0
2025-07-08 07:59:41,6250.0,6295.75,Call GEX 4,GEX,13844.957,,6525.0
2025-07-08 07:59:41,6275.0,6321.0,Call DEX 1,DEX,21.101,,6525.0
2025-07-08 07:59:41,6275.0,6321.0,Call GEX 1,GEX,134319.235,,6525.0
2025-07-08 07:59:41,6285.0,6331.0,Call DEX 5,DEX,3.125,,6525.0
2025-07-08 07:59:41,6285.0,6331.0,Call GEX 3,GEX,18352.602,,6525.0
2025-07-08 07:59:41,6300.0,6346.25,Call DEX 2,DEX,5.836,,6525.0
2025-07-08 07:59:41,6300.0,6346.25,Call GEX 2,GEX,28684.089,,6525.0
2025-07-08 07:59:41,6350.0,6396.5,Call DEX 4,DEX,3.248,,6525.0
2025-07-08 08:01:23,2400.0,2417.5,Call CEX 1,CEX,0.0,,6800.0
2025-07-08 08:01:23,2400.0,2417.5,Put CEX 1,CEX,0.0,,6800.0
2025-07-08 08:01:23,2400.0,2417.5,Call VEX 1,VEX,0.0,,6800.0
2025-07-08 08:01:23,2400.0,2417.5,Put VEX 1,VEX,0.0,,6800.0
2025-07-08 08:01:23,2600.0,2619.0,Call CEX 2,CEX,0.0,,6800.0
2025-07-08 08:01:23,2600.0,2619.0,Put CEX 2,CEX,0.0,,6800.0
2025-07-08 08:01:23,2600.0,2619.0,Call VEX 2,VEX,0.0,,6800.0
2025-07-08 08:01:23,2600.0,2619.0,Put VEX 2,VEX,0.0,,6800.0
2025-07-08 08:01:23,2800.0,2820.5,Call CEX 3,CEX,0.0,,6800.0
2025-07-08 08:01:23,2800.0,2820.5,Put CEX 3,CEX,0.0,,6800.0
2025-07-08 08:01:23,2800.0,2820.5,Call VEX 3,VEX,0.0,,6800.0
2025-07-08 08:01:23,2800.0,2820.5,Put VEX 3,VEX,0.0,,6800.0
2025-07-08 08:01:23,3000.0,3022.0,Call CEX 4,CEX,0.0,,6800.0
2025-07-08 08:01:23,3000.0,3022.0,Put CEX 4,CEX,0.0,,6800.0
2025-07-08 08:01:23,3000.0,3022.0,Call VEX 4,VEX,0.0,,6800.0
2025-07-08 08:01:23,3000.0,3022.0,Put VEX 4,VEX,0.0,,6800.0
2025-07-08 08:01:23,3200.0,3223.5,Call CEX 5,CEX,0.0,,6800.0
2025-07-08 08:01:23,3200.0,3223.5,Put CEX 5,CEX,0.0,,6800.0
2025-07-08 08:01:23,3200.0,3223.5,Call VEX 5,VEX,0.0,,6800.0
2025-07-08 08:01:23,3200.0,3223.5,Put VEX 5,VEX,0.0,,6800.0
2025-07-08 08:01:23,5950.0,5993.75,Put DEX 5,DEX,-2.69,,6800.0
2025-07-08 08:01:23,6035.0,6079.25,Put DEX 2,DEX,-6.37,,6800.0
2025-07-08 08:01:23,6035.0,6079.25,Put GEX 4,GEX,-12632.116,,6800.0
2025-07-08 08:01:23,6050.0,6094.5,Put DEX 1,DEX,-6.902,,6800.0
2025-07-08 08:01:23,6050.0,6094.5,Put GEX 2,GEX,-14976.659,,6800.0
2025-07-08 08:01:23,6075.0,6119.5,Put DEX 4,DEX,-3.043,,6800.0
2025-07-08 08:01:23,6100.0,6144.75,Put DEX 3,DEX,-5.861,,6800.0
2025-07-08 08:01:23,6100.0,6144.75,Put GEX 1,GEX,-21761.134,,6800.0
2025-07-08 08:01:23,6125.0,6170.0,Call DEX 2,DEX,5.025,,6800.0
2025-07-08 08:01:23,6150.0,6195.25,Put GEX 5,GEX,-9149.108,,6800.0
2025-07-08 08:01:23,6200.0,6245.5,Put GEX 3,GEX,-13499.287,,6800.0
2025-07-08 08:01:23,6225.0,6270.75,Call GEX 5,GEX,13794.28,,6800.0
2025-07-08 08:01:23,6250.0,6296.0,Call GEX 4,GEX,14725.707,,6800.0
2025-07-08 08:01:23,6275.0,6321.0,Call DEX 1,DEX,21.243,,6800.0
2025-07-08 08:01:23,6275.0,6321.0,Call GEX 1,GEX,140240.514,,6800.0
2025-07-08 08:01:23,6285.0,6331.25,Call DEX 4,DEX,3.141,,6800.0
2025-07-08 08:01:23,6285.0,6331.25,Call GEX 2,GEX,19106.914,,6800.0
2025-07-08 08:01:23,6300.0,6346.25,Call GEX 3,GEX,16945.608,,6800.0
2025-07-08 08:01:23,6350.0,6396.75,Call DEX 3,DEX,3.248,,6800.0
2025-07-08 08:01:23,6400.0,6447.0,Call DEX 5,DEX,2.977,,6800.0
2025-07-08 08:03:01,2400.0,2417.5,Call CEX 1,CEX,0.0,,6525.0
2025-07-08 08:03:01,2400.0,2417.5,Put CEX 1,CEX,0.0,,6525.0
2025-07-08 08:03:01,2400.0,2417.5,Call VEX 1,VEX,0.0,,6525.0
2025-07-08 08:03:01,2400.0,2417.5,Put VEX 1,VEX,0.0,,6525.0
2025-07-08 08:03:01,2600.0,2619.0,Call CEX 2,CEX,0.0,,6525.0
2025-07-08 08:03:01,2600.0,2619.0,Put CEX 2,CEX,0.0,,6525.0
2025-07-08 08:03:01,2600.0,2619.0,Call VEX 2,VEX,0.0,,6525.0
2025-07-08 08:03:01,2600.0,2619.0,Put VEX 2,VEX,0.0,,6525.0
2025-07-08 08:03:01,2800.0,2820.5,Call CEX 3,CEX,0.0,,6525.0
2025-07-08 08:03:01,2800.0,2820.5,Put CEX 3,CEX,0.0,,6525.0
2025-07-08 08:03:01,2800.0,2820.5,Call VEX 3,VEX,0.0,,6525.0
2025-07-08 08:03:01,2800.0,2820.5,Put VEX 3,VEX,0.0,,6525.0
2025-07-08 08:03:01,3000.0,3022.0,Call CEX 4,CEX,0.0,,6525.0
2025-07-08 08:03:01,3000.0,3022.0,Put CEX 4,CEX,0.0,,6525.0
2025-07-08 08:03:01,3000.0,3022.0,Call VEX 4,VEX,0.0,,6525.0
2025-07-08 08:03:01,3000.0,3022.0,Put VEX 4,VEX,0.0,,6525.0
2025-07-08 08:03:01,3200.0,3223.5,Call CEX 5,CEX,0.0,,6525.0
2025-07-08 08:03:01,3200.0,3223.5,Put CEX 5,CEX,0.0,,6525.0
2025-07-08 08:03:01,3200.0,3223.5,Call VEX 5,VEX,0.0,,6525.0
2025-07-08 08:03:01,3200.0,3223.5,Put VEX 5,VEX,0.0,,6525.0
2025-07-08 08:03:01,5950.0,5993.5,Put DEX 5,DEX,-2.691,,6525.0
2025-07-08 08:03:01,6035.0,6079.0,Put DEX 2,DEX,-6.37,,6525.0
2025-07-08 08:03:01,6035.0,6079.0,Put GEX 4,GEX,-12613.196,,6525.0
2025-07-08 08:03:01,6050.0,6094.25,Put DEX 1,DEX,-6.903,,6525.0
2025-07-08 08:03:01,6050.0,6094.25,Put GEX 3,GEX,-14950.02,,6525.0
2025-07-08 08:03:01,6075.0,6119.5,Put DEX 4,DEX,-3.047,,6525.0
2025-07-08 08:03:01,6100.0,6144.5,Put DEX 3,DEX,-5.883,,6525.0
2025-07-08 08:03:01,6100.0,6144.5,Put GEX 1,GEX,-21838.395,,6525.0
2025-07-08 08:03:01,6125.0,6169.75,Call DEX 3,DEX,4.96,,6525.0
2025-07-08 08:03:01,6150.0,6195.0,Put GEX 5,GEX,-9321.274,,6525.0
2025-07-08 08:03:01,6200.0,6245.25,Put GEX 2,GEX,-16138.995,,6525.0
2025-07-08 08:03:01,6225.0,6270.5,Call GEX 5,GEX,12465.906,,6525.0
2025-07-08 08:03:01,6250.0,6295.75,Call GEX 4,GEX,13773.008,,6525.0
2025-07-08 08:03:01,6275.0,6320.75,Call DEX 1,DEX,21.305,,6525.0
2025-07-08 08:03:01,6275.0,6320.75,Call GEX 1,GEX,140196.814,,6525.0
2025-07-08 08:03:01,6285.0,6331.0,Call DEX 5,DEX,3.141,,6525.0
2025-07-08 08:03:01,6285.0,6331.0,Call GEX 3,GEX,19153.31,,6525.0
2025-07-08 08:03:01,6300.0,6346.0,Call DEX 2,DEX,5.85,,6525.0
2025-07-08 08:03:01,6300.0,6346.0,Call GEX 2,GEX,29812.771,,6525.0
2025-07-08 08:03:01,6350.0,6396.5,Call DEX 4,DEX,3.249,,6525.0
2025-07-08 08:04:39,2400.0,2417.5,Call CEX 1,CEX,0.0,,6550.0
2025-07-08 08:04:39,2400.0,2417.5,Put CEX 1,CEX,0.0,,6550.0
2025-07-08 08:04:39,2400.0,2417.5,Call VEX 1,VEX,0.0,,6550.0
2025-07-08 08:04:39,2400.0,2417.5,Put VEX 1,VEX,0.0,,6550.0
2025-07-08 08:04:39,2600.0,2619.0,Call CEX 2,CEX,0.0,,6550.0
2025-07-08 08:04:39,2600.0,2619.0,Put CEX 2,CEX,0.0,,6550.0
2025-07-08 08:04:39,2600.0,2619.0,Call VEX 2,VEX,0.0,,6550.0
2025-07-08 08:04:39,2600.0,2619.0,Put VEX 2,VEX,0.0,,6550.0
2025-07-08 08:04:39,2800.0,2820.5,Call CEX 3,CEX,0.0,,6550.0
2025-07-08 08:04:39,2800.0,2820.5,Put CEX 3,CEX,0.0,,6550.0
2025-07-08 08:04:39,2800.0,2820.5,Call VEX 3,VEX,0.0,,6550.0
2025-07-08 08:04:39,2800.0,2820.5,Put VEX 3,VEX,0.0,,6550.0
2025-07-08 08:04:39,3000.0,3022.0,Call CEX 4,CEX,0.0,,6550.0
2025-07-08 08:04:39,3000.0,3022.0,Put CEX 4,CEX,0.0,,6550.0
2025-07-08 08:04:39,3000.0,3022.0,Call VEX 4,VEX,0.0,,6550.0
2025-07-08 08:04:39,3000.0,3022.0,Put VEX 4,VEX,0.0,,6550.0
2025-07-08 08:04:39,3200.0,3223.5,Call CEX 5,CEX,0.0,,6550.0
2025-07-08 08:04:39,3200.0,3223.5,Put CEX 5,CEX,0.0,,6550.0
2025-07-08 08:04:39,3200.0,3223.5,Call VEX 5,VEX,0.0,,6550.0
2025-07-08 08:04:39,3200.0,3223.5,Put VEX 5,VEX,0.0,,6550.0
2025-07-08 08:04:39,5950.0,5993.75,Put DEX 5,DEX,-2.688,,6550.0
2025-07-08 08:04:39,6035.0,6079.25,Put DEX 2,DEX,-6.37,,6550.0
2025-07-08 08:04:39,6035.0,6079.25,Put GEX 3,GEX,-12471.95,,6550.0
2025-07-08 08:04:39,6050.0,6094.5,Put DEX 1,DEX,-6.901,,6550.0
2025-07-08 08:04:39,6050.0,6094.5,Put GEX 2,GEX,-14763.425,,6550.0
2025-07-08 08:04:39,6075.0,6119.5,Put DEX 4,DEX,-3.039,,6550.0
2025-07-08 08:04:39,6100.0,6144.75,Put DEX 3,DEX,-5.823,,6550.0
2025-07-08 08:04:39,6100.0,6144.75,Put GEX 1,GEX,-21216.011,,6550.0
2025-07-08 08:04:39,6125.0,6170.0,Call DEX 2,DEX,5.102,,6550.0
2025-07-08 08:04:39,6150.0,6195.25,Put GEX 5,GEX,-8747.95,,6550.0
2025-07-08 08:04:39,6200.0,6245.5,Put GEX 4,GEX,-10889.878,,6550.0
2025-07-08 08:04:39,6225.0,6270.75,Call GEX 5,GEX,15255.052,,6550.0
2025-07-08 08:04:39,6250.0,6296.0,Call GEX 4,GEX,16227.823,,6550.0
2025-07-08 08:04:39,6275.0,6321.0,Call DEX 1,DEX,21.35,,6550.0
2025-07-08 08:04:39,6275.0,6321.0,Call GEX 1,GEX,147042.442,,6550.0
2025-07-08 08:04:39,6285.0,6331.25,Call DEX 4,DEX,3.149,,6550.0
2025-07-08 08:04:39,6285.0,6331.25,Call GEX 2,GEX,19970.315,,6550.0
2025-07-08 08:04:39,6300.0,6346.25,Call GEX 3,GEX,17948.062,,6550.0
2025-07-08 08:04:39,6350.0,6396.75,Call DEX 3,DEX,3.156,,6550.0
2025-07-08 08:04:39,6400.0,6447.0,Call DEX 5,DEX,2.977,,6550.0
2025-07-08 08:06:19,2400.0,2417.75,Call CEX 1,CEX,0.0,,6550.0
2025-07-08 08:06:19,2400.0,2417.75,Put CEX 1,CEX,0.0,,6550.0
2025-07-08 08:06:19,2400.0,2417.75,Call VEX 1,VEX,0.0,,6550.0
2025-07-08 08:06:19,2400.0,2417.75,Put VEX 1,VEX,0.0,,6550.0
2025-07-08 08:06:19,2600.0,2619.25,Call CEX 2,CEX,0.0,,6550.0
2025-07-08 08:06:19,2600.0,2619.25,Put CEX 2,CEX,0.0,,6550.0
2025-07-08 08:06:19,2600.0,2619.25,Call VEX 2,VEX,0.0,,6550.0
2025-07-08 08:06:19,2600.0,2619.25,Put VEX 2,VEX,0.0,,6550.0
2025-07-08 08:06:19,2800.0,2820.75,Call CEX 3,CEX,0.0,,6550.0
2025-07-08 08:06:19,2800.0,2820.75,Put CEX 3,CEX,0.0,,6550.0
2025-07-08 08:06:19,2800.0,2820.75,Call VEX 3,VEX,0.0,,6550.0
2025-07-08 08:06:19,2800.0,2820.75,Put VEX 3,VEX,0.0,,6550.0
2025-07-08 08:06:19,3000.0,3022.25,Call CEX 4,CEX,0.0,,6550.0
2025-07-08 08:06:19,3000.0,3022.25,Put CEX 4,CEX,0.0,,6550.0
2025-07-08 08:06:19,3000.0,3022.25,Call VEX 4,VEX,0.0,,6550.0
2025-07-08 08:06:19,3000.0,3022.25,Put VEX 4,VEX,0.0,,6550.0
2025-07-08 08:06:19,3200.0,3223.5,Call CEX 5,CEX,0.0,,6550.0
2025-07-08 08:06:19,3200.0,3223.5,Put CEX 5,CEX,0.0,,6550.0
2025-07-08 08:06:19,3200.0,3223.5,Call VEX 5,VEX,0.0,,6550.0
2025-07-08 08:06:19,3200.0,3223.5,Put VEX 5,VEX,0.0,,6550.0
2025-07-08 08:06:19,5950.0,5994.0,Put DEX 5,DEX,-2.69,,6550.0
2025-07-08 08:06:19,6035.0,6079.5,Put DEX 2,DEX,-6.37,,6550.0
2025-07-08 08:06:19,6035.0,6079.5,Put GEX 4,GEX,-12503.083,,6550.0
2025-07-08 08:06:19,6050.0,6094.75,Put DEX 1,DEX,-6.903,,6550.0
2025-07-08 08:06:19,6050.0,6094.75,Put GEX 2,GEX,-14806.43,,6550.0
2025-07-08 08:06:19,6075.0,6119.75,Put DEX 4,DEX,-3.045,,6550.0
2025-07-08 08:06:19,6100.0,6145.0,Put DEX 3,DEX,-5.859,,6550.0
2025-07-08 08:06:19,6100.0,6145.0,Put GEX 1,GEX,-21477.83,,6550.0
2025-07-08 08:06:19,6125.0,6170.25,Call DEX 2,DEX,5.021,,6550.0
2025-07-08 08:06:19,6150.0,6195.25,Put GEX 5,GEX,-9014.827,,6550.0
2025-07-08 08:06:19,6200.0,6245.75,Put GEX 3,GEX,-13818.266,,6550.0
2025-07-08 08:06:19,6225.0,6271.0,Call GEX 5,GEX,13548.071,,6550.0
2025-07-08 08:06:19,6250.0,6296.0,Call GEX 4,GEX,14999.049,,6550.0
2025-07-08 08:06:19,6275.0,6321.25,Call DEX 1,DEX,21.389,,6550.0
2025-07-08 08:06:19,6275.0,6321.25,Call GEX 1,GEX,144643.103,,6550.0
2025-07-08 08:06:19,6285.0,6331.25,Call DEX 4,DEX,3.152,,6550.0
2025-07-08 08:06:19,6285.0,6331.25,Call GEX 2,GEX,19702.083,,6550.0
2025-07-08 08:06:19,6300.0,6346.5,Call GEX 3,GEX,17095.798,,6550.0
2025-07-08 08:06:19,6350.0,6396.75,Call DEX 3,DEX,3.249,,6550.0
2025-07-08 08:06:19,6400.0,6447.25,Call DEX 5,DEX,2.985,,6550.0
2025-07-08 08:07:59,2400.0,2417.5,Call CEX 1,CEX,0.0,,6800.0
2025-07-08 08:07:59,2400.0,2417.5,Put CEX 1,CEX,0.0,,6800.0
2025-07-08 08:07:59,2400.0,2417.5,Call VEX 1,VEX,0.0,,6800.0
2025-07-08 08:07:59,2400.0,2417.5,Put VEX 1,VEX,0.0,,6800.0
2025-07-08 08:07:59,2600.0,2619.0,Call CEX 2,CEX,0.0,,6800.0
2025-07-08 08:07:59,2600.0,2619.0,Put CEX 2,CEX,0.0,,6800.0
2025-07-08 08:07:59,2600.0,2619.0,Call VEX 2,VEX,0.0,,6800.0
2025-07-08 08:07:59,2600.0,2619.0,Put VEX 2,VEX,0.0,,6800.0
2025-07-08 08:07:59,2800.0,2820.5,Call CEX 3,CEX,0.0,,6800.0
2025-07-08 08:07:59,2800.0,2820.5,Put CEX 3,CEX,0.0,,6800.0
2025-07-08 08:07:59,2800.0,2820.5,Call VEX 3,VEX,0.0,,6800.0
2025-07-08 08:07:59,2800.0,2820.5,Put VEX 3,VEX,0.0,,6800.0
2025-07-08 08:07:59,3000.0,3022.0,Call CEX 4,CEX,0.0,,6800.0
2025-07-08 08:07:59,3000.0,3022.0,Put CEX 4,CEX,0.0,,6800.0
2025-07-08 08:07:59,3000.0,3022.0,Call VEX 4,VEX,0.0,,6800.0
2025-07-08 08:07:59,3000.0,3022.0,Put VEX 4,VEX,0.0,,6800.0
2025-07-08 08:07:59,3200.0,3223.5,Call CEX 5,CEX,0.0,,6800.0
2025-07-08 08:07:59,3200.0,3223.5,Put CEX 5,CEX,0.0,,6800.0
2025-07-08 08:07:59,3200.0,3223.5,Call VEX 5,VEX,0.0,,6800.0
2025-07-08 08:07:59,3200.0,3223.5,Put VEX 5,VEX,0.0,,6800.0
2025-07-08 08:07:59,5950.0,5993.5,Put DEX 5,DEX,-2.689,,6800.0
2025-07-08 08:07:59,6035.0,6079.25,Put DEX 2,DEX,-6.371,,6800.0
2025-07-08 08:07:59,6035.0,6079.25,Put GEX 3,GEX,-12301.375,,6800.0
2025-07-08 08:07:59,6050.0,6094.25,Put DEX 1,DEX,-6.902,,6800.0
2025-07-08 08:07:59,6050.0,6094.25,Put GEX 2,GEX,-14544.62,,6800.0
2025-07-08 08:07:59,6075.0,6119.5,Put DEX 4,DEX,-3.038,,6800.0
2025-07-08 08:07:59,6100.0,6144.75,Put DEX 3,DEX,-5.82,,6800.0
2025-07-08 08:07:59,6100.0,6144.75,Put GEX 1,GEX,-20816.937,,6800.0
2025-07-08 08:07:59,6125.0,6169.75,Call DEX 2,DEX,5.124,,6800.0
2025-07-08 08:07:59,6150.0,6195.0,Put GEX 5,GEX,-8514.587,,6800.0
2025-07-08 08:07:59,6200.0,6245.5,Put GEX 4,GEX,-10297.773,,6800.0
2025-07-08 08:07:59,6225.0,6270.5,Call GEX 5,GEX,15282.169,,6800.0
2025-07-08 08:07:59,6250.0,6295.75,Call GEX 4,GEX,16784.22,,6800.0
2025-07-08 08:07:59,6275.0,6321.0,Call DEX 1,DEX,21.597,,6800.0
2025-07-08 08:07:59,6275.0,6321.0,Call GEX 1,GEX,153005.14,,6800.0
2025-07-08 08:07:59,6285.0,6331.0,Call DEX 3,DEX,3.174,,6800.0
2025-07-08 08:07:59,6285.0,6331.0,Call GEX 2,GEX,20780.824,,6800.0
2025-07-08 08:07:59,6300.0,6346.0,Call GEX 3,GEX,18666.173,,6800.0
2025-07-08 08:07:59,6350.0,6396.5,Call DEX 4,DEX,3.158,,6800.0
2025-07-08 08:07:59,6400.0,6446.75,Call DEX 5,DEX,2.978,,6800.0
2025-07-08 08:09:29,2400.0,2417.5,Call CEX 1,CEX,0.0,,6800.0
2025-07-08 08:09:29,2400.0,2417.5,Put CEX 1,CEX,0.0,,6800.0
2025-07-08 08:09:29,2400.0,2417.5,Call VEX 1,VEX,0.0,,6800.0
2025-07-08 08:09:29,2400.0,2417.5,Put VEX 1,VEX,0.0,,6800.0
2025-07-08 08:09:29,2600.0,2619.0,Call CEX 2,CEX,0.0,,6800.0
2025-07-08 08:09:29,2600.0,2619.0,Put CEX 2,CEX,0.0,,6800.0
2025-07-08 08:09:29,2600.0,2619.0,Call VEX 2,VEX,0.0,,6800.0
2025-07-08 08:09:29,2600.0,2619.0,Put VEX 2,VEX,0.0,,6800.0
2025-07-08 08:09:29,2800.0,2820.5,Call CEX 3,CEX,0.0,,6800.0
2025-07-08 08:09:29,2800.0,2820.5,Put CEX 3,CEX,0.0,,6800.0
2025-07-08 08:09:29,2800.0,2820.5,Call VEX 3,VEX,0.0,,6800.0
2025-07-08 08:09:29,2800.0,2820.5,Put VEX 3,VEX,0.0,,6800.0
2025-07-08 08:09:29,3000.0,3022.0,Call CEX 4,CEX,0.0,,6800.0
2025-07-08 08:09:29,3000.0,3022.0,Put CEX 4,CEX,0.0,,6800.0
2025-07-08 08:09:29,3000.0,3022.0,Call VEX 4,VEX,0.0,,6800.0
2025-07-08 08:09:29,3000.0,3022.0,Put VEX 4,VEX,0.0,,6800.0
2025-07-08 08:09:29,3200.0,3223.5,Call CEX 5,CEX,0.0,,6800.0
2025-07-08 08:09:29,3200.0,3223.5,Put CEX 5,CEX,0.0,,6800.0
2025-07-08 08:09:29,3200.0,3223.5,Call VEX 5,VEX,0.0,,6800.0
2025-07-08 08:09:29,3200.0,3223.5,Put VEX 5,VEX,0.0,,6800.0
2025-07-08 08:09:29,5950.0,5993.5,Put DEX 5,DEX,-2.689,,6800.0
2025-07-08 08:09:29,6035.0,6079.25,Put DEX 2,DEX,-6.371,,6800.0
2025-07-08 08:09:29,6035.0,6079.25,Put GEX 3,GEX,-12301.375,,6800.0
2025-07-08 08:09:29,6050.0,6094.25,Put DEX 1,DEX,-6.902,,6800.0
2025-07-08 08:09:29,6050.0,6094.25,Put GEX 2,GEX,-14544.62,,6800.0
2025-07-08 08:09:29,6075.0,6119.5,Put DEX 4,DEX,-3.038,,6800.0
2025-07-08 08:09:29,6100.0,6144.75,Put DEX 3,DEX,-5.82,,6800.0
2025-07-08 08:09:29,6100.0,6144.75,Put GEX 1,GEX,-20816.937,,6800.0
2025-07-08 08:09:29,6125.0,6169.75,Call DEX 2,DEX,5.124,,6800.0
2025-07-08 08:09:29,6150.0,6195.0,Put GEX 5,GEX,-8514.587,,6800.0
2025-07-08 08:09:29,6200.0,6245.5,Put GEX 4,GEX,-10297.773,,6800.0
2025-07-08 08:09:29,6225.0,6270.5,Call GEX 5,GEX,15282.169,,6800.0
2025-07-08 08:09:29,6250.0,6295.75,Call GEX 4,GEX,16784.22,,6800.0
2025-07-08 08:09:29,6275.0,6321.0,Call DEX 1,DEX,21.597,,6800.0
2025-07-08 08:09:29,6275.0,6321.0,Call GEX 1,GEX,153005.14,,6800.0
2025-07-08 08:09:29,6285.0,6331.0,Call DEX 3,DEX,3.174,,6800.0
2025-07-08 08:09:29,6285.0,6331.0,Call GEX 2,GEX,20780.824,,6800.0
2025-07-08 08:09:29,6300.0,6346.0,Call GEX 3,GEX,18666.173,,6800.0
2025-07-08 08:09:29,6350.0,6396.5,Call DEX 4,DEX,3.158,,6800.0
2025-07-08 08:09:29,6400.0,6446.75,Call DEX 5,DEX,2.978,,6800.0
2025-07-08 08:11:09,2400.0,2417.75,Call CEX 1,CEX,0.0,,6800.0
2025-07-08 08:11:09,2400.0,2417.75,Put CEX 1,CEX,0.0,,6800.0
2025-07-08 08:11:09,2400.0,2417.75,Call VEX 1,VEX,0.0,,6800.0
2025-07-08 08:11:09,2400.0,2417.75,Put VEX 1,VEX,0.0,,6800.0
2025-07-08 08:11:09,2600.0,2619.25,Call CEX 2,CEX,0.0,,6800.0
2025-07-08 08:11:09,2600.0,2619.25,Put CEX 2,CEX,0.0,,6800.0
2025-07-08 08:11:09,2600.0,2619.25,Call VEX 2,VEX,0.0,,6800.0
2025-07-08 08:11:09,2600.0,2619.25,Put VEX 2,VEX,0.0,,6800.0
2025-07-08 08:11:09,2800.0,2820.75,Call CEX 3,CEX,0.0,,6800.0
2025-07-08 08:11:09,2800.0,2820.75,Put CEX 3,CEX,0.0,,6800.0
2025-07-08 08:11:09,2800.0,2820.75,Call VEX 3,VEX,0.0,,6800.0
2025-07-08 08:11:09,2800.0,2820.75,Put VEX 3,VEX,0.0,,6800.0
2025-07-08 08:11:09,3000.0,3022.25,Call CEX 4,CEX,0.0,,6800.0
2025-07-08 08:11:09,3000.0,3022.25,Put CEX 4,CEX,0.0,,6800.0
2025-07-08 08:11:09,3000.0,3022.25,Call VEX 4,VEX,0.0,,6800.0
2025-07-08 08:11:09,3000.0,3022.25,Put VEX 4,VEX,0.0,,6800.0
2025-07-08 08:11:09,3200.0,3223.75,Call CEX 5,CEX,0.0,,6800.0
2025-07-08 08:11:09,3200.0,3223.75,Put CEX 5,CEX,0.0,,6800.0
2025-07-08 08:11:09,3200.0,3223.75,Call VEX 5,VEX,0.0,,6800.0
2025-07-08 08:11:09,3200.0,3223.75,Put VEX 5,VEX,0.0,,6800.0
2025-07-08 08:11:09,5950.0,5994.25,Put DEX 5,DEX,-2.689,,6800.0
2025-07-08 08:11:09,6035.0,6080.0,Put DEX 2,DEX,-6.371,,6800.0
2025-07-08 08:11:09,6035.0,6080.0,Put GEX 3,GEX,-12281.239,,6800.0
2025-07-08 08:11:09,6050.0,6095.0,Put DEX 1,DEX,-6.902,,6800.0
2025-07-08 08:11:09,6050.0,6095.0,Put GEX 2,GEX,-14519.513,,6800.0
2025-07-08 08:11:09,6075.0,6120.25,Put DEX 4,DEX,-3.04,,6800.0
2025-07-08 08:11:09,6100.0,6145.5,Put DEX 3,DEX,-5.824,,6800.0
2025-07-08 08:11:09,6100.0,6145.5,Put GEX 1,GEX,-20799.056,,6800.0
2025-07-08 08:11:09,6125.0,6170.5,Call DEX 2,DEX,5.111,,6800.0
2025-07-08 08:11:09,6150.0,6195.75,Put GEX 5,GEX,-8528.885,,6800.0
2025-07-08 08:11:09,6200.0,6246.25,Put GEX 4,GEX,-10978.179,,6800.0
2025-07-08 08:11:09,6225.0,6271.25,Call GEX 5,GEX,14922.43,,6800.0
2025-07-08 08:11:09,6250.0,6296.5,Call GEX 4,GEX,16530.434,,6800.0
2025-07-08 08:11:09,6275.0,6321.75,Call DEX 1,DEX,21.629,,6800.0
2025-07-08 08:11:09,6275.0,6321.75,Call GEX 1,GEX,153674.708,,6800.0
2025-07-08 08:11:09,6285.0,6331.75,Call DEX 3,DEX,3.177,,6800.0
2025-07-08 08:11:09,6285.0,6331.75,Call GEX 2,GEX,20876.448,,6800.0
2025-07-08 08:11:09,6300.0,6347.0,Call GEX 3,GEX,18674.217,,6800.0
2025-07-08 08:11:09,6350.0,6397.25,Call DEX 4,DEX,3.158,,6800.0
2025-07-08 08:11:09,6400.0,6447.75,Call DEX 5,DEX,2.978,,6800.0
2025-07-08 08:12:49,2400.0,2417.5,Call CEX 1,CEX,0.0,,6800.0
2025-07-08 08:12:49,2400.0,2417.5,Put CEX 1,CEX,0.0,,6800.0
2025-07-08 08:12:49,2400.0,2417.5,Call VEX 1,VEX,0.0,,6800.0
2025-07-08 08:12:49,2400.0,2417.5,Put VEX 1,VEX,0.0,,6800.0
2025-07-08 08:12:49,2600.0,2619.0,Call CEX 2,CEX,0.0,,6800.0
2025-07-08 08:12:49,2600.0,2619.0,Put CEX 2,CEX,0.0,,6800.0
2025-07-08 08:12:49,2600.0,2619.0,Call VEX 2,VEX,0.0,,6800.0
2025-07-08 08:12:49,2600.0,2619.0,Put VEX 2,VEX,0.0,,6800.0
2025-07-08 08:12:49,2800.0,2820.5,Call CEX 3,CEX,0.0,,6800.0
2025-07-08 08:12:49,2800.0,2820.5,Put CEX 3,CEX,0.0,,6800.0
2025-07-08 08:12:49,2800.0,2820.5,Call VEX 3,VEX,0.0,,6800.0
2025-07-08 08:12:49,2800.0,2820.5,Put VEX 3,VEX,0.0,,6800.0
2025-07-08 08:12:49,3000.0,3022.0,Call CEX 4,CEX,0.0,,6800.0
2025-07-08 08:12:49,3000.0,3022.0,Put CEX 4,CEX,0.0,,6800.0
2025-07-08 08:12:49,3000.0,3022.0,Call VEX 4,VEX,0.0,,6800.0
2025-07-08 08:12:49,3000.0,3022.0,Put VEX 4,VEX,0.0,,6800.0
2025-07-08 08:12:49,3200.0,3223.5,Call CEX 5,CEX,0.0,,6800.0
2025-07-08 08:12:49,3200.0,3223.5,Put CEX 5,CEX,0.0,,6800.0
2025-07-08 08:12:49,3200.0,3223.5,Call VEX 5,VEX,0.0,,6800.0
2025-07-08 08:12:49,3200.0,3223.5,Put VEX 5,VEX,0.0,,6800.0
2025-07-08 08:12:49,6025.0,6069.0,Put DEX 5,DEX,-2.231,,6800.0
2025-07-08 08:12:49,6035.0,6079.0,Put DEX 2,DEX,-6.372,,6800.0
2025-07-08 08:12:49,6035.0,6079.0,Put GEX 3,GEX,-12207.087,,6800.0
2025-07-08 08:12:49,6050.0,6094.25,Put DEX 1,DEX,-6.903,,6800.0
2025-07-08 08:12:49,6050.0,6094.25,Put GEX 2,GEX,-14423.967,,6800.0
2025-07-08 08:12:49,6075.0,6119.5,Put DEX 4,DEX,-3.038,,6800.0
2025-07-08 08:12:49,6100.0,6144.5,Put DEX 3,DEX,-5.819,,6800.0
2025-07-08 08:12:49,6100.0,6144.5,Put GEX 1,GEX,-20595.268,,6800.0
2025-07-08 08:12:49,6125.0,6169.75,Call DEX 2,DEX,5.121,,6800.0
2025-07-08 08:12:49,6150.0,6195.0,Put GEX 5,GEX,-8403.964,,6800.0
2025-07-08 08:12:49,6200.0,6245.25,Put GEX 4,GEX,-10477.325,,6800.0
2025-07-08 08:12:49,6225.0,6270.5,Call GEX 5,GEX,15078.623,,6800.0
2025-07-08 08:12:49,6250.0,6295.75,Call GEX 4,GEX,16867.475,,6800.0
2025-07-08 08:12:49,6275.0,6320.75,Call DEX 1,DEX,21.742,,6800.0
2025-07-08 08:12:49,6275.0,6320.75,Call GEX 1,GEX,156555.497,,6800.0
2025-07-08 08:12:49,6285.0,6331.0,Call DEX 3,DEX,3.188,,6800.0
2025-07-08 08:12:49,6285.0,6331.0,Call GEX 2,GEX,21263.867,,6800.0
2025-07-08 08:12:49,6300.0,6346.0,Call GEX 3,GEX,19029.809,,6800.0
2025-07-08 08:12:49,6350.0,6396.5,Call DEX 4,DEX,3.159,,6800.0
2025-07-08 08:12:49,6400.0,6446.75,Call DEX 5,DEX,2.978,,6800.0
2025-07-08 08:14:18,2400.0,2417.75,Call CEX 1,CEX,0.0,,6550.0
2025-07-08 08:14:18,2400.0,2417.75,Put CEX 1,CEX,0.0,,6550.0
2025-07-08 08:14:18,2400.0,2417.75,Call VEX 1,VEX,0.0,,6550.0
2025-07-08 08:14:18,2400.0,2417.75,Put VEX 1,VEX,0.0,,6550.0
2025-07-08 08:14:18,2600.0,2619.25,Call CEX 2,CEX,0.0,,6550.0
2025-07-08 08:14:18,2600.0,2619.25,Put CEX 2,CEX,0.0,,6550.0
2025-07-08 08:14:18,2600.0,2619.25,Call VEX 2,VEX,0.0,,6550.0
2025-07-08 08:14:18,2600.0,2619.25,Put VEX 2,VEX,0.0,,6550.0
2025-07-08 08:14:18,2800.0,2820.75,Call CEX 3,CEX,0.0,,6550.0
2025-07-08 08:14:18,2800.0,2820.75,Put CEX 3,CEX,0.0,,6550.0
2025-07-08 08:14:18,2800.0,2820.75,Call VEX 3,VEX,0.0,,6550.0
2025-07-08 08:14:18,2800.0,2820.75,Put VEX 3,VEX,0.0,,6550.0
2025-07-08 08:14:18,3000.0,3022.0,Call CEX 4,CEX,0.0,,6550.0
2025-07-08 08:14:18,3000.0,3022.0,Put CEX 4,CEX,0.0,,6550.0
2025-07-08 08:14:18,3000.0,3022.0,Call VEX 4,VEX,0.0,,6550.0
2025-07-08 08:14:18,3000.0,3022.0,Put VEX 4,VEX,0.0,,6550.0
2025-07-08 08:14:18,3200.0,3223.5,Call CEX 5,CEX,0.0,,6550.0
2025-07-08 08:14:18,3200.0,3223.5,Put CEX 5,CEX,0.0,,6550.0
2025-07-08 08:14:18,3200.0,3223.5,Call VEX 5,VEX,0.0,,6550.0
2025-07-08 08:14:18,3200.0,3223.5,Put VEX 5,VEX,0.0,,6550.0
2025-07-08 08:14:18,6000.0,6044.25,Put DEX 4,DEX,-4.645,,6550.0
2025-07-08 08:14:18,6035.0,6079.5,Put DEX 3,DEX,-6.429,,6550.0
2025-07-08 08:14:18,6035.0,6079.5,Put GEX 3,GEX,-12333.373,,6550.0
2025-07-08 08:14:18,6050.0,6094.5,Put DEX 2,DEX,-7.085,,6550.0
2025-07-08 08:14:18,6050.0,6094.5,Put GEX 2,GEX,-14707.076,,6550.0
2025-07-08 08:14:18,6075.0,6119.75,Put DEX 5,DEX,-3.583,,6550.0
2025-07-08 08:14:18,6075.0,6119.75,Put GEX 4,GEX,-8608.539,,6550.0
2025-07-08 08:14:18,6100.0,6145.0,Put DEX 1,DEX,-8.92,,6550.0
2025-07-08 08:14:18,6100.0,6145.0,Put GEX 1,GEX,-25323.735,,6550.0
2025-07-08 08:14:18,6175.0,6220.5,Call DEX 5,DEX,2.783,,6550.0
2025-07-08 08:14:18,6200.0,6245.75,Put GEX 5,GEX,-8337.862,,6550.0
2025-07-08 08:14:18,6225.0,6270.75,Call GEX 5,GEX,16472.544,,6550.0
2025-07-08 08:14:18,6250.0,6296.0,Call GEX 4,GEX,17797.224,,6550.0
2025-07-08 08:14:18,6275.0,6321.25,Call DEX 1,DEX,21.53,,6550.0
2025-07-08 08:14:18,6275.0,6321.25,Call GEX 1,GEX,155760.615,,6550.0
2025-07-08 08:14:18,6285.0,6331.25,Call DEX 2,DEX,3.168,,6550.0
2025-07-08 08:14:18,6285.0,6331.25,Call GEX 2,GEX,21058.094,,6550.0
2025-07-08 08:14:18,6300.0,6346.5,Call GEX 3,GEX,19278.621,,6550.0
2025-07-08 08:14:18,6350.0,6396.75,Call DEX 3,DEX,3.159,,6550.0
2025-07-08 08:14:18,6400.0,6447.25,Call DEX 4,DEX,2.978,,6550.0
2025-07-08 08:15:45,2400.0,2417.5,Call CEX 1,CEX,0.0,,6550.0
2025-07-08 08:15:45,2400.0,2417.5,Put CEX 1,CEX,0.0,,6550.0
2025-07-08 08:15:45,2400.0,2417.5,Call VEX 1,VEX,0.0,,6550.0
2025-07-08 08:15:45,2400.0,2417.5,Put VEX 1,VEX,0.0,,6550.0
2025-07-08 08:15:45,2600.0,2619.0,Call CEX 2,CEX,0.0,,6550.0
2025-07-08 08:15:45,2600.0,2619.0,Put CEX 2,CEX,0.0,,6550.0
2025-07-08 08:15:45,2600.0,2619.0,Call VEX 2,VEX,0.0,,6550.0
2025-07-08 08:15:45,2600.0,2619.0,Put VEX 2,VEX,0.0,,6550.0
2025-07-08 08:15:45,2800.0,2820.5,Call CEX 3,CEX,0.0,,6550.0
2025-07-08 08:15:45,2800.0,2820.5,Put CEX 3,CEX,0.0,,6550.0
2025-07-08 08:15:45,2800.0,2820.5,Call VEX 3,VEX,0.0,,6550.0
2025-07-08 08:15:45,2800.0,2820.5,Put VEX 3,VEX,0.0,,6550.0
2025-07-08 08:15:45,3000.0,3022.0,Call CEX 4,CEX,0.0,,6550.0
2025-07-08 08:15:45,3000.0,3022.0,Put CEX 4,CEX,0.0,,6550.0
2025-07-08 08:15:45,3000.0,3022.0,Call VEX 4,VEX,0.0,,6550.0
2025-07-08 08:15:45,3000.0,3022.0,Put VEX 4,VEX,0.0,,6550.0
2025-07-08 08:15:45,3200.0,3223.5,Call CEX 5,CEX,0.0,,6550.0
2025-07-08 08:15:45,3200.0,3223.5,Put CEX 5,CEX,0.0,,6550.0
2025-07-08 08:15:45,3200.0,3223.5,Call VEX 5,VEX,0.0,,6550.0
2025-07-08 08:15:45,3200.0,3223.5,Put VEX 5,VEX,0.0,,6550.0
2025-07-08 08:15:45,5950.0,5993.5,Put DEX 5,DEX,-2.689,,6550.0
2025-07-08 08:15:45,6035.0,6079.0,Put DEX 2,DEX,-6.371,,6550.0
2025-07-08 08:15:45,6035.0,6079.0,Put GEX 3,GEX,-12328.826,,6550.0
2025-07-08 08:15:45,6050.0,6094.25,Put DEX 1,DEX,-6.902,,6550.0
2025-07-08 08:15:45,6050.0,6094.25,Put GEX 2,GEX,-14579.629,,6550.0
2025-07-08 08:15:45,6075.0,6119.5,Put DEX 4,DEX,-3.039,,6550.0
2025-07-08 08:15:45,6100.0,6144.5,Put DEX 3,DEX,-5.819,,6550.0
2025-07-08 08:15:45,6100.0,6144.5,Put GEX 1,GEX,-20861.573,,6550.0
2025-07-08 08:15:45,6125.0,6169.75,Call DEX 2,DEX,5.13,,6550.0
2025-07-08 08:15:45,6150.0,6195.0,Put GEX 5,GEX,-8517.273,,6550.0
2025-07-08 08:15:45,6200.0,6245.25,Put GEX 4,GEX,-10095.439,,6550.0
2025-07-08 08:15:45,6225.0,6270.5,Call GEX 5,GEX,15480.697,,6550.0
2025-07-08 08:15:45,6250.0,6295.75,Call GEX 4,GEX,16812.541,,6550.0
2025-07-08 08:15:45,6275.0,6320.75,Call DEX 1,DEX,21.517,,6550.0
2025-07-08 08:15:45,6275.0,6320.75,Call GEX 1,GEX,152630.539,,6550.0
2025-07-08 08:15:45,6285.0,6331.0,Call DEX 3,DEX,3.164,,6550.0
2025-07-08 08:15:45,6285.0,6331.0,Call GEX 2,GEX,20719.236,,6550.0
2025-07-08 08:15:45,6300.0,6346.0,Call GEX 3,GEX,18607.101,,6550.0
2025-07-08 08:15:45,6350.0,6396.5,Call DEX 4,DEX,3.158,,6550.0
2025-07-08 08:15:45,6400.0,6446.75,Call DEX 5,DEX,2.978,,6550.0
2025-07-08 08:17:11,2400.0,2417.5,Call CEX 1,CEX,0.0,,6550.0
2025-07-08 08:17:11,2400.0,2417.5,Put CEX 1,CEX,0.0,,6550.0
2025-07-08 08:17:11,2400.0,2417.5,Call VEX 1,VEX,0.0,,6550.0
2025-07-08 08:17:11,2400.0,2417.5,Put VEX 1,VEX,0.0,,6550.0
2025-07-08 08:17:11,2600.0,2619.0,Call CEX 2,CEX,0.0,,6550.0
2025-07-08 08:17:11,2600.0,2619.0,Put CEX 2,CEX,0.0,,6550.0
2025-07-08 08:17:11,2600.0,2619.0,Call VEX 2,VEX,0.0,,6550.0
2025-07-08 08:17:11,2600.0,2619.0,Put VEX 2,VEX,0.0,,6550.0
2025-07-08 08:17:11,2800.0,2820.5,Call CEX 3,CEX,0.0,,6550.0
2025-07-08 08:17:11,2800.0,2820.5,Put CEX 3,CEX,0.0,,6550.0
2025-07-08 08:17:11,2800.0,2820.5,Call VEX 3,VEX,0.0,,6550.0
2025-07-08 08:17:11,2800.0,2820.5,Put VEX 3,VEX,0.0,,6550.0
2025-07-08 08:17:11,3000.0,3022.0,Call CEX 4,CEX,0.0,,6550.0
2025-07-08 08:17:11,3000.0,3022.0,Put CEX 4,CEX,0.0,,6550.0
2025-07-08 08:17:11,3000.0,3022.0,Call VEX 4,VEX,0.0,,6550.0
2025-07-08 08:17:11,3000.0,3022.0,Put VEX 4,VEX,0.0,,6550.0
2025-07-08 08:17:11,3200.0,3223.25,Call CEX 5,CEX,0.0,,6550.0
2025-07-08 08:17:11,3200.0,3223.25,Put CEX 5,CEX,0.0,,6550.0
2025-07-08 08:17:11,3200.0,3223.25,Call VEX 5,VEX,0.0,,6550.0
2025-07-08 08:17:11,3200.0,3223.25,Put VEX 5,VEX,0.0,,6550.0
2025-07-08 08:17:11,5950.0,5993.5,Put DEX 5,DEX,-2.689,,6550.0
2025-07-08 08:17:11,6035.0,6079.0,Put DEX 2,DEX,-6.371,,6550.0
2025-07-08 08:17:11,6035.0,6079.0,Put GEX 3,GEX,-12351.401,,6550.0
2025-07-08 08:17:11,6050.0,6094.25,Put DEX 1,DEX,-6.902,,6550.0
2025-07-08 08:17:11,6050.0,6094.25,Put GEX 2,GEX,-14608.567,,6550.0
2025-07-08 08:17:11,6075.0,6119.25,Put DEX 4,DEX,-3.039,,6550.0
2025-07-08 08:17:11,6100.0,6144.5,Put DEX 3,DEX,-5.823,,6550.0
2025-07-08 08:17:11,6100.0,6144.5,Put GEX 1,GEX,-20931.422,,6550.0
2025-07-08 08:17:11,6125.0,6169.75,Call DEX 2,DEX,5.125,,6550.0
2025-07-08 08:17:11,6150.0,6194.75,Put GEX 5,GEX,-8552.257,,6550.0
2025-07-08 08:17:11,6200.0,6245.25,Put GEX 4,GEX,-10169.45,,6550.0
2025-07-08 08:17:11,6225.0,6270.5,Call GEX 5,GEX,15452.906,,6550.0
2025-07-08 08:17:11,6250.0,6295.5,Call GEX 4,GEX,16849.535,,6550.0
2025-07-08 08:17:11,6275.0,6320.75,Call DEX 1,DEX,21.481,,6550.0
2025-07-08 08:17:11,6275.0,6320.75,Call GEX 1,GEX,151835.645,,6550.0
2025-07-08 08:17:11,6285.0,6330.75,Call DEX 3,DEX,3.159,,6550.0
2025-07-08 08:17:11,6285.0,6330.75,Call GEX 2,GEX,20621.873,,6550.0
2025-07-08 08:17:11,6300.0,6346.0,Call GEX 3,GEX,18487.521,,6550.0
2025-07-08 08:17:11,6350.0,6396.25,Call DEX 4,DEX,3.158,,6550.0
2025-07-08 08:17:11,6400.0,6446.75,Call DEX 5,DEX,2.978,,6550.0
2025-07-08 08:18:42,2400.0,2417.5,Call CEX 1,CEX,0.0,,6550.0
2025-07-08 08:18:42,2400.0,2417.5,Put CEX 1,CEX,0.0,,6550.0
2025-07-08 08:18:42,2400.0,2417.5,Call VEX 1,VEX,0.0,,6550.0
2025-07-08 08:18:42,2400.0,2417.5,Put VEX 1,VEX,0.0,,6550.0
2025-07-08 08:18:42,2600.0,2619.0,Call CEX 2,CEX,0.0,,6550.0
2025-07-08 08:18:42,2600.0,2619.0,Put CEX 2,CEX,0.0,,6550.0
2025-07-08 08:18:42,2600.0,2619.0,Call VEX 2,VEX,0.0,,6550.0
2025-07-08 08:18:42,2600.0,2619.0,Put VEX 2,VEX,0.0,,6550.0
2025-07-08 08:18:42,2800.0,2820.5,Call CEX 3,CEX,0.0,,6550.0
2025-07-08 08:18:42,2800.0,2820.5,Put CEX 3,CEX,0.0,,6550.0
2025-07-08 08:18:42,2800.0,2820.5,Call VEX 3,VEX,0.0,,6550.0
2025-07-08 08:18:42,2800.0,2820.5,Put VEX 3,VEX,0.0,,6550.0
2025-07-08 08:18:42,3000.0,3022.0,Call CEX 4,CEX,0.0,,6550.0
2025-07-08 08:18:42,3000.0,3022.0,Put CEX 4,CEX,0.0,,6550.0
2025-07-08 08:18:42,3000.0,3022.0,Call VEX 4,VEX,0.0,,6550.0
2025-07-08 08:18:42,3000.0,3022.0,Put VEX 4,VEX,0.0,,6550.0
2025-07-08 08:18:42,3200.0,3223.5,Call CEX 5,CEX,0.0,,6550.0
2025-07-08 08:18:42,3200.0,3223.5,Put CEX 5,CEX,0.0,,6550.0
2025-07-08 08:18:42,3200.0,3223.5,Call VEX 5,VEX,0.0,,6550.0
2025-07-08 08:18:42,3200.0,3223.5,Put VEX 5,VEX,0.0,,6550.0
2025-07-08 08:18:42,5950.0,5993.5,Put DEX 5,DEX,-2.689,,6550.0
2025-07-08 08:18:42,6035.0,6079.25,Put DEX 2,DEX,-6.371,,6550.0
2025-07-08 08:18:42,6035.0,6079.25,Put GEX 3,GEX,-12376.939,,6550.0
2025-07-08 08:18:42,6050.0,6094.25,Put DEX 1,DEX,-6.903,,6550.0
2025-07-08 08:18:42,6050.0,6094.25,Put GEX 2,GEX,-14642.71,,6550.0
2025-07-08 08:18:42,6075.0,6119.5,Put DEX 4,DEX,-3.041,,6550.0
2025-07-08 08:18:42,6100.0,6144.75,Put DEX 3,DEX,-5.836,,6550.0
2025-07-08 08:18:42,6100.0,6144.75,Put GEX 1,GEX,-21044.896,,6550.0
2025-07-08 08:18:42,6125.0,6169.75,Call DEX 2,DEX,5.079,,6550.0
2025-07-08 08:18:42,6150.0,6195.0,Put GEX 5,GEX,-8703.587,,6550.0
2025-07-08 08:18:42,6200.0,6245.25,Put GEX 4,GEX,-11682.964,,6550.0
2025-07-08 08:18:42,6225.0,6270.5,Call GEX 5,GEX,14688.695,,6550.0
2025-07-08 08:18:42,6250.0,6295.75,Call GEX 4,GEX,16133.188,,6550.0
2025-07-08 08:18:42,6275.0,6321.0,Call DEX 1,DEX,21.484,,6550.0
2025-07-08 08:18:42,6275.0,6321.0,Call GEX 1,GEX,150200.73,,6550.0
2025-07-08 08:18:42,6285.0,6331.0,Call DEX 3,DEX,3.159,,6550.0
2025-07-08 08:18:42,6285.0,6331.0,Call GEX 2,GEX,20416.664,,6550.0
2025-07-08 08:18:42,6300.0,6346.0,Call GEX 3,GEX,18072.405,,6550.0
2025-07-08 08:18:42,6350.0,6396.5,Call DEX 4,DEX,3.158,,6550.0
2025-07-08 08:18:42,6400.0,6446.75,Call DEX 5,DEX,2.978,,6550.0
2025-07-08 08:20:09,2400.0,2417.5,Call CEX 1,CEX,0.0,,6550.0
2025-07-08 08:20:09,2400.0,2417.5,Put CEX 1,CEX,0.0,,6550.0
2025-07-08 08:20:09,2400.0,2417.5,Call VEX 1,VEX,0.0,,6550.0
2025-07-08 08:20:09,2400.0,2417.5,Put VEX 1,VEX,0.0,,6550.0
2025-07-08 08:20:09,2600.0,2619.0,Call CEX 2,CEX,0.0,,6550.0
2025-07-08 08:20:09,2600.0,2619.0,Put CEX 2,CEX,0.0,,6550.0
2025-07-08 08:20:09,2600.0,2619.0,Call VEX 2,VEX,0.0,,6550.0
2025-07-08 08:20:09,2600.0,2619.0,Put VEX 2,VEX,0.0,,6550.0
2025-07-08 08:20:09,2800.0,2820.5,Call CEX 3,CEX,0.0,,6550.0
2025-07-08 08:20:09,2800.0,2820.5,Put CEX 3,CEX,0.0,,6550.0
2025-07-08 08:20:09,2800.0,2820.5,Call VEX 3,VEX,0.0,,6550.0
2025-07-08 08:20:09,2800.0,2820.5,Put VEX 3,VEX,0.0,,6550.0
2025-07-08 08:20:09,3000.0,3022.0,Call CEX 4,CEX,0.0,,6550.0
2025-07-08 08:20:09,3000.0,3022.0,Put CEX 4,CEX,0.0,,6550.0
2025-07-08 08:20:09,3000.0,3022.0,Call VEX 4,VEX,0.0,,6550.0
2025-07-08 08:20:09,3000.0,3022.0,Put VEX 4,VEX,0.0,,6550.0
2025-07-08 08:20:09,3200.0,3223.5,Call CEX 5,CEX,0.0,,6550.0
2025-07-08 08:20:09,3200.0,3223.5,Put CEX 5,CEX,0.0,,6550.0
2025-07-08 08:20:09,3200.0,3223.5,Call VEX 5,VEX,0.0,,6550.0
2025-07-08 08:20:09,3200.0,3223.5,Put VEX 5,VEX,0.0,,6550.0
2025-07-08 08:20:09,6000.0,6044.0,Put DEX 4,DEX,-4.645,,6550.0
2025-07-08 08:20:09,6035.0,6079.25,Put DEX 3,DEX,-6.429,,6550.0
2025-07-08 08:20:09,6035.0,6079.25,Put GEX 3,GEX,-12427.315,,6550.0
2025-07-08 08:20:09,6050.0,6094.25,Put DEX 2,DEX,-7.085,,6550.0
2025-07-08 08:20:09,6050.0,6094.25,Put GEX 2,GEX,-14828.575,,6550.0
2025-07-08 08:20:09,6075.0,6119.5,Put DEX 5,DEX,-3.583,,6550.0
2025-07-08 08:20:09,6075.0,6119.5,Put GEX 4,GEX,-8691.225,,6550.0
2025-07-08 08:20:09,6100.0,6144.75,Put DEX 1,DEX,-8.922,,6550.0
2025-07-08 08:20:09,6100.0,6144.75,Put GEX 1,GEX,-25602.769,,6550.0
2025-07-08 08:20:09,6150.0,6195.0,Put GEX 5,GEX,-8352.358,,6550.0
2025-07-08 08:20:09,6175.0,6220.25,Call DEX 5,DEX,2.793,,6550.0
2025-07-08 08:20:09,6225.0,6270.5,Call GEX 5,GEX,17201.102,,6550.0
2025-07-08 08:20:09,6250.0,6295.75,Call GEX 4,GEX,18134.169,,6550.0
2025-07-08 08:20:09,6275.0,6321.0,Call DEX 1,DEX,21.346,,6550.0
2025-07-08 08:20:09,6275.0,6321.0,Call GEX 1,GEX,153053.718,,6550.0
2025-07-08 08:20:09,6285.0,6331.0,Call DEX 3,DEX,3.15,,6550.0
2025-07-08 08:20:09,6285.0,6331.0,Call GEX 2,GEX,20671.998,,6550.0
2025-07-08 08:20:09,6300.0,6346.0,Call GEX 3,GEX,19065.387,,6550.0
2025-07-08 08:20:09,6350.0,6396.5,Call DEX 2,DEX,3.158,,6550.0
2025-07-08 08:20:09,6400.0,6446.75,Call DEX 4,DEX,2.978,,6550.0
2025-07-08 08:21:36,2400.0,2417.5,Call CEX 1,CEX,0.0,,6525.0
2025-07-08 08:21:36,2400.0,2417.5,Put CEX 1,CEX,0.0,,6525.0
2025-07-08 08:21:36,2400.0,2417.5,Call VEX 1,VEX,0.0,,6525.0
2025-07-08 08:21:36,2400.0,2417.5,Put VEX 1,VEX,0.0,,6525.0
2025-07-08 08:21:36,2600.0,2619.0,Call CEX 2,CEX,0.0,,6525.0
2025-07-08 08:21:36,2600.0,2619.0,Put CEX 2,CEX,0.0,,6525.0
2025-07-08 08:21:36,2600.0,2619.0,Call VEX 2,VEX,0.0,,6525.0
2025-07-08 08:21:36,2600.0,2619.0,Put VEX 2,VEX,0.0,,6525.0
2025-07-08 08:21:36,2800.0,2820.25,Call CEX 3,CEX,0.0,,6525.0
2025-07-08 08:21:36,2800.0,2820.25,Put CEX 3,CEX,0.0,,6525.0
2025-07-08 08:21:36,2800.0,2820.25,Call VEX 3,VEX,0.0,,6525.0
2025-07-08 08:21:36,2800.0,2820.25,Put VEX 3,VEX,0.0,,6525.0
2025-07-08 08:21:36,3000.0,3021.75,Call CEX 4,CEX,0.0,,6525.0
2025-07-08 08:21:36,3000.0,3021.75,Put CEX 4,CEX,0.0,,6525.0
2025-07-08 08:21:36,3000.0,3021.75,Call VEX 4,VEX,0.0,,6525.0
2025-07-08 08:21:36,3000.0,3021.75,Put VEX 4,VEX,0.0,,6525.0
2025-07-08 08:21:36,3200.0,3223.25,Call CEX 5,CEX,0.0,,6525.0
2025-07-08 08:21:36,3200.0,3223.25,Put CEX 5,CEX,0.0,,6525.0
2025-07-08 08:21:36,3200.0,3223.25,Call VEX 5,VEX,0.0,,6525.0
2025-07-08 08:21:36,3200.0,3223.25,Put VEX 5,VEX,0.0,,6525.0
2025-07-08 08:21:36,5950.0,5993.25,Put DEX 5,DEX,-3.042,,6525.0
2025-07-08 08:21:36,6035.0,6078.75,Put DEX 2,DEX,-6.371,,6525.0
2025-07-08 08:21:36,6035.0,6078.75,Put GEX 3,GEX,-12536.539,,6525.0
2025-07-08 08:21:36,6050.0,6094.0,Put DEX 1,DEX,-7.085,,6525.0
2025-07-08 08:21:36,6050.0,6094.0,Put GEX 2,GEX,-15045.683,,6525.0
2025-07-08 08:21:36,6075.0,6119.0,Put DEX 4,DEX,-3.584,,6525.0
2025-07-08 08:21:36,6075.0,6119.0,Put GEX 5,GEX,-8836.46,,6525.0
2025-07-08 08:21:36,6100.0,6144.25,Put DEX 3,DEX,-5.832,,6525.0
2025-07-08 08:21:36,6100.0,6144.25,Put GEX 1,GEX,-21379.937,,6525.0
2025-07-08 08:21:36,6125.0,6169.5,Call DEX 2,DEX,5.039,,6525.0
2025-07-08 08:21:36,6200.0,6245.0,Put GEX 4,GEX,-9739.345,,6525.0
2025-07-08 08:21:36,6225.0,6270.25,Call GEX 5,GEX,15913.985,,6525.0
2025-07-08 08:21:36,6250.0,6295.5,Call GEX 4,GEX,16659.918,,6525.0
2025-07-08 08:21:36,6275.0,6320.5,Call DEX 1,DEX,21.207,,6525.0
2025-07-08 08:21:36,6275.0,6320.5,Call GEX 1,GEX,145527.708,,6525.0
2025-07-08 08:21:36,6285.0,6330.75,Call DEX 4,DEX,3.135,,6525.0
2025-07-08 08:21:36,6285.0,6330.75,Call GEX 2,GEX,19737.7,,6525.0
2025-07-08 08:21:36,6300.0,6345.75,Call GEX 3,GEX,18012.925,,6525.0
2025-07-08 08:21:36,6350.0,6396.0,Call DEX 3,DEX,3.156,,6525.0
2025-07-08 08:21:36,6400.0,6446.5,Call DEX 5,DEX,2.977,,6525.0
2025-07-08 08:23:14,2400.0,2417.5,Call CEX 1,CEX,0.0,,6525.0
2025-07-08 08:23:14,2400.0,2417.5,Put CEX 1,CEX,0.0,,6525.0
2025-07-08 08:23:14,2400.0,2417.5,Call VEX 1,VEX,0.0,,6525.0
2025-07-08 08:23:14,2400.0,2417.5,Put VEX 1,VEX,0.0,,6525.0
2025-07-08 08:23:14,2600.0,2619.0,Call CEX 2,CEX,0.0,,6525.0
2025-07-08 08:23:14,2600.0,2619.0,Put CEX 2,CEX,0.0,,6525.0
2025-07-08 08:23:14,2600.0,2619.0,Call VEX 2,VEX,0.0,,6525.0
2025-07-08 08:23:14,2600.0,2619.0,Put VEX 2,VEX,0.0,,6525.0
2025-07-08 08:23:14,2800.0,2820.5,Call CEX 3,CEX,0.0,,6525.0
2025-07-08 08:23:14,2800.0,2820.5,Put CEX 3,CEX,0.0,,6525.0
2025-07-08 08:23:14,2800.0,2820.5,Call VEX 3,VEX,0.0,,6525.0
2025-07-08 08:23:14,2800.0,2820.5,Put VEX 3,VEX,0.0,,6525.0
2025-07-08 08:23:14,3000.0,3021.75,Call CEX 4,CEX,0.0,,6525.0
2025-07-08 08:23:14,3000.0,3021.75,Put CEX 4,CEX,0.0,,6525.0
2025-07-08 08:23:14,3000.0,3021.75,Call VEX 4,VEX,0.0,,6525.0
2025-07-08 08:23:14,3000.0,3021.75,Put VEX 4,VEX,0.0,,6525.0
2025-07-08 08:23:14,3200.0,3223.25,Call CEX 5,CEX,0.0,,6525.0
2025-07-08 08:23:14,3200.0,3223.25,Put CEX 5,CEX,0.0,,6525.0
2025-07-08 08:23:14,3200.0,3223.25,Call VEX 5,VEX,0.0,,6525.0
2025-07-08 08:23:14,3200.0,3223.25,Put VEX 5,VEX,0.0,,6525.0
2025-07-08 08:23:14,6000.0,6043.75,Put DEX 4,DEX,-4.643,,6525.0
2025-07-08 08:23:14,6035.0,6079.0,Put DEX 2,DEX,-6.429,,6525.0
2025-07-08 08:23:14,6035.0,6079.0,Put GEX 3,GEX,-12774.946,,6525.0
2025-07-08 08:23:14,6050.0,6094.0,Put DEX 1,DEX,-7.084,,6525.0
2025-07-08 08:23:14,6050.0,6094.0,Put GEX 2,GEX,-15284.216,,6525.0
2025-07-08 08:23:14,6075.0,6119.25,Put DEX 5,DEX,-3.584,,6525.0
2025-07-08 08:23:14,6075.0,6119.25,Put GEX 5,GEX,-9000.102,,6525.0
2025-07-08 08:23:14,6100.0,6144.5,Put DEX 3,DEX,-5.828,,6525.0
2025-07-08 08:23:14,6100.0,6144.5,Put GEX 1,GEX,-21788.969,,6525.0
2025-07-08 08:23:14,6125.0,6169.75,Call DEX 2,DEX,5.122,,6525.0
2025-07-08 08:23:14,6200.0,6245.25,Put GEX 4,GEX,-9707.758,,6525.0
2025-07-08 08:23:14,6225.0,6270.5,Call GEX 5,GEX,15766.61,,6525.0
2025-07-08 08:23:14,6250.0,6295.5,Call GEX 4,GEX,16088.023,,6525.0
2025-07-08 08:23:14,6275.0,6320.75,Call DEX 1,DEX,21.032,,6525.0
2025-07-08 08:23:14,6275.0,6320.75,Call GEX 1,GEX,139258.19,,6525.0
2025-07-08 08:23:14,6285.0,6330.75,Call DEX 4,DEX,3.12,,6525.0
2025-07-08 08:23:14,6285.0,6330.75,Call GEX 2,GEX,18924.832,,6525.0
2025-07-08 08:23:14,6300.0,6346.0,Call GEX 3,GEX,17337.942,,6525.0
2025-07-08 08:23:14,6350.0,6396.25,Call DEX 3,DEX,3.155,,6525.0
2025-07-08 08:23:14,6400.0,6446.75,Call DEX 5,DEX,2.976,,6525.0
2025-07-08 08:24:54,2400.0,2417.75,Call CEX 1,CEX,0.0,,6525.0
2025-07-08 08:24:54,2400.0,2417.75,Put CEX 1,CEX,0.0,,6525.0
2025-07-08 08:24:54,2400.0,2417.75,Call VEX 1,VEX,0.0,,6525.0
2025-07-08 08:24:54,2400.0,2417.75,Put VEX 1,VEX,0.0,,6525.0
2025-07-08 08:24:54,2600.0,2619.25,Call CEX 2,CEX,0.0,,6525.0
2025-07-08 08:24:54,2600.0,2619.25,Put CEX 2,CEX,0.0,,6525.0
2025-07-08 08:24:54,2600.0,2619.25,Call VEX 2,VEX,0.0,,6525.0
2025-07-08 08:24:54,2600.0,2619.25,Put VEX 2,VEX,0.0,,6525.0
2025-07-08 08:24:54,2800.0,2820.5,Call CEX 3,CEX,0.0,,6525.0
2025-07-08 08:24:54,2800.0,2820.5,Put CEX 3,CEX,0.0,,6525.0
2025-07-08 08:24:54,2800.0,2820.5,Call VEX 3,VEX,0.0,,6525.0
2025-07-08 08:24:54,2800.0,2820.5,Put VEX 3,VEX,0.0,,6525.0
2025-07-08 08:24:54,3000.0,3022.0,Call CEX 4,CEX,0.0,,6525.0
2025-07-08 08:24:54,3000.0,3022.0,Put CEX 4,CEX,0.0,,6525.0
2025-07-08 08:24:54,3000.0,3022.0,Call VEX 4,VEX,0.0,,6525.0
2025-07-08 08:24:54,3000.0,3022.0,Put VEX 4,VEX,0.0,,6525.0
2025-07-08 08:24:54,3200.0,3223.5,Call CEX 5,CEX,0.0,,6525.0
2025-07-08 08:24:54,3200.0,3223.5,Put CEX 5,CEX,0.0,,6525.0
2025-07-08 08:24:54,3200.0,3223.5,Call VEX 5,VEX,0.0,,6525.0
2025-07-08 08:24:54,3200.0,3223.5,Put VEX 5,VEX,0.0,,6525.0
2025-07-08 08:24:54,5950.0,5993.75,Put DEX 5,DEX,-2.688,,6525.0
2025-07-08 08:24:54,6035.0,6079.5,Put DEX 2,DEX,-6.369,,6525.0
2025-07-08 08:24:54,6035.0,6079.5,Put GEX 3,GEX,-12811.916,,6525.0
2025-07-08 08:24:54,6050.0,6094.5,Put DEX 1,DEX,-6.901,,6525.0
2025-07-08 08:24:54,6050.0,6094.5,Put GEX 2,GEX,-15202.846,,6525.0
2025-07-08 08:24:54,6075.0,6119.75,Put DEX 4,DEX,-3.044,,6525.0
2025-07-08 08:24:54,6100.0,6145.0,Put DEX 3,DEX,-5.857,,6525.0
2025-07-08 08:24:54,6100.0,6145.0,Put GEX 1,GEX,-22166.387,,6525.0
2025-07-08 08:24:54,6125.0,6170.0,Call DEX 2,DEX,5.046,,6525.0
2025-07-08 08:24:54,6150.0,6195.25,Put GEX 5,GEX,-9304.383,,6525.0
2025-07-08 08:24:54,6200.0,6245.75,Put GEX 4,GEX,-12376.437,,6525.0
2025-07-08 08:24:54,6225.0,6270.75,Call GEX 5,GEX,14535.342,,6525.0
2025-07-08 08:24:54,6250.0,6296.0,Call GEX 4,GEX,14919.855,,6525.0
2025-07-08 08:24:54,6275.0,6321.25,Call DEX 1,DEX,21.001,,6525.0
2025-07-08 08:24:54,6275.0,6321.25,Call GEX 1,GEX,135532.24,,6525.0
2025-07-08 08:24:54,6285.0,6331.25,Call DEX 4,DEX,3.117,,6525.0
2025-07-08 08:24:54,6285.0,6331.25,Call GEX 2,GEX,18466.1,,6525.0
2025-07-08 08:24:54,6300.0,6346.5,Call GEX 3,GEX,16463.537,,6525.0
2025-07-08 08:24:54,6350.0,6396.75,Call DEX 3,DEX,3.155,,6525.0
2025-07-08 08:24:54,6400.0,6447.0,Call DEX 5,DEX,2.976,,6525.0
2025-07-08 08:26:33,2400.0,2418.0,Call CEX 1,CEX,0.0,,6525.0
2025-07-08 08:26:33,2400.0,2418.0,Put CEX 1,CEX,0.0,,6525.0
2025-07-08 08:26:33,2400.0,2418.0,Call VEX 1,VEX,0.0,,6525.0
2025-07-08 08:26:33,2400.0,2418.0,Put VEX 1,VEX,0.0,,6525.0
2025-07-08 08:26:33,2600.0,2619.5,Call CEX 2,CEX,0.0,,6525.0
2025-07-08 08:26:33,2600.0,2619.5,Put CEX 2,CEX,0.0,,6525.0
2025-07-08 08:26:33,2600.0,2619.5,Call VEX 2,VEX,0.0,,6525.0
2025-07-08 08:26:33,2600.0,2619.5,Put VEX 2,VEX,0.0,,6525.0
2025-07-08 08:26:33,2800.0,2821.0,Call CEX 3,CEX,0.0,,6525.0
2025-07-08 08:26:33,2800.0,2821.0,Put CEX 3,CEX,0.0,,6525.0
2025-07-08 08:26:33,2800.0,2821.0,Call VEX 3,VEX,0.0,,6525.0
2025-07-08 08:26:33,2800.0,2821.0,Put VEX 3,VEX,0.0,,6525.0
2025-07-08 08:26:33,3000.0,3022.5,Call CEX 4,CEX,0.0,,6525.0
2025-07-08 08:26:33,3000.0,3022.5,Put CEX 4,CEX,0.0,,6525.0
2025-07-08 08:26:33,3000.0,3022.5,Call VEX 4,VEX,0.0,,6525.0
2025-07-08 08:26:33,3000.0,3022.5,Put VEX 4,VEX,0.0,,6525.0
2025-07-08 08:26:33,3200.0,3223.75,Call CEX 5,CEX,0.0,,6525.0
2025-07-08 08:26:33,3200.0,3223.75,Put CEX 5,CEX,0.0,,6525.0
2025-07-08 08:26:33,3200.0,3223.75,Call VEX 5,VEX,0.0,,6525.0
2025-07-08 08:26:33,3200.0,3223.75,Put VEX 5,VEX,0.0,,6525.0
2025-07-08 08:26:33,5950.0,5994.5,Put DEX 5,DEX,-2.688,,6525.0
2025-07-08 08:26:33,6035.0,6080.0,Put DEX 2,DEX,-6.37,,6525.0
2025-07-08 08:26:33,6035.0,6080.0,Put GEX 3,GEX,-12887.599,,6525.0
2025-07-08 08:26:33,6050.0,6095.25,Put DEX 1,DEX,-6.902,,6525.0
2025-07-08 08:26:33,6050.0,6095.25,Put GEX 2,GEX,-15300.603,,6525.0
2025-07-08 08:26:33,6075.0,6120.25,Put DEX 4,DEX,-3.044,,6525.0
2025-07-08 08:26:33,6100.0,6145.5,Put DEX 3,DEX,-5.865,,6525.0
2025-07-08 08:26:33,6100.0,6145.5,Put GEX 1,GEX,-22356.912,,6525.0
2025-07-08 08:26:33,6125.0,6170.75,Call DEX 2,DEX,5.038,,6525.0
2025-07-08 08:26:33,6150.0,6195.75,Put GEX 5,GEX,-9433.263,,6525.0
2025-07-08 08:26:33,6200.0,6246.25,Put GEX 4,GEX,-12573.378,,6525.0
2025-07-08 08:26:33,6225.0,6271.5,Call GEX 5,GEX,14403.689,,6525.0
2025-07-08 08:26:33,6250.0,6296.5,Call GEX 4,GEX,14705.104,,6525.0
2025-07-08 08:26:33,6275.0,6321.75,Call DEX 1,DEX,20.929,,6525.0
2025-07-08 08:26:33,6275.0,6321.75,Call GEX 1,GEX,133198.122,,6525.0
2025-07-08 08:26:33,6285.0,6332.0,Call DEX 4,DEX,3.108,,6525.0
2025-07-08 08:26:33,6285.0,6332.0,Call GEX 2,GEX,18169.08,,6525.0
2025-07-08 08:26:33,6300.0,6347.0,Call GEX 3,GEX,16243.564,,6525.0
2025-07-08 08:26:33,6350.0,6397.25,Call DEX 3,DEX,3.153,,6525.0
2025-07-08 08:26:33,6400.0,6447.75,Call DEX 5,DEX,2.976,,6525.0
2025-07-08 08:28:11,2400.0,2417.75,Call CEX 1,CEX,0.0,,6525.0
2025-07-08 08:28:11,2400.0,2417.75,Put CEX 1,CEX,0.0,,6525.0
2025-07-08 08:28:11,2400.0,2417.75,Call VEX 1,VEX,0.0,,6525.0
2025-07-08 08:28:11,2400.0,2417.75,Put VEX 1,VEX,0.0,,6525.0
2025-07-08 08:28:11,2600.0,2619.25,Call CEX 2,CEX,0.0,,6525.0
2025-07-08 08:28:11,2600.0,2619.25,Put CEX 2,CEX,0.0,,6525.0
2025-07-08 08:28:11,2600.0,2619.25,Call VEX 2,VEX,0.0,,6525.0
2025-07-08 08:28:11,2600.0,2619.25,Put VEX 2,VEX,0.0,,6525.0
2025-07-08 08:28:11,2800.0,2820.5,Call CEX 3,CEX,0.0,,6525.0
2025-07-08 08:28:11,2800.0,2820.5,Put CEX 3,CEX,0.0,,6525.0
2025-07-08 08:28:11,2800.0,2820.5,Call VEX 3,VEX,0.0,,6525.0
2025-07-08 08:28:11,2800.0,2820.5,Put VEX 3,VEX,0.0,,6525.0
2025-07-08 08:28:11,3000.0,3022.0,Call CEX 4,CEX,0.0,,6525.0
2025-07-08 08:28:11,3000.0,3022.0,Put CEX 4,CEX,0.0,,6525.0
2025-07-08 08:28:11,3000.0,3022.0,Call VEX 4,VEX,0.0,,6525.0
2025-07-08 08:28:11,3000.0,3022.0,Put VEX 4,VEX,0.0,,6525.0
2025-07-08 08:28:11,3200.0,3223.5,Call CEX 5,CEX,0.0,,6525.0
2025-07-08 08:28:11,3200.0,3223.5,Put CEX 5,CEX,0.0,,6525.0
2025-07-08 08:28:11,3200.0,3223.5,Call VEX 5,VEX,0.0,,6525.0
2025-07-08 08:28:11,3200.0,3223.5,Put VEX 5,VEX,0.0,,6525.0
2025-07-08 08:28:11,5950.0,5993.75,Put DEX 5,DEX,-2.687,,6525.0
2025-07-08 08:28:11,6035.0,6079.5,Put DEX 2,DEX,-6.369,,6525.0
2025-07-08 08:28:11,6035.0,6079.5,Put GEX 3,GEX,-12750.094,,6525.0
2025-07-08 08:28:11,6050.0,6094.5,Put DEX 1,DEX,-6.9,,6525.0
2025-07-08 08:28:11,6050.0,6094.5,Put GEX 2,GEX,-15120.935,,6525.0
2025-07-08 08:28:11,6075.0,6119.75,Put DEX 4,DEX,-3.041,,6525.0
2025-07-08 08:28:11,6100.0,6145.0,Put DEX 3,DEX,-5.839,,6525.0
2025-07-08 08:28:11,6100.0,6145.0,Put GEX 1,GEX,-21912.423,,6525.0
2025-07-08 08:28:11,6125.0,6170.0,Call DEX 2,DEX,5.093,,6525.0
2025-07-08 08:28:11,6150.0,6195.25,Put GEX 5,GEX,-9114.804,,6525.0
2025-07-08 08:28:11,6200.0,6245.75,Put GEX 4,GEX,-10719.192,,6525.0
2025-07-08 08:28:11,6225.0,6270.75,Call GEX 5,GEX,15357.839,,6525.0
2025-07-08 08:28:11,6250.0,6296.0,Call GEX 4,GEX,15610.589,,6525.0
2025-07-08 08:28:11,6275.0,6321.25,Call DEX 1,DEX,21.029,,6525.0
2025-07-08 08:28:11,6275.0,6321.25,Call GEX 1,GEX,137888.182,,6525.0
2025-07-08 08:28:11,6285.0,6331.25,Call DEX 4,DEX,3.121,,6525.0
2025-07-08 08:28:11,6285.0,6331.25,Call GEX 2,GEX,18739.442,,6525.0
2025-07-08 08:28:11,6300.0,6346.25,Call GEX 3,GEX,17080.396,,6525.0
2025-07-08 08:28:11,6350.0,6396.75,Call DEX 3,DEX,3.155,,6525.0
2025-07-08 08:28:11,6400.0,6447.0,Call DEX 5,DEX,2.976,,6525.0
2025-07-08 08:29:39,2400.0,2417.75,Call CEX 1,CEX,0.0,,6525.0
2025-07-08 08:29:39,2400.0,2417.75,Put CEX 1,CEX,0.0,,6525.0
2025-07-08 08:29:39,2400.0,2417.75,Call VEX 1,VEX,0.0,,6525.0
2025-07-08 08:29:39,2400.0,2417.75,Put VEX 1,VEX,0.0,,6525.0
2025-07-08 08:29:39,2600.0,2619.25,Call CEX 2,CEX,0.0,,6525.0
2025-07-08 08:29:39,2600.0,2619.25,Put CEX 2,CEX,0.0,,6525.0
2025-07-08 08:29:39,2600.0,2619.25,Call VEX 2,VEX,0.0,,6525.0
2025-07-08 08:29:39,2600.0,2619.25,Put VEX 2,VEX,0.0,,6525.0
2025-07-08 08:29:39,2800.0,2820.75,Call CEX 3,CEX,0.0,,6525.0
2025-07-08 08:29:39,2800.0,2820.75,Put CEX 3,CEX,0.0,,6525.0
2025-07-08 08:29:39,2800.0,2820.75,Call VEX 3,VEX,0.0,,6525.0
2025-07-08 08:29:39,2800.0,2820.75,Put VEX 3,VEX,0.0,,6525.0
2025-07-08 08:29:39,3000.0,3022.25,Call CEX 4,CEX,0.0,,6525.0
2025-07-08 08:29:39,3000.0,3022.25,Put CEX 4,CEX,0.0,,6525.0
2025-07-08 08:29:39,3000.0,3022.25,Call VEX 4,VEX,0.0,,6525.0
2025-07-08 08:29:39,3000.0,3022.25,Put VEX 4,VEX,0.0,,6525.0
2025-07-08 08:29:39,3200.0,3223.75,Call CEX 5,CEX,0.0,,6525.0
2025-07-08 08:29:39,3200.0,3223.75,Put CEX 5,CEX,0.0,,6525.0
2025-07-08 08:29:39,3200.0,3223.75,Call VEX 5,VEX,0.0,,6525.0
2025-07-08 08:29:39,3200.0,3223.75,Put VEX 5,VEX,0.0,,6525.0
2025-07-08 08:29:39,6000.0,6044.5,Put DEX 4,DEX,-4.643,,6525.0
2025-07-08 08:29:39,6035.0,6079.75,Put DEX 3,DEX,-6.428,,6525.0
2025-07-08 08:29:39,6035.0,6079.75,Put GEX 3,GEX,-12847.071,,6525.0
2025-07-08 08:29:39,6050.0,6095.0,Put DEX 2,DEX,-7.085,,6525.0
2025-07-08 08:29:39,6050.0,6095.0,Put GEX 2,GEX,-15373.389,,6525.0
2025-07-08 08:29:39,6075.0,6120.0,Put DEX 5,DEX,-3.585,,6525.0
2025-07-08 08:29:39,6075.0,6120.0,Put GEX 4,GEX,-9058.268,,6525.0
2025-07-08 08:29:39,6100.0,6145.25,Put DEX 1,DEX,-8.938,,6525.0
2025-07-08 08:29:39,6100.0,6145.25,Put GEX 1,GEX,-26876.346,,6525.0
2025-07-08 08:29:39,6125.0,6170.5,Call DEX 2,DEX,5.136,,6525.0
2025-07-08 08:29:39,6150.0,6195.75,Put GEX 5,GEX,-8926.23,,6525.0
2025-07-08 08:29:39,6225.0,6271.25,Call GEX 4,GEX,16665.338,,6525.0
2025-07-08 08:29:39,6250.0,6296.5,Call GEX 5,GEX,16320.423,,6525.0
2025-07-08 08:29:39,6275.0,6321.5,Call DEX 1,DEX,20.963,,6525.0
2025-07-08 08:29:39,6275.0,6321.5,Call GEX 1,GEX,137064.148,,6525.0
2025-07-08 08:29:39,6285.0,6331.75,Call DEX 4,DEX,3.114,,6525.0
2025-07-08 08:29:39,6285.0,6331.75,Call GEX 2,GEX,18632.623,,6525.0
2025-07-08 08:29:39,6300.0,6346.75,Call GEX 3,GEX,17308.814,,6525.0
2025-07-08 08:29:39,6350.0,6397.25,Call DEX 3,DEX,3.156,,6525.0
2025-07-08 08:29:39,6400.0,6447.5,Call DEX 5,DEX,2.976,,6525.0
2025-07-08 08:31:06,2400.0,2417.5,Call CEX 1,CEX,0.0,,6525.0
2025-07-08 08:31:06,2400.0,2417.5,Put CEX 1,CEX,0.0,,6525.0
2025-07-08 08:31:06,2400.0,2417.5,Call VEX 1,VEX,0.0,,6525.0
2025-07-08 08:31:06,2400.0,2417.5,Put VEX 1,VEX,0.0,,6525.0
2025-07-08 08:31:06,2600.0,2619.0,Call CEX 2,CEX,0.0,,6525.0
2025-07-08 08:31:06,2600.0,2619.0,Put CEX 2,CEX,0.0,,6525.0
2025-07-08 08:31:06,2600.0,2619.0,Call VEX 2,VEX,0.0,,6525.0
2025-07-08 08:31:06,2600.0,2619.0,Put VEX 2,VEX,0.0,,6525.0
2025-07-08 08:31:06,2800.0,2820.5,Call CEX 3,CEX,0.0,,6525.0
2025-07-08 08:31:06,2800.0,2820.5,Put CEX 3,CEX,0.0,,6525.0
2025-07-08 08:31:06,2800.0,2820.5,Call VEX 3,VEX,0.0,,6525.0
2025-07-08 08:31:06,2800.0,2820.5,Put VEX 3,VEX,0.0,,6525.0
2025-07-08 08:31:06,3000.0,3022.0,Call CEX 4,CEX,0.0,,6525.0
2025-07-08 08:31:06,3000.0,3022.0,Put CEX 4,CEX,0.0,,6525.0
2025-07-08 08:31:06,3000.0,3022.0,Call VEX 4,VEX,0.0,,6525.0
2025-07-08 08:31:06,3000.0,3022.0,Put VEX 4,VEX,0.0,,6525.0
2025-07-08 08:31:06,3200.0,3223.25,Call CEX 5,CEX,0.0,,6525.0
2025-07-08 08:31:06,3200.0,3223.25,Put CEX 5,CEX,0.0,,6525.0
2025-07-08 08:31:06,3200.0,3223.25,Call VEX 5,VEX,0.0,,6525.0
2025-07-08 08:31:06,3200.0,3223.25,Put VEX 5,VEX,0.0,,6525.0
2025-07-08 08:31:06,5950.0,5993.5,Put DEX 5,DEX,-2.691,,6525.0
2025-07-08 08:31:06,6035.0,6079.0,Put DEX 2,DEX,-6.37,,6525.0
2025-07-08 08:31:06,6035.0,6079.0,Put GEX 4,GEX,-12964.243,,6525.0
2025-07-08 08:31:06,6050.0,6094.25,Put DEX 1,DEX,-6.902,,6525.0
2025-07-08 08:31:06,6050.0,6094.25,Put GEX 3,GEX,-15408.525,,6525.0
2025-07-08 08:31:06,6075.0,6119.25,Put DEX 4,DEX,-3.05,,6525.0
2025-07-08 08:31:06,6100.0,6144.5,Put DEX 3,DEX,-5.904,,6525.0
2025-07-08 08:31:06,6100.0,6144.5,Put GEX 1,GEX,-22781.482,,6525.0
2025-07-08 08:31:06,6125.0,6169.75,Call DEX 3,DEX,4.919,,6525.0
2025-07-08 08:31:06,6150.0,6195.0,Put GEX 5,GEX,-9896.036,,6525.0
2025-07-08 08:31:06,6200.0,6245.25,Put GEX 2,GEX,-17284.516,,6525.0
2025-07-08 08:31:06,6225.0,6270.5,Call GEX 5,GEX,12098.964,,6525.0
2025-07-08 08:31:06,6250.0,6295.75,Call GEX 4,GEX,12894.691,,6525.0
2025-07-08 08:31:06,6275.0,6320.75,Call DEX 1,DEX,20.971,,6525.0
2025-07-08 08:31:06,6275.0,6320.75,Call GEX 1,GEX,129477.435,,6525.0
2025-07-08 08:31:06,6285.0,6331.0,Call DEX 4,DEX,3.284,,6525.0
2025-07-08 08:31:06,6285.0,6331.0,Call GEX 3,GEX,18283.972,,6525.0
2025-07-08 08:31:06,6300.0,6346.0,Call DEX 2,DEX,5.829,,6525.0
2025-07-08 08:31:06,6300.0,6346.0,Call GEX 2,GEX,27828.367,,6525.0
2025-07-08 08:31:06,6350.0,6396.25,Call DEX 5,DEX,3.247,,6525.0
2025-07-08 08:32:36,2400.0,2417.5,Call CEX 1,CEX,0.0,,6800.0
2025-07-08 08:32:36,2400.0,2417.5,Put CEX 1,CEX,0.0,,6800.0
2025-07-08 08:32:36,2400.0,2417.5,Call VEX 1,VEX,0.0,,6800.0
2025-07-08 08:32:36,2400.0,2417.5,Put VEX 1,VEX,0.0,,6800.0
2025-07-08 08:32:36,2600.0,2619.0,Call CEX 2,CEX,0.0,,6800.0
2025-07-08 08:32:36,2600.0,2619.0,Put CEX 2,CEX,0.0,,6800.0
2025-07-08 08:32:36,2600.0,2619.0,Call VEX 2,VEX,0.0,,6800.0
2025-07-08 08:32:36,2600.0,2619.0,Put VEX 2,VEX,0.0,,6800.0
2025-07-08 08:32:36,2800.0,2820.5,Call CEX 3,CEX,0.0,,6800.0
2025-07-08 08:32:36,2800.0,2820.5,Put CEX 3,CEX,0.0,,6800.0
2025-07-08 08:32:36,2800.0,2820.5,Call VEX 3,VEX,0.0,,6800.0
2025-07-08 08:32:36,2800.0,2820.5,Put VEX 3,VEX,0.0,,6800.0
2025-07-08 08:32:36,3000.0,3022.0,Call CEX 4,CEX,0.0,,6800.0
2025-07-08 08:32:36,3000.0,3022.0,Put CEX 4,CEX,0.0,,6800.0
2025-07-08 08:32:36,3000.0,3022.0,Call VEX 4,VEX,0.0,,6800.0
2025-07-08 08:32:36,3000.0,3022.0,Put VEX 4,VEX,0.0,,6800.0
2025-07-08 08:32:36,3200.0,3223.5,Call CEX 5,CEX,0.0,,6800.0
2025-07-08 08:32:36,3200.0,3223.5,Put CEX 5,CEX,0.0,,6800.0
2025-07-08 08:32:36,3200.0,3223.5,Call VEX 5,VEX,0.0,,6800.0
2025-07-08 08:32:36,3200.0,3223.5,Put VEX 5,VEX,0.0,,6800.0
2025-07-08 08:32:36,5950.0,5993.75,Put DEX 5,DEX,-2.688,,6800.0
2025-07-08 08:32:36,6035.0,6079.25,Put DEX 2,DEX,-6.369,,6800.0
2025-07-08 08:32:36,6035.0,6079.25,Put GEX 3,GEX,-12784.177,,6800.0
2025-07-08 08:32:36,6050.0,6094.5,Put DEX 1,DEX,-6.901,,6800.0
2025-07-08 08:32:36,6050.0,6094.5,Put GEX 2,GEX,-15166.962,,6800.0
2025-07-08 08:32:36,6075.0,6119.5,Put DEX 4,DEX,-3.044,,6800.0
2025-07-08 08:32:36,6100.0,6144.75,Put DEX 3,DEX,-5.856,,6800.0
2025-07-08 08:32:36,6100.0,6144.75,Put GEX 1,GEX,-22091.266,,6800.0
2025-07-08 08:32:36,6125.0,6170.0,Call DEX 2,DEX,5.041,,6800.0
2025-07-08 08:32:36,6150.0,6195.0,Put GEX 5,GEX,-9286.421,,6800.0
2025-07-08 08:32:36,6200.0,6245.5,Put GEX 4,GEX,-12554.105,,6800.0
2025-07-08 08:32:36,6225.0,6270.75,Call GEX 5,GEX,14363.026,,6800.0
2025-07-08 08:32:36,6250.0,6295.75,Call GEX 4,GEX,14864.804,,6800.0
2025-07-08 08:32:36,6275.0,6321.0,Call DEX 1,DEX,21.066,,6800.0
2025-07-08 08:32:36,6275.0,6321.0,Call GEX 1,GEX,135891.989,,6800.0
2025-07-08 08:32:36,6285.0,6331.0,Call DEX 4,DEX,3.123,,6800.0
2025-07-08 08:32:36,6285.0,6331.0,Call GEX 2,GEX,18523.393,,6800.0
2025-07-08 08:32:36,6300.0,6346.25,Call GEX 3,GEX,16523.602,,6800.0
2025-07-08 08:32:36,6350.0,6396.5,Call DEX 3,DEX,3.154,,6800.0
2025-07-08 08:32:36,6400.0,6447.0,Call DEX 5,DEX,2.976,,6800.0
2025-07-08 08:34:16,2400.0,2417.25,Call CEX 1,CEX,0.0,,6525.0
2025-07-08 08:34:16,2400.0,2417.25,Put CEX 1,CEX,0.0,,6525.0
2025-07-08 08:34:16,2400.0,2417.25,Call VEX 1,VEX,0.0,,6525.0
2025-07-08 08:34:16,2400.0,2417.25,Put VEX 1,VEX,0.0,,6525.0
2025-07-08 08:34:16,2600.0,2618.75,Call CEX 2,CEX,0.0,,6525.0
2025-07-08 08:34:16,2600.0,2618.75,Put CEX 2,CEX,0.0,,6525.0
2025-07-08 08:34:16,2600.0,2618.75,Call VEX 2,VEX,0.0,,6525.0
2025-07-08 08:34:16,2600.0,2618.75,Put VEX 2,VEX,0.0,,6525.0
2025-07-08 08:34:16,2800.0,2820.25,Call CEX 3,CEX,0.0,,6525.0
2025-07-08 08:34:16,2800.0,2820.25,Put CEX 3,CEX,0.0,,6525.0
2025-07-08 08:34:16,2800.0,2820.25,Call VEX 3,VEX,0.0,,6525.0
2025-07-08 08:34:16,2800.0,2820.25,Put VEX 3,VEX,0.0,,6525.0
2025-07-08 08:34:16,3000.0,3021.75,Call CEX 4,CEX,0.0,,6525.0
2025-07-08 08:34:16,3000.0,3021.75,Put CEX 4,CEX,0.0,,6525.0
2025-07-08 08:34:16,3000.0,3021.75,Call VEX 4,VEX,0.0,,6525.0
2025-07-08 08:34:16,3000.0,3021.75,Put VEX 4,VEX,0.0,,6525.0
2025-07-08 08:34:16,3200.0,3223.0,Call CEX 5,CEX,0.0,,6525.0
2025-07-08 08:34:16,3200.0,3223.0,Put CEX 5,CEX,0.0,,6525.0
2025-07-08 08:34:16,3200.0,3223.0,Call VEX 5,VEX,0.0,,6525.0
2025-07-08 08:34:16,3200.0,3223.0,Put VEX 5,VEX,0.0,,6525.0
2025-07-08 08:34:16,5950.0,5993.0,Put DEX 5,DEX,-2.689,,6525.0
2025-07-08 08:34:16,6035.0,6078.5,Put DEX 2,DEX,-6.369,,6525.0
2025-07-08 08:34:16,6035.0,6078.5,Put GEX 4,GEX,-12767.422,,6525.0
2025-07-08 08:34:16,6050.0,6093.75,Put DEX 1,DEX,-6.902,,6525.0
2025-07-08 08:34:16,6050.0,6093.75,Put GEX 2,GEX,-15147.22,,6525.0
2025-07-08 08:34:16,6075.0,6118.75,Put DEX 4,DEX,-3.045,,6525.0
2025-07-08 08:34:16,6100.0,6144.0,Put DEX 3,DEX,-5.873,,6525.0
2025-07-08 08:34:16,6100.0,6144.0,Put GEX 1,GEX,-22159.393,,6525.0
2025-07-08 08:34:16,6125.0,6169.25,Call DEX 2,DEX,4.989,,6525.0
2025-07-08 08:34:16,6150.0,6194.5,Put GEX 5,GEX,-9443.46,,6525.0
2025-07-08 08:34:16,6200.0,6244.75,Put GEX 3,GEX,-14694.678,,6525.0
2025-07-08 08:34:16,6225.0,6270.0,Call GEX 5,GEX,13323.058,,6525.0
2025-07-08 08:34:16,6250.0,6295.0,Call GEX 4,GEX,14105.765,,6525.0
2025-07-08 08:34:16,6275.0,6320.25,Call DEX 1,DEX,21.117,,6525.0
2025-07-08 08:34:16,6275.0,6320.25,Call GEX 1,GEX,135781.322,,6525.0
2025-07-08 08:34:16,6285.0,6330.25,Call DEX 4,DEX,3.127,,6525.0
2025-07-08 08:34:16,6285.0,6330.25,Call GEX 2,GEX,18531.944,,6525.0
2025-07-08 08:34:16,6300.0,6345.5,Call GEX 3,GEX,16219.143,,6525.0
2025-07-08 08:34:16,6350.0,6395.75,Call DEX 3,DEX,3.248,,6525.0
2025-07-08 08:34:16,6400.0,6446.25,Call DEX 5,DEX,2.984,,6525.0
2025-07-08 08:35:56,2400.0,2417.75,Call CEX 1,CEX,0.0,,6525.0
2025-07-08 08:35:56,2400.0,2417.75,Put CEX 1,CEX,0.0,,6525.0
2025-07-08 08:35:56,2400.0,2417.75,Call VEX 1,VEX,0.0,,6525.0
2025-07-08 08:35:56,2400.0,2417.75,Put VEX 1,VEX,0.0,,6525.0
2025-07-08 08:35:56,2600.0,2619.25,Call CEX 2,CEX,0.0,,6525.0
2025-07-08 08:35:56,2600.0,2619.25,Put CEX 2,CEX,0.0,,6525.0
2025-07-08 08:35:56,2600.0,2619.25,Call VEX 2,VEX,0.0,,6525.0
2025-07-08 08:35:56,2600.0,2619.25,Put VEX 2,VEX,0.0,,6525.0
2025-07-08 08:35:56,2800.0,2820.75,Call CEX 3,CEX,0.0,,6525.0
2025-07-08 08:35:56,2800.0,2820.75,Put CEX 3,CEX,0.0,,6525.0
2025-07-08 08:35:56,2800.0,2820.75,Call VEX 3,VEX,0.0,,6525.0
2025-07-08 08:35:56,2800.0,2820.75,Put VEX 3,VEX,0.0,,6525.0
2025-07-08 08:35:56,3000.0,3022.25,Call CEX 4,CEX,0.0,,6525.0
2025-07-08 08:35:56,3000.0,3022.25,Put CEX 4,CEX,0.0,,6525.0
2025-07-08 08:35:56,3000.0,3022.25,Call VEX 4,VEX,0.0,,6525.0
2025-07-08 08:35:56,3000.0,3022.25,Put VEX 4,VEX,0.0,,6525.0
2025-07-08 08:35:56,3200.0,3223.75,Call CEX 5,CEX,0.0,,6525.0
2025-07-08 08:35:56,3200.0,3223.75,Put CEX 5,CEX,0.0,,6525.0
2025-07-08 08:35:56,3200.0,3223.75,Call VEX 5,VEX,0.0,,6525.0
2025-07-08 08:35:56,3200.0,3223.75,Put VEX 5,VEX,0.0,,6525.0
2025-07-08 08:35:56,5950.0,5994.0,Put DEX 5,DEX,-2.688,,6525.0
2025-07-08 08:35:56,6035.0,6079.75,Put DEX 2,DEX,-6.37,,6525.0
2025-07-08 08:35:56,6035.0,6079.75,Put GEX 3,GEX,-12686.031,,6525.0
2025-07-08 08:35:56,6050.0,6094.75,Put DEX 1,DEX,-6.9,,6525.0
2025-07-08 08:35:56,6050.0,6094.75,Put GEX 2,GEX,-15043.907,,6525.0
2025-07-08 08:35:56,6075.0,6120.0,Put DEX 4,DEX,-3.041,,6525.0
2025-07-08 08:35:56,6100.0,6145.25,Put DEX 3,DEX,-5.84,,6525.0
2025-07-08 08:35:56,6100.0,6145.25,Put GEX 1,GEX,-21793.279,,6525.0
2025-07-08 08:35:56,6125.0,6170.25,Call DEX 2,DEX,5.115,,6525.0
2025-07-08 08:35:56,6150.0,6195.5,Put GEX 5,GEX,-9049.328,,6525.0
2025-07-08 08:35:56,6200.0,6246.0,Put GEX 4,GEX,-11661.941,,6525.0
2025-07-08 08:35:56,6225.0,6271.0,Call GEX 5,GEX,14793.806,,6525.0
2025-07-08 08:35:56,6250.0,6296.25,Call GEX 4,GEX,15391.115,,6525.0
2025-07-08 08:35:56,6275.0,6321.5,Call DEX 1,DEX,21.141,,6525.0
2025-07-08 08:35:56,6275.0,6321.5,Call GEX 1,GEX,139289.485,,6525.0
2025-07-08 08:35:56,6285.0,6331.5,Call DEX 4,DEX,3.134,,6525.0
2025-07-08 08:35:56,6285.0,6331.5,Call GEX 2,GEX,18940.044,,6525.0
2025-07-08 08:35:56,6300.0,6346.75,Call GEX 3,GEX,16997.741,,6525.0
2025-07-08 08:35:56,6350.0,6397.0,Call DEX 3,DEX,3.155,,6525.0
2025-07-08 08:35:56,6400.0,6447.25,Call DEX 5,DEX,2.976,,6525.0
2025-07-08 08:37:36,2400.0,2417.75,Call CEX 1,CEX,0.0,,6800.0
2025-07-08 08:37:36,2400.0,2417.75,Put CEX 1,CEX,0.0,,6800.0
2025-07-08 08:37:36,2400.0,2417.75,Call VEX 1,VEX,0.0,,6800.0
2025-07-08 08:37:36,2400.0,2417.75,Put VEX 1,VEX,0.0,,6800.0
2025-07-08 08:37:36,2600.0,2619.25,Call CEX 2,CEX,0.0,,6800.0
2025-07-08 08:37:36,2600.0,2619.25,Put CEX 2,CEX,0.0,,6800.0
2025-07-08 08:37:36,2600.0,2619.25,Call VEX 2,VEX,0.0,,6800.0
2025-07-08 08:37:36,2600.0,2619.25,Put VEX 2,VEX,0.0,,6800.0
2025-07-08 08:37:36,2800.0,2820.75,Call CEX 3,CEX,0.0,,6800.0
2025-07-08 08:37:36,2800.0,2820.75,Put CEX 3,CEX,0.0,,6800.0
2025-07-08 08:37:36,2800.0,2820.75,Call VEX 3,VEX,0.0,,6800.0
2025-07-08 08:37:36,2800.0,2820.75,Put VEX 3,VEX,0.0,,6800.0
2025-07-08 08:37:36,3000.0,3022.25,Call CEX 4,CEX,0.0,,6800.0
2025-07-08 08:37:36,3000.0,3022.25,Put CEX 4,CEX,0.0,,6800.0
2025-07-08 08:37:36,3000.0,3022.25,Call VEX 4,VEX,0.0,,6800.0
2025-07-08 08:37:36,3000.0,3022.25,Put VEX 4,VEX,0.0,,6800.0
2025-07-08 08:37:36,3200.0,3223.5,Call CEX 5,CEX,0.0,,6800.0
2025-07-08 08:37:36,3200.0,3223.5,Put CEX 5,CEX,0.0,,6800.0
2025-07-08 08:37:36,3200.0,3223.5,Call VEX 5,VEX,0.0,,6800.0
2025-07-08 08:37:36,3200.0,3223.5,Put VEX 5,VEX,0.0,,6800.0
2025-07-08 08:37:36,5950.0,5994.0,Put DEX 5,DEX,-2.688,,6800.0
2025-07-08 08:37:36,6035.0,6079.5,Put DEX 2,DEX,-6.369,,6800.0
2025-07-08 08:37:36,6035.0,6079.5,Put GEX 4,GEX,-12636.523,,6800.0
2025-07-08 08:37:36,6050.0,6094.75,Put DEX 1,DEX,-6.901,,6800.0
2025-07-08 08:37:36,6050.0,6094.75,Put GEX 2,GEX,-14976.933,,6800.0
2025-07-08 08:37:36,6075.0,6119.75,Put DEX 4,DEX,-3.039,,6800.0
2025-07-08 08:37:36,6100.0,6145.0,Put DEX 3,DEX,-5.852,,6800.0
2025-07-08 08:37:36,6100.0,6145.0,Put GEX 1,GEX,-21744.962,,6800.0
2025-07-08 08:37:36,6125.0,6170.25,Call DEX 2,DEX,5.04,,6800.0
2025-07-08 08:37:36,6150.0,6195.25,Put GEX 5,GEX,-9150.823,,6800.0
2025-07-08 08:37:36,6200.0,6245.75,Put GEX 3,GEX,-13061.237,,6800.0
2025-07-08 08:37:36,6225.0,6271.0,Call GEX 5,GEX,14299.666,,6800.0
2025-07-08 08:37:36,6250.0,6296.0,Call GEX 4,GEX,15141.448,,6800.0
2025-07-08 08:37:36,6275.0,6321.25,Call DEX 1,DEX,21.201,,6800.0
2025-07-08 08:37:36,6275.0,6321.25,Call GEX 1,GEX,140780.925,,6800.0
2025-07-08 08:37:36,6285.0,6331.25,Call DEX 4,DEX,3.135,,6800.0
2025-07-08 08:37:36,6285.0,6331.25,Call GEX 2,GEX,19156.279,,6800.0
2025-07-08 08:37:36,6300.0,6346.5,Call GEX 3,GEX,16987.471,,6800.0
2025-07-08 08:37:36,6350.0,6396.75,Call DEX 3,DEX,3.156,,6800.0
2025-07-08 08:37:36,6400.0,6447.25,Call DEX 5,DEX,2.977,,6800.0
2025-07-08 08:39:16,2400.0,2417.5,Call CEX 1,CEX,0.0,,6800.0
2025-07-08 08:39:16,2400.0,2417.5,Put CEX 1,CEX,0.0,,6800.0
2025-07-08 08:39:16,2400.0,2417.5,Call VEX 1,VEX,0.0,,6800.0
2025-07-08 08:39:16,2400.0,2417.5,Put VEX 1,VEX,0.0,,6800.0
2025-07-08 08:39:16,2600.0,2619.0,Call CEX 2,CEX,0.0,,6800.0
2025-07-08 08:39:16,2600.0,2619.0,Put CEX 2,CEX,0.0,,6800.0
2025-07-08 08:39:16,2600.0,2619.0,Call VEX 2,VEX,0.0,,6800.0
2025-07-08 08:39:16,2600.0,2619.0,Put VEX 2,VEX,0.0,,6800.0
2025-07-08 08:39:16,2800.0,2820.5,Call CEX 3,CEX,0.0,,6800.0
2025-07-08 08:39:16,2800.0,2820.5,Put CEX 3,CEX,0.0,,6800.0
2025-07-08 08:39:16,2800.0,2820.5,Call VEX 3,VEX,0.0,,6800.0
2025-07-08 08:39:16,2800.0,2820.5,Put VEX 3,VEX,0.0,,6800.0
2025-07-08 08:39:16,3000.0,3021.75,Call CEX 4,CEX,0.0,,6800.0
2025-07-08 08:39:16,3000.0,3021.75,Put CEX 4,CEX,0.0,,6800.0
2025-07-08 08:39:16,3000.0,3021.75,Call VEX 4,VEX,0.0,,6800.0
2025-07-08 08:39:16,3000.0,3021.75,Put VEX 4,VEX,0.0,,6800.0
2025-07-08 08:39:16,3200.0,3223.25,Call CEX 5,CEX,0.0,,6800.0
2025-07-08 08:39:16,3200.0,3223.25,Put CEX 5,CEX,0.0,,6800.0
2025-07-08 08:39:16,3200.0,3223.25,Call VEX 5,VEX,0.0,,6800.0
2025-07-08 08:39:16,3200.0,3223.25,Put VEX 5,VEX,0.0,,6800.0
2025-07-08 08:39:16,6000.0,6043.75,Put DEX 4,DEX,-4.644,,6800.0
2025-07-08 08:39:16,6035.0,6079.0,Put DEX 3,DEX,-6.427,,6800.0
2025-07-08 08:39:16,6035.0,6079.0,Put GEX 3,GEX,-12606.139,,6800.0
2025-07-08 08:39:16,6050.0,6094.0,Put DEX 2,DEX,-7.083,,6800.0
2025-07-08 08:39:16,6050.0,6094.0,Put GEX 2,GEX,-15060.283,,6800.0
2025-07-08 08:39:16,6075.0,6119.25,Put DEX 5,DEX,-3.583,,6800.0
2025-07-08 08:39:16,6075.0,6119.25,Put GEX 5,GEX,-8846.439,,6800.0
2025-07-08 08:39:16,6100.0,6144.5,Put DEX 1,DEX,-8.922,,6800.0
2025-07-08 08:39:16,6100.0,6144.5,Put GEX 1,GEX,-26159.37,,6800.0
2025-07-08 08:39:16,6125.0,6169.5,Call DEX 2,DEX,5.147,,6800.0
2025-07-08 08:39:16,6200.0,6245.25,Put GEX 4,GEX,-9479.105,,6800.0
2025-07-08 08:39:16,6225.0,6270.25,Call GEX 5,GEX,16301.357,,6800.0
2025-07-08 08:39:16,6250.0,6295.5,Call GEX 4,GEX,16821.782,,6800.0
2025-07-08 08:39:16,6275.0,6320.75,Call DEX 1,DEX,21.196,,6800.0
2025-07-08 08:39:16,6275.0,6320.75,Call GEX 1,GEX,145389.288,,6800.0
2025-07-08 08:39:16,6285.0,6330.75,Call DEX 4,DEX,3.137,,6800.0
2025-07-08 08:39:16,6285.0,6330.75,Call GEX 2,GEX,19690.684,,6800.0
2025-07-08 08:39:16,6300.0,6345.75,Call GEX 3,GEX,17998.116,,6800.0
2025-07-08 08:39:16,6350.0,6396.25,Call DEX 3,DEX,3.157,,6800.0
2025-07-08 08:39:16,6400.0,6446.5,Call DEX 5,DEX,2.977,,6800.0
2025-07-08 08:40:56,2400.0,2417.5,Call CEX 1,CEX,0.0,,6800.0
2025-07-08 08:40:56,2400.0,2417.5,Put CEX 1,CEX,0.0,,6800.0
2025-07-08 08:40:56,2400.0,2417.5,Call VEX 1,VEX,0.0,,6800.0
2025-07-08 08:40:56,2400.0,2417.5,Put VEX 1,VEX,0.0,,6800.0
2025-07-08 08:40:56,2600.0,2619.0,Call CEX 2,CEX,0.0,,6800.0
2025-07-08 08:40:56,2600.0,2619.0,Put CEX 2,CEX,0.0,,6800.0
2025-07-08 08:40:56,2600.0,2619.0,Call VEX 2,VEX,0.0,,6800.0
2025-07-08 08:40:56,2600.0,2619.0,Put VEX 2,VEX,0.0,,6800.0
2025-07-08 08:40:56,2800.0,2820.25,Call CEX 3,CEX,0.0,,6800.0
2025-07-08 08:40:56,2800.0,2820.25,Put CEX 3,CEX,0.0,,6800.0
2025-07-08 08:40:56,2800.0,2820.25,Call VEX 3,VEX,0.0,,6800.0
2025-07-08 08:40:56,2800.0,2820.25,Put VEX 3,VEX,0.0,,6800.0
2025-07-08 08:40:56,3000.0,3021.75,Call CEX 4,CEX,0.0,,6800.0
2025-07-08 08:40:56,3000.0,3021.75,Put CEX 4,CEX,0.0,,6800.0
2025-07-08 08:40:56,3000.0,3021.75,Call VEX 4,VEX,0.0,,6800.0
2025-07-08 08:40:56,3000.0,3021.75,Put VEX 4,VEX,0.0,,6800.0
2025-07-08 08:40:56,3200.0,3223.25,Call CEX 5,CEX,0.0,,6800.0
2025-07-08 08:40:56,3200.0,3223.25,Put CEX 5,CEX,0.0,,6800.0
2025-07-08 08:40:56,3200.0,3223.25,Call VEX 5,VEX,0.0,,6800.0
2025-07-08 08:40:56,3200.0,3223.25,Put VEX 5,VEX,0.0,,6800.0
2025-07-08 08:40:56,5950.0,5993.25,Put DEX 5,DEX,-2.689,,6800.0
2025-07-08 08:40:56,6035.0,6079.0,Put DEX 2,DEX,-6.37,,6800.0
2025-07-08 08:40:56,6035.0,6079.0,Put GEX 4,GEX,-12525.982,,6800.0
2025-07-08 08:40:56,6050.0,6094.0,Put DEX 1,DEX,-6.901,,6800.0
2025-07-08 08:40:56,6050.0,6094.0,Put GEX 2,GEX,-14834.264,,6800.0
2025-07-08 08:40:56,6075.0,6119.25,Put DEX 4,DEX,-3.042,,6800.0
2025-07-08 08:40:56,6100.0,6144.25,Put DEX 3,DEX,-5.842,,6800.0
2025-07-08 08:40:56,6100.0,6144.25,Put GEX 1,GEX,-21464.646,,6800.0
2025-07-08 08:40:56,6125.0,6169.5,Call DEX 2,DEX,5.054,,6800.0
2025-07-08 08:40:56,6150.0,6194.75,Put GEX 5,GEX,-8990.158,,6800.0
2025-07-08 08:40:56,6200.0,6245.0,Put GEX 3,GEX,-12792.119,,6800.0
2025-07-08 08:40:56,6225.0,6270.25,Call GEX 5,GEX,14336.113,,6800.0
2025-07-08 08:40:56,6250.0,6295.5,Call GEX 4,GEX,15498.499,,6800.0
2025-07-08 08:40:56,6275.0,6320.75,Call DEX 1,DEX,21.296,,6800.0
2025-07-08 08:40:56,6275.0,6320.75,Call GEX 1,GEX,144875.238,,6800.0
2025-07-08 08:40:56,6285.0,6330.75,Call DEX 4,DEX,3.145,,6800.0
2025-07-08 08:40:56,6285.0,6330.75,Call GEX 2,GEX,19664.363,,6800.0
2025-07-08 08:40:56,6300.0,6345.75,Call GEX 3,GEX,17355.853,,6800.0
2025-07-08 08:40:56,6350.0,6396.25,Call DEX 3,DEX,3.156,,6800.0
2025-07-08 08:40:56,6400.0,6446.5,Call DEX 5,DEX,2.977,,6800.0
2025-07-08 08:42:36,2400.0,2417.5,Call CEX 1,CEX,0.0,,6800.0
2025-07-08 08:42:36,2400.0,2417.5,Put CEX 1,CEX,0.0,,6800.0
2025-07-08 08:42:36,2400.0,2417.5,Call VEX 1,VEX,0.0,,6800.0
2025-07-08 08:42:36,2400.0,2417.5,Put VEX 1,VEX,0.0,,6800.0
2025-07-08 08:42:36,2600.0,2618.75,Call CEX 2,CEX,0.0,,6800.0
2025-07-08 08:42:36,2600.0,2618.75,Put CEX 2,CEX,0.0,,6800.0
2025-07-08 08:42:36,2600.0,2618.75,Call VEX 2,VEX,0.0,,6800.0
2025-07-08 08:42:36,2600.0,2618.75,Put VEX 2,VEX,0.0,,6800.0
2025-07-08 08:42:36,2800.0,2820.25,Call CEX 3,CEX,0.0,,6800.0
2025-07-08 08:42:36,2800.0,2820.25,Put CEX 3,CEX,0.0,,6800.0
2025-07-08 08:42:36,2800.0,2820.25,Call VEX 3,VEX,0.0,,6800.0
2025-07-08 08:42:36,2800.0,2820.25,Put VEX 3,VEX,0.0,,6800.0
2025-07-08 08:42:36,3000.0,3021.75,Call CEX 4,CEX,0.0,,6800.0
2025-07-08 08:42:36,3000.0,3021.75,Put CEX 4,CEX,0.0,,6800.0
2025-07-08 08:42:36,3000.0,3021.75,Call VEX 4,VEX,0.0,,6800.0
2025-07-08 08:42:36,3000.0,3021.75,Put VEX 4,VEX,0.0,,6800.0
2025-07-08 08:42:36,3200.0,3223.25,Call CEX 5,CEX,0.0,,6800.0
2025-07-08 08:42:36,3200.0,3223.25,Put CEX 5,CEX,0.0,,6800.0
2025-07-08 08:42:36,3200.0,3223.25,Call VEX 5,VEX,0.0,,6800.0
2025-07-08 08:42:36,3200.0,3223.25,Put VEX 5,VEX,0.0,,6800.0
2025-07-08 08:42:36,5950.0,5993.0,Put DEX 5,DEX,-3.042,,6800.0
2025-07-08 08:42:36,6000.0,6043.5,Put DEX 4,DEX,-4.644,,6800.0
2025-07-08 08:42:36,6035.0,6078.75,Put DEX 2,DEX,-6.428,,6800.0
2025-07-08 08:42:36,6035.0,6078.75,Put GEX 3,GEX,-12565.395,,6800.0
2025-07-08 08:42:36,6050.0,6093.75,Put DEX 1,DEX,-7.084,,6800.0
2025-07-08 08:42:36,6050.0,6093.75,Put GEX 2,GEX,-15007.44,,6800.0
2025-07-08 08:42:36,6100.0,6144.25,Put DEX 3,DEX,-5.818,,6800.0
2025-07-08 08:42:36,6100.0,6144.25,Put GEX 1,GEX,-21306.573,,6800.0
2025-07-08 08:42:36,6125.0,6169.5,Call DEX 2,DEX,5.127,,6800.0
2025-07-08 08:42:36,6150.0,6194.5,Put GEX 5,GEX,-8792.423,,6800.0
2025-07-08 08:42:36,6200.0,6245.0,Put GEX 4,GEX,-10282.582,,6800.0
2025-07-08 08:42:36,6225.0,6270.0,Call GEX 5,GEX,15855.731,,6800.0
2025-07-08 08:42:36,6250.0,6295.25,Call GEX 4,GEX,16656.605,,6800.0
2025-07-08 08:42:36,6275.0,6320.5,Call DEX 1,DEX,21.246,,6800.0
2025-07-08 08:42:36,6275.0,6320.5,Call GEX 1,GEX,146702.758,,6800.0
2025-07-08 08:42:36,6285.0,6330.5,Call DEX 4,DEX,3.142,,6800.0
2025-07-08 08:42:36,6285.0,6330.5,Call GEX 2,GEX,19858.94,,6800.0
2025-07-08 08:42:36,6300.0,6345.75,Call GEX 3,GEX,17951.728,,6800.0
2025-07-08 08:42:36,6350.0,6396.0,Call DEX 3,DEX,3.157,,6800.0
2025-07-08 08:42:36,6400.0,6446.25,Call DEX 5,DEX,2.977,,6800.0
2025-07-08 08:44:15,2400.0,2417.5,Call CEX 1,CEX,0.0,,6525.0
2025-07-08 08:44:15,2400.0,2417.5,Put CEX 1,CEX,0.0,,6525.0
2025-07-08 08:44:15,2400.0,2417.5,Call VEX 1,VEX,0.0,,6525.0
2025-07-08 08:44:15,2400.0,2417.5,Put VEX 1,VEX,0.0,,6525.0
2025-07-08 08:44:15,2600.0,2619.0,Call CEX 2,CEX,0.0,,6525.0
2025-07-08 08:44:15,2600.0,2619.0,Put CEX 2,CEX,0.0,,6525.0
2025-07-08 08:44:15,2600.0,2619.0,Call VEX 2,VEX,0.0,,6525.0
2025-07-08 08:44:15,2600.0,2619.0,Put VEX 2,VEX,0.0,,6525.0
2025-07-08 08:44:15,2800.0,2820.5,Call CEX 3,CEX,0.0,,6525.0
2025-07-08 08:44:15,2800.0,2820.5,Put CEX 3,CEX,0.0,,6525.0
2025-07-08 08:44:15,2800.0,2820.5,Call VEX 3,VEX,0.0,,6525.0
2025-07-08 08:44:15,2800.0,2820.5,Put VEX 3,VEX,0.0,,6525.0
2025-07-08 08:44:15,3000.0,3021.75,Call CEX 4,CEX,0.0,,6525.0
2025-07-08 08:44:15,3000.0,3021.75,Put CEX 4,CEX,0.0,,6525.0
2025-07-08 08:44:15,3000.0,3021.75,Call VEX 4,VEX,0.0,,6525.0
2025-07-08 08:44:15,3000.0,3021.75,Put VEX 4,VEX,0.0,,6525.0
2025-07-08 08:44:15,3200.0,3223.25,Call CEX 5,CEX,0.0,,6525.0
2025-07-08 08:44:15,3200.0,3223.25,Put CEX 5,CEX,0.0,,6525.0
2025-07-08 08:44:15,3200.0,3223.25,Call VEX 5,VEX,0.0,,6525.0
2025-07-08 08:44:15,3200.0,3223.25,Put VEX 5,VEX,0.0,,6525.0
2025-07-08 08:44:15,5950.0,5993.25,Put DEX 5,DEX,-2.69,,6525.0
2025-07-08 08:44:15,6035.0,6079.0,Put DEX 2,DEX,-6.369,,6525.0
2025-07-08 08:44:15,6035.0,6079.0,Put GEX 4,GEX,-12544.704,,6525.0
2025-07-08 08:44:15,6050.0,6094.0,Put DEX 1,DEX,-6.902,,6525.0
2025-07-08 08:44:15,6050.0,6094.0,Put GEX 2,GEX,-14859.483,,6525.0
2025-07-08 08:44:15,6075.0,6119.25,Put DEX 4,DEX,-3.043,,6525.0
2025-07-08 08:44:15,6100.0,6144.5,Put DEX 3,DEX,-5.853,,6525.0
2025-07-08 08:44:15,6100.0,6144.5,Put GEX 1,GEX,-21557.719,,6525.0
2025-07-08 08:44:15,6125.0,6169.75,Call DEX 2,DEX,5.036,,6525.0
2025-07-08 08:44:15,6150.0,6194.75,Put GEX 5,GEX,-9065.387,,6525.0
2025-07-08 08:44:15,6200.0,6245.25,Put GEX 3,GEX,-13530.643,,6525.0
2025-07-08 08:44:15,6225.0,6270.25,Call GEX 5,GEX,14133.46,,6525.0
2025-07-08 08:44:15,6250.0,6295.5,Call GEX 4,GEX,15259.553,,6525.0
2025-07-08 08:44:15,6275.0,6320.75,Call DEX 1,DEX,21.285,,6525.0
2025-07-08 08:44:15,6275.0,6320.75,Call GEX 1,GEX,144042.563,,6525.0
2025-07-08 08:44:15,6285.0,6330.75,Call DEX 4,DEX,3.142,,6525.0
2025-07-08 08:44:15,6285.0,6330.75,Call GEX 2,GEX,19579.064,,6525.0
2025-07-08 08:44:15,6300.0,6346.0,Call GEX 3,GEX,17038.249,,6525.0
2025-07-08 08:44:15,6350.0,6396.25,Call DEX 3,DEX,3.249,,6525.0
2025-07-08 08:44:15,6400.0,6446.75,Call DEX 5,DEX,2.985,,6525.0
2025-07-08 08:45:54,2400.0,2417.5,Call CEX 1,CEX,0.0,,6800.0
2025-07-08 08:45:54,2400.0,2417.5,Put CEX 1,CEX,0.0,,6800.0
2025-07-08 08:45:54,2400.0,2417.5,Call VEX 1,VEX,0.0,,6800.0
2025-07-08 08:45:54,2400.0,2417.5,Put VEX 1,VEX,0.0,,6800.0
2025-07-08 08:45:54,2600.0,2619.0,Call CEX 2,CEX,0.0,,6800.0
2025-07-08 08:45:54,2600.0,2619.0,Put CEX 2,CEX,0.0,,6800.0
2025-07-08 08:45:54,2600.0,2619.0,Call VEX 2,VEX,0.0,,6800.0
2025-07-08 08:45:54,2600.0,2619.0,Put VEX 2,VEX,0.0,,6800.0
2025-07-08 08:45:54,2800.0,2820.5,Call CEX 3,CEX,0.0,,6800.0
2025-07-08 08:45:54,2800.0,2820.5,Put CEX 3,CEX,0.0,,6800.0
2025-07-08 08:45:54,2800.0,2820.5,Call VEX 3,VEX,0.0,,6800.0
2025-07-08 08:45:54,2800.0,2820.5,Put VEX 3,VEX,0.0,,6800.0
2025-07-08 08:45:54,3000.0,3022.0,Call CEX 4,CEX,0.0,,6800.0
2025-07-08 08:45:54,3000.0,3022.0,Put CEX 4,CEX,0.0,,6800.0
2025-07-08 08:45:54,3000.0,3022.0,Call VEX 4,VEX,0.0,,6800.0
2025-07-08 08:45:54,3000.0,3022.0,Put VEX 4,VEX,0.0,,6800.0
2025-07-08 08:45:54,3200.0,3223.5,Call CEX 5,CEX,0.0,,6800.0
2025-07-08 08:45:54,3200.0,3223.5,Put CEX 5,CEX,0.0,,6800.0
2025-07-08 08:45:54,3200.0,3223.5,Call VEX 5,VEX,0.0,,6800.0
2025-07-08 08:45:54,3200.0,3223.5,Put VEX 5,VEX,0.0,,6800.0
2025-07-08 08:45:54,5950.0,5993.75,Put DEX 5,DEX,-2.688,,6800.0
2025-07-08 08:45:54,6035.0,6079.25,Put DEX 2,DEX,-6.37,,6800.0
2025-07-08 08:45:54,6035.0,6079.25,Put GEX 3,GEX,-12482.037,,6800.0
2025-07-08 08:45:54,6050.0,6094.5,Put DEX 1,DEX,-6.901,,6800.0
2025-07-08 08:45:54,6050.0,6094.5,Put GEX 2,GEX,-14776.785,,6800.0
2025-07-08 08:45:54,6075.0,6119.5,Put DEX 4,DEX,-3.04,,6800.0
2025-07-08 08:45:54,6100.0,6144.75,Put DEX 3,DEX,-5.828,,6800.0
2025-07-08 08:45:54,6100.0,6144.75,Put GEX 1,GEX,-21280.327,,6800.0
2025-07-08 08:45:54,6125.0,6170.0,Call DEX 2,DEX,5.106,,6800.0
2025-07-08 08:45:54,6150.0,6195.25,Put GEX 5,GEX,-8801.445,,6800.0
2025-07-08 08:45:54,6200.0,6245.5,Put GEX 4,GEX,-10996.56,,6800.0
2025-07-08 08:45:54,6225.0,6270.75,Call GEX 5,GEX,15412.887,,6800.0
2025-07-08 08:45:54,6250.0,6296.0,Call GEX 4,GEX,16380.667,,6800.0
2025-07-08 08:45:54,6275.0,6321.0,Call DEX 1,DEX,21.323,,6800.0
2025-07-08 08:45:54,6275.0,6321.0,Call GEX 1,GEX,146897.718,,6800.0
2025-07-08 08:45:54,6285.0,6331.25,Call DEX 4,DEX,3.147,,6800.0
2025-07-08 08:45:54,6285.0,6331.25,Call GEX 2,GEX,19933.96,,6800.0
2025-07-08 08:45:54,6300.0,6346.25,Call GEX 3,GEX,17884.746,,6800.0
2025-07-08 08:45:54,6350.0,6396.5,Call DEX 3,DEX,3.156,,6800.0
2025-07-08 08:45:54,6400.0,6447.0,Call DEX 5,DEX,2.977,,6800.0
2025-07-08 08:47:34,2400.0,2417.5,Call CEX 1,CEX,0.0,,6525.0
2025-07-08 08:47:34,2400.0,2417.5,Put CEX 1,CEX,0.0,,6525.0
2025-07-08 08:47:34,2400.0,2417.5,Call VEX 1,VEX,0.0,,6525.0
2025-07-08 08:47:34,2400.0,2417.5,Put VEX 1,VEX,0.0,,6525.0
2025-07-08 08:47:34,2600.0,2619.0,Call CEX 2,CEX,0.0,,6525.0
2025-07-08 08:47:34,2600.0,2619.0,Put CEX 2,CEX,0.0,,6525.0
2025-07-08 08:47:34,2600.0,2619.0,Call VEX 2,VEX,0.0,,6525.0
2025-07-08 08:47:34,2600.0,2619.0,Put VEX 2,VEX,0.0,,6525.0
2025-07-08 08:47:34,2800.0,2820.25,Call CEX 3,CEX,0.0,,6525.0
2025-07-08 08:47:34,2800.0,2820.25,Put CEX 3,CEX,0.0,,6525.0
2025-07-08 08:47:34,2800.0,2820.25,Call VEX 3,VEX,0.0,,6525.0
2025-07-08 08:47:34,2800.0,2820.25,Put VEX 3,VEX,0.0,,6525.0
2025-07-08 08:47:34,3000.0,3021.75,Call CEX 4,CEX,0.0,,6525.0
2025-07-08 08:47:34,3000.0,3021.75,Put CEX 4,CEX,0.0,,6525.0
2025-07-08 08:47:34,3000.0,3021.75,Call VEX 4,VEX,0.0,,6525.0
2025-07-08 08:47:34,3000.0,3021.75,Put VEX 4,VEX,0.0,,6525.0
2025-07-08 08:47:34,3200.0,3223.25,Call CEX 5,CEX,0.0,,6525.0
2025-07-08 08:47:34,3200.0,3223.25,Put CEX 5,CEX,0.0,,6525.0
2025-07-08 08:47:34,3200.0,3223.25,Call VEX 5,VEX,0.0,,6525.0
2025-07-08 08:47:34,3200.0,3223.25,Put VEX 5,VEX,0.0,,6525.0
2025-07-08 08:47:34,5950.0,5993.25,Put DEX 5,DEX,-2.691,,6525.0
2025-07-08 08:47:34,6035.0,6078.75,Put DEX 2,DEX,-6.371,,6525.0
2025-07-08 08:47:34,6035.0,6078.75,Put GEX 4,GEX,-12489.433,,6525.0
2025-07-08 08:47:34,6050.0,6094.0,Put DEX 1,DEX,-6.904,,6525.0
2025-07-08 08:47:34,6050.0,6094.0,Put GEX 3,GEX,-14790.881,,6525.0
2025-07-08 08:47:34,6075.0,6119.25,Put DEX 4,DEX,-3.045,,6525.0
2025-07-08 08:47:34,6100.0,6144.25,Put DEX 3,DEX,-5.869,,6525.0
2025-07-08 08:47:34,6100.0,6144.25,Put GEX 1,GEX,-21529.938,,6525.0
2025-07-08 08:47:34,6125.0,6169.5,Call DEX 3,DEX,4.979,,6525.0
2025-07-08 08:47:34,6150.0,6194.75,Put GEX 5,GEX,-9159.154,,6525.0
2025-07-08 08:47:34,6200.0,6245.0,Put GEX 2,GEX,-15854.698,,6525.0
2025-07-08 08:47:34,6225.0,6270.25,Call GEX 5,GEX,12559.383,,6525.0
2025-07-08 08:47:34,6250.0,6295.5,Call GEX 4,GEX,14184.533,,6525.0
2025-07-08 08:47:34,6275.0,6320.5,Call DEX 1,DEX,21.431,,6525.0
2025-07-08 08:47:34,6275.0,6320.5,Call GEX 1,GEX,144562.335,,6525.0
2025-07-08 08:47:34,6285.0,6330.75,Call DEX 5,DEX,3.156,,6525.0
2025-07-08 08:47:34,6285.0,6330.75,Call GEX 3,GEX,19697.207,,6525.0
2025-07-08 08:47:34,6300.0,6345.75,Call DEX 2,DEX,5.866,,6525.0
2025-07-08 08:47:34,6300.0,6345.75,Call GEX 2,GEX,30536.956,,6525.0
2025-07-08 08:47:34,6350.0,6396.0,Call DEX 4,DEX,3.25,,6525.0
2025-07-08 08:49:15,2400.0,2417.25,Call CEX 1,CEX,0.0,,6800.0
2025-07-08 08:49:15,2400.0,2417.25,Put CEX 1,CEX,0.0,,6800.0
2025-07-08 08:49:15,2400.0,2417.25,Call VEX 1,VEX,0.0,,6800.0
2025-07-08 08:49:15,2400.0,2417.25,Put VEX 1,VEX,0.0,,6800.0
2025-07-08 08:49:15,2600.0,2618.75,Call CEX 2,CEX,0.0,,6800.0
2025-07-08 08:49:15,2600.0,2618.75,Put CEX 2,CEX,0.0,,6800.0
2025-07-08 08:49:15,2600.0,2618.75,Call VEX 2,VEX,0.0,,6800.0
2025-07-08 08:49:15,2600.0,2618.75,Put VEX 2,VEX,0.0,,6800.0
2025-07-08 08:49:15,2800.0,2820.0,Call CEX 3,CEX,0.0,,6800.0
2025-07-08 08:49:15,2800.0,2820.0,Put CEX 3,CEX,0.0,,6800.0
2025-07-08 08:49:15,2800.0,2820.0,Call VEX 3,VEX,0.0,,6800.0
2025-07-08 08:49:15,2800.0,2820.0,Put VEX 3,VEX,0.0,,6800.0
2025-07-08 08:49:15,3000.0,3021.5,Call CEX 4,CEX,0.0,,6800.0
2025-07-08 08:49:15,3000.0,3021.5,Put CEX 4,CEX,0.0,,6800.0
2025-07-08 08:49:15,3000.0,3021.5,Call VEX 4,VEX,0.0,,6800.0
2025-07-08 08:49:15,3000.0,3021.5,Put VEX 4,VEX,0.0,,6800.0
2025-07-08 08:49:15,3200.0,3223.0,Call CEX 5,CEX,0.0,,6800.0
2025-07-08 08:49:15,3200.0,3223.0,Put CEX 5,CEX,0.0,,6800.0
2025-07-08 08:49:15,3200.0,3223.0,Call VEX 5,VEX,0.0,,6800.0
2025-07-08 08:49:15,3200.0,3223.0,Put VEX 5,VEX,0.0,,6800.0
2025-07-08 08:49:15,6025.0,6068.25,Put DEX 5,DEX,-2.231,,6800.0
2025-07-08 08:49:15,6035.0,6078.25,Put DEX 2,DEX,-6.371,,6800.0
2025-07-08 08:49:15,6035.0,6078.25,Put GEX 3,GEX,-12276.099,,6800.0
2025-07-08 08:49:15,6050.0,6093.5,Put DEX 1,DEX,-6.902,,6800.0
2025-07-08 08:49:15,6050.0,6093.5,Put GEX 2,GEX,-14512.045,,6800.0
2025-07-08 08:49:15,6075.0,6118.75,Put DEX 4,DEX,-3.038,,6800.0
2025-07-08 08:49:15,6100.0,6143.75,Put DEX 3,DEX,-5.81,,6800.0
2025-07-08 08:49:15,6100.0,6143.75,Put GEX 1,GEX,-20757.353,,6800.0
2025-07-08 08:49:15,6125.0,6169.0,Call DEX 2,DEX,5.136,,6800.0
2025-07-08 08:49:15,6150.0,6194.25,Put GEX 5,GEX,-8486.526,,6800.0
2025-07-08 08:49:15,6200.0,6244.5,Put GEX 4,GEX,-10321.651,,6800.0
2025-07-08 08:49:15,6225.0,6269.75,Call GEX 5,GEX,15551.355,,6800.0
2025-07-08 08:49:15,6250.0,6295.0,Call GEX 4,GEX,17055.927,,6800.0
2025-07-08 08:49:15,6275.0,6320.0,Call DEX 1,DEX,21.614,,6800.0
2025-07-08 08:49:15,6275.0,6320.0,Call GEX 1,GEX,154310.982,,6800.0
2025-07-08 08:49:15,6285.0,6330.25,Call DEX 3,DEX,3.175,,6800.0
2025-07-08 08:49:15,6285.0,6330.25,Call GEX 2,GEX,20937.807,,6800.0
2025-07-08 08:49:15,6300.0,6345.25,Call GEX 3,GEX,18810.776,,6800.0
2025-07-08 08:49:15,6350.0,6395.75,Call DEX 4,DEX,3.158,,6800.0
2025-07-08 08:49:15,6400.0,6446.0,Call DEX 5,DEX,2.978,,6800.0
2025-07-08 08:50:54,2400.0,2417.5,Call CEX 1,CEX,0.0,,6525.0
2025-07-08 08:50:54,2400.0,2417.5,Put CEX 1,CEX,0.0,,6525.0
2025-07-08 08:50:54,2400.0,2417.5,Call VEX 1,VEX,0.0,,6525.0
2025-07-08 08:50:54,2400.0,2417.5,Put VEX 1,VEX,0.0,,6525.0
2025-07-08 08:50:54,2600.0,2619.0,Call CEX 2,CEX,0.0,,6525.0
2025-07-08 08:50:54,2600.0,2619.0,Put CEX 2,CEX,0.0,,6525.0
2025-07-08 08:50:54,2600.0,2619.0,Call VEX 2,VEX,0.0,,6525.0
2025-07-08 08:50:54,2600.0,2619.0,Put VEX 2,VEX,0.0,,6525.0
2025-07-08 08:50:54,2800.0,2820.5,Call CEX 3,CEX,0.0,,6525.0
2025-07-08 08:50:54,2800.0,2820.5,Put CEX 3,CEX,0.0,,6525.0
2025-07-08 08:50:54,2800.0,2820.5,Call VEX 3,VEX,0.0,,6525.0
2025-07-08 08:50:54,2800.0,2820.5,Put VEX 3,VEX,0.0,,6525.0
2025-07-08 08:50:54,3000.0,3022.0,Call CEX 4,CEX,0.0,,6525.0
2025-07-08 08:50:54,3000.0,3022.0,Put CEX 4,CEX,0.0,,6525.0
2025-07-08 08:50:54,3000.0,3022.0,Call VEX 4,VEX,0.0,,6525.0
2025-07-08 08:50:54,3000.0,3022.0,Put VEX 4,VEX,0.0,,6525.0
2025-07-08 08:50:54,3200.0,3223.25,Call CEX 5,CEX,0.0,,6525.0
2025-07-08 08:50:54,3200.0,3223.25,Put CEX 5,CEX,0.0,,6525.0
2025-07-08 08:50:54,3200.0,3223.25,Call VEX 5,VEX,0.0,,6525.0
2025-07-08 08:50:54,3200.0,3223.25,Put VEX 5,VEX,0.0,,6525.0
2025-07-08 08:50:54,6025.0,6069.0,Put DEX 5,DEX,-2.231,,6525.0
2025-07-08 08:50:54,6035.0,6079.0,Put DEX 2,DEX,-6.371,,6525.0
2025-07-08 08:50:54,6035.0,6079.0,Put GEX 3,GEX,-12322.722,,6525.0
2025-07-08 08:50:54,6050.0,6094.25,Put DEX 1,DEX,-6.903,,6525.0
2025-07-08 08:50:54,6050.0,6094.25,Put GEX 2,GEX,-14573.762,,6525.0
2025-07-08 08:50:54,6075.0,6119.25,Put DEX 4,DEX,-3.041,,6525.0
2025-07-08 08:50:54,6100.0,6144.5,Put DEX 3,DEX,-5.834,,6525.0
2025-07-08 08:50:54,6100.0,6144.5,Put GEX 1,GEX,-20963.404,,6525.0
2025-07-08 08:50:54,6125.0,6169.75,Call DEX 2,DEX,5.07,,6525.0
2025-07-08 08:50:54,6150.0,6194.75,Put GEX 5,GEX,-8693.016,,6525.0
2025-07-08 08:50:54,6200.0,6245.25,Put GEX 4,GEX,-12320.176,,6525.0
2025-07-08 08:50:54,6225.0,6270.5,Call GEX 5,GEX,14401.963,,6525.0
2025-07-08 08:50:54,6250.0,6295.5,Call GEX 4,GEX,15999.821,,6525.0
2025-07-08 08:50:54,6275.0,6320.75,Call DEX 1,DEX,21.601,,6525.0
2025-07-08 08:50:54,6275.0,6320.75,Call GEX 1,GEX,151541.068,,6525.0
2025-07-08 08:50:54,6285.0,6330.75,Call DEX 3,DEX,3.173,,6525.0
2025-07-08 08:50:54,6285.0,6330.75,Call GEX 2,GEX,20614.38,,6525.0
2025-07-08 08:50:54,6300.0,6346.0,Call GEX 3,GEX,18063.035,,6525.0
2025-07-08 08:50:54,6350.0,6396.25,Call DEX 4,DEX,3.157,,6525.0
2025-07-08 08:50:54,6400.0,6446.75,Call DEX 5,DEX,2.978,,6525.0
2025-07-08 08:52:33,2400.0,2417.25,Call CEX 1,CEX,0.0,,6800.0
2025-07-08 08:52:33,2400.0,2417.25,Put CEX 1,CEX,0.0,,6800.0
2025-07-08 08:52:33,2400.0,2417.25,Call VEX 1,VEX,0.0,,6800.0
2025-07-08 08:52:33,2400.0,2417.25,Put VEX 1,VEX,0.0,,6800.0
2025-07-08 08:52:33,2600.0,2618.75,Call CEX 2,CEX,0.0,,6800.0
2025-07-08 08:52:33,2600.0,2618.75,Put CEX 2,CEX,0.0,,6800.0
2025-07-08 08:52:33,2600.0,2618.75,Call VEX 2,VEX,0.0,,6800.0
2025-07-08 08:52:33,2600.0,2618.75,Put VEX 2,VEX,0.0,,6800.0
2025-07-08 08:52:33,2800.0,2820.25,Call CEX 3,CEX,0.0,,6800.0
2025-07-08 08:52:33,2800.0,2820.25,Put CEX 3,CEX,0.0,,6800.0
2025-07-08 08:52:33,2800.0,2820.25,Call VEX 3,VEX,0.0,,6800.0
2025-07-08 08:52:33,2800.0,2820.25,Put VEX 3,VEX,0.0,,6800.0
2025-07-08 08:52:33,3000.0,3021.75,Call CEX 4,CEX,0.0,,6800.0
2025-07-08 08:52:33,3000.0,3021.75,Put CEX 4,CEX,0.0,,6800.0
2025-07-08 08:52:33,3000.0,3021.75,Call VEX 4,VEX,0.0,,6800.0
2025-07-08 08:52:33,3000.0,3021.75,Put VEX 4,VEX,0.0,,6800.0
2025-07-08 08:52:33,3200.0,3223.25,Call CEX 5,CEX,0.0,,6800.0
2025-07-08 08:52:33,3200.0,3223.25,Put CEX 5,CEX,0.0,,6800.0
2025-07-08 08:52:33,3200.0,3223.25,Call VEX 5,VEX,0.0,,6800.0
2025-07-08 08:52:33,3200.0,3223.25,Put VEX 5,VEX,0.0,,6800.0
2025-07-08 08:52:33,6000.0,6043.5,Put DEX 4,DEX,-4.646,,6800.0
2025-07-08 08:52:33,6035.0,6078.75,Put DEX 2,DEX,-6.372,,6800.0
2025-07-08 08:52:33,6035.0,6078.75,Put GEX 3,GEX,-12213.483,,6800.0
2025-07-08 08:52:33,6050.0,6093.75,Put DEX 1,DEX,-6.903,,6800.0
2025-07-08 08:52:33,6050.0,6093.75,Put GEX 2,GEX,-14431.904,,6800.0
2025-07-08 08:52:33,6075.0,6119.0,Put DEX 5,DEX,-3.037,,6800.0
2025-07-08 08:52:33,6100.0,6144.25,Put DEX 3,DEX,-5.808,,6800.0
2025-07-08 08:52:33,6100.0,6144.25,Put GEX 1,GEX,-20589.271,,6800.0
2025-07-08 08:52:33,6125.0,6169.25,Call DEX 2,DEX,5.142,,6800.0
2025-07-08 08:52:33,6150.0,6194.5,Put GEX 5,GEX,-8371.504,,6800.0
2025-07-08 08:52:33,6200.0,6244.75,Put GEX 4,GEX,-9747.462,,6800.0
2025-07-08 08:52:33,6225.0,6270.0,Call GEX 5,GEX,15786.671,,6800.0
2025-07-08 08:52:33,6250.0,6295.25,Call GEX 4,GEX,17462.989,,6800.0
2025-07-08 08:52:33,6275.0,6320.5,Call DEX 1,DEX,21.698,,6800.0
2025-07-08 08:52:33,6275.0,6320.5,Call GEX 1,GEX,156960.403,,6800.0
2025-07-08 08:52:33,6285.0,6330.5,Call DEX 3,DEX,3.185,,6800.0
2025-07-08 08:52:33,6285.0,6330.5,Call GEX 2,GEX,21275.595,,6800.0
2025-07-08 08:52:33,6300.0,6345.5,Call GEX 3,GEX,19184.947,,6800.0
2025-07-08 08:52:33,6350.0,6396.0,Call DEX 4,DEX,3.159,,6800.0
2025-07-08 08:52:33,6400.0,6446.25,Call DEX 5,DEX,2.978,,6800.0
2025-07-08 08:54:13,2400.0,2417.25,Call CEX 1,CEX,0.0,,6800.0
2025-07-08 08:54:13,2400.0,2417.25,Put CEX 1,CEX,0.0,,6800.0
2025-07-08 08:54:13,2400.0,2417.25,Call VEX 1,VEX,0.0,,6800.0
2025-07-08 08:54:13,2400.0,2417.25,Put VEX 1,VEX,0.0,,6800.0
2025-07-08 08:54:13,2600.0,2618.75,Call CEX 2,CEX,0.0,,6800.0
2025-07-08 08:54:13,2600.0,2618.75,Put CEX 2,CEX,0.0,,6800.0
2025-07-08 08:54:13,2600.0,2618.75,Call VEX 2,VEX,0.0,,6800.0
2025-07-08 08:54:13,2600.0,2618.75,Put VEX 2,VEX,0.0,,6800.0
2025-07-08 08:54:13,2800.0,2820.25,Call CEX 3,CEX,0.0,,6800.0
2025-07-08 08:54:13,2800.0,2820.25,Put CEX 3,CEX,0.0,,6800.0
2025-07-08 08:54:13,2800.0,2820.25,Call VEX 3,VEX,0.0,,6800.0
2025-07-08 08:54:13,2800.0,2820.25,Put VEX 3,VEX,0.0,,6800.0
2025-07-08 08:54:13,3000.0,3021.75,Call CEX 4,CEX,0.0,,6800.0
2025-07-08 08:54:13,3000.0,3021.75,Put CEX 4,CEX,0.0,,6800.0
2025-07-08 08:54:13,3000.0,3021.75,Call VEX 4,VEX,0.0,,6800.0
2025-07-08 08:54:13,3000.0,3021.75,Put VEX 4,VEX,0.0,,6800.0
2025-07-08 08:54:13,3200.0,3223.0,Call CEX 5,CEX,0.0,,6800.0
2025-07-08 08:54:13,3200.0,3223.0,Put CEX 5,CEX,0.0,,6800.0
2025-07-08 08:54:13,3200.0,3223.0,Call VEX 5,VEX,0.0,,6800.0
2025-07-08 08:54:13,3200.0,3223.0,Put VEX 5,VEX,0.0,,6800.0
2025-07-08 08:54:13,6025.0,6068.5,Put DEX 5,DEX,-2.231,,6800.0
2025-07-08 08:54:13,6035.0,6078.5,Put DEX 2,DEX,-6.372,,6800.0
2025-07-08 08:54:13,6035.0,6078.5,Put GEX 3,GEX,-12266.392,,6800.0
2025-07-08 08:54:13,6050.0,6093.75,Put DEX 1,DEX,-6.902,,6800.0
2025-07-08 08:54:13,6050.0,6093.75,Put GEX 2,GEX,-14500.369,,6800.0
2025-07-08 08:54:13,6075.0,6118.75,Put DEX 4,DEX,-3.039,,6800.0
2025-07-08 08:54:13,6100.0,6144.0,Put DEX 3,DEX,-5.82,,6800.0
2025-07-08 08:54:13,6100.0,6144.0,Put GEX 1,GEX,-20768.071,,6800.0
2025-07-08 08:54:13,6125.0,6169.25,Call DEX 2,DEX,5.113,,6800.0
2025-07-08 08:54:13,6150.0,6194.25,Put GEX 5,GEX,-8510.983,,6800.0
2025-07-08 08:54:13,6200.0,6244.75,Put GEX 4,GEX,-10899.569,,6800.0
2025-07-08 08:54:13,6225.0,6270.0,Call GEX 5,GEX,15054.18,,6800.0
2025-07-08 08:54:13,6250.0,6295.0,Call GEX 4,GEX,16686.949,,6800.0
2025-07-08 08:54:13,6275.0,6320.25,Call DEX 1,DEX,21.66,,6800.0
2025-07-08 08:54:13,6275.0,6320.25,Call GEX 1,GEX,154110.53,,6800.0
2025-07-08 08:54:13,6285.0,6330.25,Call DEX 3,DEX,3.181,,6800.0
2025-07-08 08:54:13,6285.0,6330.25,Call GEX 2,GEX,20930.326,,6800.0
2025-07-08 08:54:13,6300.0,6345.5,Call GEX 3,GEX,18692.345,,6800.0
2025-07-08 08:54:13,6350.0,6395.75,Call DEX 4,DEX,3.158,,6800.0
2025-07-08 08:54:13,6400.0,6446.25,Call DEX 5,DEX,2.978,,6800.0
2025-07-08 08:55:52,2400.0,2417.5,Call CEX 1,CEX,0.0,,6800.0
2025-07-08 08:55:52,2400.0,2417.5,Put CEX 1,CEX,0.0,,6800.0
2025-07-08 08:55:52,2400.0,2417.5,Call VEX 1,VEX,0.0,,6800.0
2025-07-08 08:55:52,2400.0,2417.5,Put VEX 1,VEX,0.0,,6800.0
2025-07-08 08:55:52,2600.0,2618.75,Call CEX 2,CEX,0.0,,6800.0
2025-07-08 08:55:52,2600.0,2618.75,Put CEX 2,CEX,0.0,,6800.0
2025-07-08 08:55:52,2600.0,2618.75,Call VEX 2,VEX,0.0,,6800.0
2025-07-08 08:55:52,2600.0,2618.75,Put VEX 2,VEX,0.0,,6800.0
2025-07-08 08:55:52,2800.0,2820.25,Call CEX 3,CEX,0.0,,6800.0
2025-07-08 08:55:52,2800.0,2820.25,Put CEX 3,CEX,0.0,,6800.0
2025-07-08 08:55:52,2800.0,2820.25,Call VEX 3,VEX,0.0,,6800.0
2025-07-08 08:55:52,2800.0,2820.25,Put VEX 3,VEX,0.0,,6800.0
2025-07-08 08:55:52,3000.0,3021.75,Call CEX 4,CEX,0.0,,6800.0
2025-07-08 08:55:52,3000.0,3021.75,Put CEX 4,CEX,0.0,,6800.0
2025-07-08 08:55:52,3000.0,3021.75,Call VEX 4,VEX,0.0,,6800.0
2025-07-08 08:55:52,3000.0,3021.75,Put VEX 4,VEX,0.0,,6800.0
2025-07-08 08:55:52,3200.0,3223.25,Call CEX 5,CEX,0.0,,6800.0
2025-07-08 08:55:52,3200.0,3223.25,Put CEX 5,CEX,0.0,,6800.0
2025-07-08 08:55:52,3200.0,3223.25,Call VEX 5,VEX,0.0,,6800.0
2025-07-08 08:55:52,3200.0,3223.25,Put VEX 5,VEX,0.0,,6800.0
2025-07-08 08:55:52,6025.0,6068.75,Put DEX 5,DEX,-2.232,,6800.0
2025-07-08 08:55:52,6035.0,6078.75,Put DEX 2,DEX,-6.371,,6800.0
2025-07-08 08:55:52,6035.0,6078.75,Put GEX 3,GEX,-12272.621,,6800.0
2025-07-08 08:55:52,6050.0,6093.75,Put DEX 1,DEX,-6.903,,6800.0
2025-07-08 08:55:52,6050.0,6093.75,Put GEX 2,GEX,-14508.95,,6800.0
2025-07-08 08:55:52,6075.0,6119.0,Put DEX 4,DEX,-3.04,,6800.0
2025-07-08 08:55:52,6100.0,6144.25,Put DEX 3,DEX,-5.826,,6800.0
2025-07-08 08:55:52,6100.0,6144.25,Put GEX 1,GEX,-20805.566,,6800.0
2025-07-08 08:55:52,6125.0,6169.25,Call DEX 2,DEX,5.09,,6800.0
2025-07-08 08:55:52,6150.0,6194.5,Put GEX 5,GEX,-8613.666,,6800.0
2025-07-08 08:55:52,6200.0,6245.0,Put GEX 4,GEX,-11705.976,,6800.0
2025-07-08 08:55:52,6225.0,6270.0,Call GEX 5,GEX,14636.835,,6800.0
2025-07-08 08:55:52,6250.0,6295.25,Call GEX 4,GEX,16331.432,,6800.0
2025-07-08 08:55:52,6275.0,6320.5,Call DEX 1,DEX,21.675,,6800.0
2025-07-08 08:55:52,6275.0,6320.5,Call GEX 1,GEX,153409.419,,6800.0
2025-07-08 08:55:52,6285.0,6330.5,Call DEX 3,DEX,3.182,,6800.0
2025-07-08 08:55:52,6285.0,6330.5,Call GEX 2,GEX,20856.721,,6800.0
2025-07-08 08:55:52,6300.0,6345.75,Call GEX 3,GEX,18602.403,,6800.0
2025-07-08 08:55:52,6350.0,6396.0,Call DEX 4,DEX,3.157,,6800.0
2025-07-08 08:55:52,6400.0,6446.25,Call DEX 5,DEX,2.978,,6800.0
2025-07-08 08:57:31,2400.0,2417.5,Call CEX 1,CEX,0.0,,6800.0
2025-07-08 08:57:31,2400.0,2417.5,Put CEX 1,CEX,0.0,,6800.0
2025-07-08 08:57:31,2400.0,2417.5,Call VEX 1,VEX,0.0,,6800.0
2025-07-08 08:57:31,2400.0,2417.5,Put VEX 1,VEX,0.0,,6800.0
2025-07-08 08:57:31,2600.0,2619.0,Call CEX 2,CEX,0.0,,6800.0
2025-07-08 08:57:31,2600.0,2619.0,Put CEX 2,CEX,0.0,,6800.0
2025-07-08 08:57:31,2600.0,2619.0,Call VEX 2,VEX,0.0,,6800.0
2025-07-08 08:57:31,2600.0,2619.0,Put VEX 2,VEX,0.0,,6800.0
2025-07-08 08:57:31,2800.0,2820.5,Call CEX 3,CEX,0.0,,6800.0
2025-07-08 08:57:31,2800.0,2820.5,Put CEX 3,CEX,0.0,,6800.0
2025-07-08 08:57:31,2800.0,2820.5,Call VEX 3,VEX,0.0,,6800.0
2025-07-08 08:57:31,2800.0,2820.5,Put VEX 3,VEX,0.0,,6800.0
2025-07-08 08:57:31,3000.0,3022.0,Call CEX 4,CEX,0.0,,6800.0
2025-07-08 08:57:31,3000.0,3022.0,Put CEX 4,CEX,0.0,,6800.0
2025-07-08 08:57:31,3000.0,3022.0,Call VEX 4,VEX,0.0,,6800.0
2025-07-08 08:57:31,3000.0,3022.0,Put VEX 4,VEX,0.0,,6800.0
2025-07-08 08:57:31,3200.0,3223.25,Call CEX 5,CEX,0.0,,6800.0
2025-07-08 08:57:31,3200.0,3223.25,Put CEX 5,CEX,0.0,,6800.0
2025-07-08 08:57:31,3200.0,3223.25,Call VEX 5,VEX,0.0,,6800.0
2025-07-08 08:57:31,3200.0,3223.25,Put VEX 5,VEX,0.0,,6800.0
2025-07-08 08:57:31,6025.0,6069.0,Put DEX 5,DEX,-2.231,,6800.0
2025-07-08 08:57:31,6035.0,6079.0,Put DEX 2,DEX,-6.372,,6800.0
2025-07-08 08:57:31,6035.0,6079.0,Put GEX 4,GEX,-12255.624,,6800.0
2025-07-08 08:57:31,6050.0,6094.25,Put DEX 1,DEX,-6.905,,6800.0
2025-07-08 08:57:31,6050.0,6094.25,Put GEX 2,GEX,-14489.024,,6800.0
2025-07-08 08:57:31,6075.0,6119.25,Put DEX 4,DEX,-3.043,,6800.0
2025-07-08 08:57:31,6100.0,6144.5,Put DEX 3,DEX,-5.85,,6800.0
2025-07-08 08:57:31,6100.0,6144.5,Put GEX 1,GEX,-20874.43,,6800.0
2025-07-08 08:57:31,6125.0,6169.75,Call DEX 2,DEX,5.036,,6800.0
2025-07-08 08:57:31,6150.0,6194.75,Put GEX 5,GEX,-8685.196,,6800.0
2025-07-08 08:57:31,6200.0,6245.25,Put GEX 3,GEX,-13631.264,,6800.0
2025-07-08 08:57:31,6225.0,6270.5,Call GEX 5,GEX,13505.349,,6800.0
2025-07-08 08:57:31,6250.0,6295.5,Call GEX 4,GEX,15378.242,,6800.0
2025-07-08 08:57:31,6275.0,6320.75,Call DEX 1,DEX,21.765,,6800.0
2025-07-08 08:57:31,6275.0,6320.75,Call GEX 1,GEX,152877.334,,6800.0
2025-07-08 08:57:31,6285.0,6330.75,Call DEX 4,DEX,3.189,,6800.0
2025-07-08 08:57:31,6285.0,6330.75,Call GEX 2,GEX,20843.547,,6800.0
2025-07-08 08:57:31,6300.0,6346.0,Call GEX 3,GEX,18008.356,,6800.0
2025-07-08 08:57:31,6350.0,6396.25,Call DEX 3,DEX,3.252,,6800.0
2025-07-08 08:57:31,6400.0,6446.75,Call DEX 5,DEX,2.986,,6800.0
2025-07-08 08:59:12,2400.0,2417.5,Call CEX 1,CEX,0.0,,6800.0
2025-07-08 08:59:12,2400.0,2417.5,Put CEX 1,CEX,0.0,,6800.0
2025-07-08 08:59:12,2400.0,2417.5,Call VEX 1,VEX,0.0,,6800.0
2025-07-08 08:59:12,2400.0,2417.5,Put VEX 1,VEX,0.0,,6800.0
2025-07-08 08:59:12,2600.0,2619.0,Call CEX 2,CEX,0.0,,6800.0
2025-07-08 08:59:12,2600.0,2619.0,Put CEX 2,CEX,0.0,,6800.0
2025-07-08 08:59:12,2600.0,2619.0,Call VEX 2,VEX,0.0,,6800.0
2025-07-08 08:59:12,2600.0,2619.0,Put VEX 2,VEX,0.0,,6800.0
2025-07-08 08:59:12,2800.0,2820.25,Call CEX 3,CEX,0.0,,6800.0
2025-07-08 08:59:12,2800.0,2820.25,Put CEX 3,CEX,0.0,,6800.0
2025-07-08 08:59:12,2800.0,2820.25,Call VEX 3,VEX,0.0,,6800.0
2025-07-08 08:59:12,2800.0,2820.25,Put VEX 3,VEX,0.0,,6800.0
2025-07-08 08:59:12,3000.0,3021.75,Call CEX 4,CEX,0.0,,6800.0
2025-07-08 08:59:12,3000.0,3021.75,Put CEX 4,CEX,0.0,,6800.0
2025-07-08 08:59:12,3000.0,3021.75,Call VEX 4,VEX,0.0,,6800.0
2025-07-08 08:59:12,3000.0,3021.75,Put VEX 4,VEX,0.0,,6800.0
2025-07-08 08:59:12,3200.0,3223.25,Call CEX 5,CEX,0.0,,6800.0
2025-07-08 08:59:12,3200.0,3223.25,Put CEX 5,CEX,0.0,,6800.0
2025-07-08 08:59:12,3200.0,3223.25,Call VEX 5,VEX,0.0,,6800.0
2025-07-08 08:59:12,3200.0,3223.25,Put VEX 5,VEX,0.0,,6800.0
2025-07-08 08:59:12,6025.0,6068.75,Put DEX 5,DEX,-2.231,,6800.0
2025-07-08 08:59:12,6035.0,6079.0,Put DEX 2,DEX,-6.373,,6800.0
2025-07-08 08:59:12,6035.0,6079.0,Put GEX 3,GEX,-12096.621,,6800.0
2025-07-08 08:59:12,6050.0,6094.0,Put DEX 1,DEX,-6.904,,6800.0
2025-07-08 08:59:12,6050.0,6094.0,Put GEX 2,GEX,-14282.421,,6800.0
2025-07-08 08:59:12,6075.0,6119.25,Put DEX 4,DEX,-3.037,,6800.0
2025-07-08 08:59:12,6100.0,6144.25,Put DEX 3,DEX,-5.806,,6800.0
2025-07-08 08:59:12,6100.0,6144.25,Put GEX 1,GEX,-20312.637,,6800.0
2025-07-08 08:59:12,6125.0,6169.5,Call DEX 2,DEX,5.15,,6800.0
2025-07-08 08:59:12,6150.0,6194.75,Put GEX 5,GEX,-8237.509,,6800.0
2025-07-08 08:59:12,6200.0,6245.0,Put GEX 4,GEX,-9883.925,,6800.0
2025-07-08 08:59:12,6225.0,6270.25,Call GEX 5,GEX,15576.283,,6800.0
2025-07-08 08:59:12,6250.0,6295.5,Call GEX 4,GEX,17637.185,,6800.0
2025-07-08 08:59:12,6275.0,6320.75,Call DEX 1,DEX,21.908,,6800.0
2025-07-08 08:59:12,6275.0,6320.75,Call GEX 1,GEX,161342.093,,6800.0
2025-07-08 08:59:12,6285.0,6330.75,Call DEX 3,DEX,3.206,,6800.0
2025-07-08 08:59:12,6285.0,6330.75,Call GEX 2,GEX,21881.543,,6800.0
2025-07-08 08:59:12,6300.0,6345.75,Call GEX 3,GEX,19714.759,,6800.0
2025-07-08 08:59:12,6350.0,6396.25,Call DEX 4,DEX,3.159,,6800.0
2025-07-08 08:59:12,6400.0,6446.5,Call DEX 5,DEX,2.979,,6800.0
2025-07-08 09:00:51,2400.0,2417.25,Call CEX 1,CEX,0.0,,6800.0
2025-07-08 09:00:51,2400.0,2417.25,Put CEX 1,CEX,0.0,,6800.0
2025-07-08 09:00:51,2400.0,2417.25,Call VEX 1,VEX,0.0,,6800.0
2025-07-08 09:00:51,2400.0,2417.25,Put VEX 1,VEX,0.0,,6800.0
2025-07-08 09:00:51,2600.0,2618.75,Call CEX 2,CEX,0.0,,6800.0
2025-07-08 09:00:51,2600.0,2618.75,Put CEX 2,CEX,0.0,,6800.0
2025-07-08 09:00:51,2600.0,2618.75,Call VEX 2,VEX,0.0,,6800.0
2025-07-08 09:00:51,2600.0,2618.75,Put VEX 2,VEX,0.0,,6800.0
2025-07-08 09:00:51,2800.0,2820.25,Call CEX 3,CEX,0.0,,6800.0
2025-07-08 09:00:51,2800.0,2820.25,Put CEX 3,CEX,0.0,,6800.0
2025-07-08 09:00:51,2800.0,2820.25,Call VEX 3,VEX,0.0,,6800.0
2025-07-08 09:00:51,2800.0,2820.25,Put VEX 3,VEX,0.0,,6800.0
2025-07-08 09:00:51,3000.0,3021.75,Call CEX 4,CEX,0.0,,6800.0
2025-07-08 09:00:51,3000.0,3021.75,Put CEX 4,CEX,0.0,,6800.0
2025-07-08 09:00:51,3000.0,3021.75,Call VEX 4,VEX,0.0,,6800.0
2025-07-08 09:00:51,3000.0,3021.75,Put VEX 4,VEX,0.0,,6800.0
2025-07-08 09:00:51,3200.0,3223.25,Call CEX 5,CEX,0.0,,6800.0
2025-07-08 09:00:51,3200.0,3223.25,Put CEX 5,CEX,0.0,,6800.0
2025-07-08 09:00:51,3200.0,3223.25,Call VEX 5,VEX,0.0,,6800.0
2025-07-08 09:00:51,3200.0,3223.25,Put VEX 5,VEX,0.0,,6800.0
2025-07-08 09:00:51,6000.0,6043.5,Put DEX 4,DEX,-4.646,,6800.0
2025-07-08 09:00:51,6035.0,6078.75,Put DEX 3,DEX,-6.431,,6800.0
2025-07-08 09:00:51,6035.0,6078.75,Put GEX 3,GEX,-12160.602,,6800.0
2025-07-08 09:00:51,6050.0,6093.75,Put DEX 2,DEX,-7.085,,6800.0
2025-07-08 09:00:51,6050.0,6093.75,Put GEX 2,GEX,-14488.201,,6800.0
2025-07-08 09:00:51,6075.0,6119.0,Put DEX 5,DEX,-3.582,,6800.0
2025-07-08 09:00:51,6075.0,6119.0,Put GEX 4,GEX,-8462.938,,6800.0
2025-07-08 09:00:51,6100.0,6144.0,Put DEX 1,DEX,-8.913,,6800.0
2025-07-08 09:00:51,6100.0,6144.0,Put GEX 1,GEX,-24826.278,,6800.0
2025-07-08 09:00:51,6175.0,6219.75,Call DEX 5,DEX,2.841,,6800.0
2025-07-08 09:00:51,6200.0,6244.75,Put GEX 5,GEX,-8251.109,,6800.0
2025-07-08 09:00:51,6225.0,6270.0,Call GEX 5,GEX,16584.168,,6800.0
2025-07-08 09:00:51,6250.0,6295.25,Call GEX 4,GEX,18352.087,,6800.0
2025-07-08 09:00:51,6275.0,6320.5,Call DEX 1,DEX,21.821,,6800.0
2025-07-08 09:00:51,6275.0,6320.5,Call GEX 1,GEX,162480.875,,6800.0
2025-07-08 09:00:51,6285.0,6330.5,Call DEX 2,DEX,3.199,,6800.0
2025-07-08 09:00:51,6285.0,6330.5,Call GEX 2,GEX,21961.684,,6800.0
2025-07-08 09:00:51,6300.0,6345.5,Call GEX 3,GEX,20050.44,,6800.0
2025-07-08 09:00:51,6350.0,6396.0,Call DEX 3,DEX,3.16,,6800.0
2025-07-08 09:00:51,6400.0,6446.25,Call DEX 4,DEX,2.979,,6800.0
2025-07-08 09:02:31,2400.0,2417.5,Call CEX 1,CEX,0.0,,6800.0
2025-07-08 09:02:31,2400.0,2417.5,Put CEX 1,CEX,0.0,,6800.0
2025-07-08 09:02:31,2400.0,2417.5,Call VEX 1,VEX,0.0,,6800.0
2025-07-08 09:02:31,2400.0,2417.5,Put VEX 1,VEX,0.0,,6800.0
2025-07-08 09:02:31,2600.0,2618.75,Call CEX 2,CEX,0.0,,6800.0
2025-07-08 09:02:31,2600.0,2618.75,Put CEX 2,CEX,0.0,,6800.0
2025-07-08 09:02:31,2600.0,2618.75,Call VEX 2,VEX,0.0,,6800.0
2025-07-08 09:02:31,2600.0,2618.75,Put VEX 2,VEX,0.0,,6800.0
2025-07-08 09:02:31,2800.0,2820.25,Call CEX 3,CEX,0.0,,6800.0
2025-07-08 09:02:31,2800.0,2820.25,Put CEX 3,CEX,0.0,,6800.0
2025-07-08 09:02:31,2800.0,2820.25,Call VEX 3,VEX,0.0,,6800.0
2025-07-08 09:02:31,2800.0,2820.25,Put VEX 3,VEX,0.0,,6800.0
2025-07-08 09:02:31,3000.0,3021.75,Call CEX 4,CEX,0.0,,6800.0
2025-07-08 09:02:31,3000.0,3021.75,Put CEX 4,CEX,0.0,,6800.0
2025-07-08 09:02:31,3000.0,3021.75,Call VEX 4,VEX,0.0,,6800.0
2025-07-08 09:02:31,3000.0,3021.75,Put VEX 4,VEX,0.0,,6800.0
2025-07-08 09:02:31,3200.0,3223.25,Call CEX 5,CEX,0.0,,6800.0
2025-07-08 09:02:31,3200.0,3223.25,Put CEX 5,CEX,0.0,,6800.0
2025-07-08 09:02:31,3200.0,3223.25,Call VEX 5,VEX,0.0,,6800.0
2025-07-08 09:02:31,3200.0,3223.25,Put VEX 5,VEX,0.0,,6800.0
2025-07-08 09:02:31,6025.0,6068.75,Put DEX 5,DEX,-2.348,,6800.0
2025-07-08 09:02:31,6035.0,6078.75,Put DEX 2,DEX,-6.373,,6800.0
2025-07-08 09:02:31,6035.0,6078.75,Put GEX 3,GEX,-12117.82,,6800.0
2025-07-08 09:02:31,6050.0,6094.0,Put DEX 1,DEX,-6.902,,6800.0
2025-07-08 09:02:31,6050.0,6094.0,Put GEX 2,GEX,-14313.684,,6800.0
2025-07-08 09:02:31,6075.0,6119.0,Put DEX 4,DEX,-3.037,,6800.0
2025-07-08 09:02:31,6100.0,6144.25,Put DEX 3,DEX,-5.809,,6800.0
2025-07-08 09:02:31,6100.0,6144.25,Put GEX 1,GEX,-20356.313,,6800.0
2025-07-08 09:02:31,6125.0,6169.5,Call DEX 2,DEX,5.143,,6800.0
2025-07-08 09:02:31,6150.0,6194.5,Put GEX 5,GEX,-8268.579,,6800.0
2025-07-08 09:02:31,6200.0,6245.0,Put GEX 4,GEX,-10015.217,,6800.0
2025-07-08 09:02:31,6225.0,6270.25,Call GEX 5,GEX,15484.783,,6800.0
2025-07-08 09:02:31,6250.0,6295.25,Call GEX 4,GEX,17507.885,,6800.0
2025-07-08 09:02:31,6275.0,6320.5,Call DEX 1,DEX,21.87,,6800.0
2025-07-08 09:02:31,6275.0,6320.5,Call GEX 1,GEX,160475.73,,6800.0
2025-07-08 09:02:31,6285.0,6330.5,Call DEX 3,DEX,3.203,,6800.0
2025-07-08 09:02:31,6285.0,6330.5,Call GEX 2,GEX,21756.859,,6800.0
2025-07-08 09:02:31,6300.0,6345.75,Call GEX 3,GEX,19550.434,,6800.0
2025-07-08 09:02:31,6350.0,6396.0,Call DEX 4,DEX,3.159,,6800.0
2025-07-08 09:02:31,6400.0,6446.5,Call DEX 5,DEX,2.979,,6800.0
2025-07-08 09:04:10,2400.0,2417.25,Call CEX 1,CEX,0.0,,6800.0
2025-07-08 09:04:10,2400.0,2417.25,Put CEX 1,CEX,0.0,,6800.0
2025-07-08 09:04:10,2400.0,2417.25,Call VEX 1,VEX,0.0,,6800.0
2025-07-08 09:04:10,2400.0,2417.25,Put VEX 1,VEX,0.0,,6800.0
2025-07-08 09:04:10,2600.0,2618.75,Call CEX 2,CEX,0.0,,6800.0
2025-07-08 09:04:10,2600.0,2618.75,Put CEX 2,CEX,0.0,,6800.0
2025-07-08 09:04:10,2600.0,2618.75,Call VEX 2,VEX,0.0,,6800.0
2025-07-08 09:04:10,2600.0,2618.75,Put VEX 2,VEX,0.0,,6800.0
2025-07-08 09:04:10,2800.0,2820.25,Call CEX 3,CEX,0.0,,6800.0
2025-07-08 09:04:10,2800.0,2820.25,Put CEX 3,CEX,0.0,,6800.0
2025-07-08 09:04:10,2800.0,2820.25,Call VEX 3,VEX,0.0,,6800.0
2025-07-08 09:04:10,2800.0,2820.25,Put VEX 3,VEX,0.0,,6800.0
2025-07-08 09:04:10,3000.0,3021.75,Call CEX 4,CEX,0.0,,6800.0
2025-07-08 09:04:10,3000.0,3021.75,Put CEX 4,CEX,0.0,,6800.0
2025-07-08 09:04:10,3000.0,3021.75,Call VEX 4,VEX,0.0,,6800.0
2025-07-08 09:04:10,3000.0,3021.75,Put VEX 4,VEX,0.0,,6800.0
2025-07-08 09:04:10,3200.0,3223.25,Call CEX 5,CEX,0.0,,6800.0
2025-07-08 09:04:10,3200.0,3223.25,Put CEX 5,CEX,0.0,,6800.0
2025-07-08 09:04:10,3200.0,3223.25,Call VEX 5,VEX,0.0,,6800.0
2025-07-08 09:04:10,3200.0,3223.25,Put VEX 5,VEX,0.0,,6800.0
2025-07-08 09:04:10,6000.0,6043.5,Put DEX 4,DEX,-4.646,,6800.0
2025-07-08 09:04:10,6035.0,6078.75,Put DEX 3,DEX,-6.431,,6800.0
2025-07-08 09:04:10,6035.0,6078.75,Put GEX 3,GEX,-12167.202,,6800.0
2025-07-08 09:04:10,6050.0,6093.75,Put DEX 2,DEX,-7.085,,6800.0
2025-07-08 09:04:10,6050.0,6093.75,Put GEX 2,GEX,-14496.715,,6800.0
2025-07-08 09:04:10,6075.0,6119.0,Put DEX 5,DEX,-3.582,,6800.0
2025-07-08 09:04:10,6075.0,6119.0,Put GEX 5,GEX,-8468.701,,6800.0
2025-07-08 09:04:10,6100.0,6144.0,Put DEX 1,DEX,-8.913,,6800.0
2025-07-08 09:04:10,6100.0,6144.0,Put GEX 1,GEX,-24846.305,,6800.0
2025-07-08 09:04:10,6125.0,6169.25,Call DEX 2,DEX,5.166,,6800.0
2025-07-08 09:04:10,6200.0,6244.75,Put GEX 4,GEX,-9334.218,,6800.0
2025-07-08 09:04:10,6225.0,6270.0,Call GEX 5,GEX,15887.481,,6800.0
2025-07-08 09:04:10,6250.0,6295.25,Call GEX 4,GEX,17794.203,,6800.0
2025-07-08 09:04:10,6275.0,6320.5,Call DEX 1,DEX,21.856,,6800.0
2025-07-08 09:04:10,6275.0,6320.5,Call GEX 1,GEX,161294.3,,6800.0
2025-07-08 09:04:10,6285.0,6330.5,Call DEX 3,DEX,3.203,,6800.0
2025-07-08 09:04:10,6285.0,6330.5,Call GEX 2,GEX,21837.386,,6800.0
2025-07-08 09:04:10,6300.0,6345.5,Call GEX 3,GEX,19811.418,,6800.0
2025-07-08 09:04:10,6350.0,6396.0,Call DEX 4,DEX,3.159,,6800.0
2025-07-08 09:04:10,6400.0,6446.25,Call DEX 5,DEX,2.979,,6800.0
2025-07-08 09:05:50,2400.0,2417.25,Call CEX 1,CEX,0.0,,6800.0
2025-07-08 09:05:50,2400.0,2417.25,Put CEX 1,CEX,0.0,,6800.0
2025-07-08 09:05:50,2400.0,2417.25,Call VEX 1,VEX,0.0,,6800.0
2025-07-08 09:05:50,2400.0,2417.25,Put VEX 1,VEX,0.0,,6800.0
2025-07-08 09:05:50,2600.0,2618.75,Call CEX 2,CEX,0.0,,6800.0
2025-07-08 09:05:50,2600.0,2618.75,Put CEX 2,CEX,0.0,,6800.0
2025-07-08 09:05:50,2600.0,2618.75,Call VEX 2,VEX,0.0,,6800.0
2025-07-08 09:05:50,2600.0,2618.75,Put VEX 2,VEX,0.0,,6800.0
2025-07-08 09:05:50,2800.0,2820.25,Call CEX 3,CEX,0.0,,6800.0
2025-07-08 09:05:50,2800.0,2820.25,Put CEX 3,CEX,0.0,,6800.0
2025-07-08 09:05:50,2800.0,2820.25,Call VEX 3,VEX,0.0,,6800.0
2025-07-08 09:05:50,2800.0,2820.25,Put VEX 3,VEX,0.0,,6800.0
2025-07-08 09:05:50,3000.0,3021.75,Call CEX 4,CEX,0.0,,6800.0
2025-07-08 09:05:50,3000.0,3021.75,Put CEX 4,CEX,0.0,,6800.0
2025-07-08 09:05:50,3000.0,3021.75,Call VEX 4,VEX,0.0,,6800.0
2025-07-08 09:05:50,3000.0,3021.75,Put VEX 4,VEX,0.0,,6800.0
2025-07-08 09:05:50,3200.0,3223.25,Call CEX 5,CEX,0.0,,6800.0
2025-07-08 09:05:50,3200.0,3223.25,Put CEX 5,CEX,0.0,,6800.0
2025-07-08 09:05:50,3200.0,3223.25,Call VEX 5,VEX,0.0,,6800.0
2025-07-08 09:05:50,3200.0,3223.25,Put VEX 5,VEX,0.0,,6800.0
2025-07-08 09:05:50,6025.0,6068.5,Put DEX 5,DEX,-2.23,,6800.0
2025-07-08 09:05:50,6035.0,6078.75,Put DEX 2,DEX,-6.372,,6800.0
2025-07-08 09:05:50,6035.0,6078.75,Put GEX 3,GEX,-12205.809,,6800.0
2025-07-08 09:05:50,6050.0,6093.75,Put DEX 1,DEX,-6.901,,6800.0
2025-07-08 09:05:50,6050.0,6093.75,Put GEX 2,GEX,-14426.551,,6800.0
2025-07-08 09:05:50,6075.0,6119.0,Put DEX 4,DEX,-3.038,,6800.0
2025-07-08 09:05:50,6100.0,6144.25,Put DEX 3,DEX,-5.813,,6800.0
2025-07-08 09:05:50,6100.0,6144.25,Put GEX 1,GEX,-20589.731,,6800.0
2025-07-08 09:05:50,6125.0,6169.25,Call DEX 2,DEX,5.133,,6800.0
2025-07-08 09:05:50,6150.0,6194.5,Put GEX 5,GEX,-8403.34,,6800.0
2025-07-08 09:05:50,6200.0,6244.75,Put GEX 4,GEX,-10328.466,,6800.0
2025-07-08 09:05:50,6225.0,6270.0,Call GEX 5,GEX,15389.848,,6800.0
2025-07-08 09:05:50,6250.0,6295.25,Call GEX 4,GEX,17177.56,,6800.0
2025-07-08 09:05:50,6275.0,6320.5,Call DEX 1,DEX,21.723,,6800.0
2025-07-08 09:05:50,6275.0,6320.5,Call GEX 1,GEX,156995.036,,6800.0
2025-07-08 09:05:50,6285.0,6330.5,Call DEX 3,DEX,3.189,,6800.0
2025-07-08 09:05:50,6285.0,6330.5,Call GEX 2,GEX,21275.842,,6800.0
2025-07-08 09:05:50,6300.0,6345.5,Call GEX 3,GEX,19106.87,,6800.0
2025-07-08 09:05:50,6350.0,6396.0,Call DEX 4,DEX,3.159,,6800.0
2025-07-08 09:05:50,6400.0,6446.25,Call DEX 5,DEX,2.978,,6800.0
2025-07-08 09:07:30,2400.0,2417.25,Call CEX 1,CEX,0.0,,6525.0
2025-07-08 09:07:30,2400.0,2417.25,Put CEX 1,CEX,0.0,,6525.0
2025-07-08 09:07:30,2400.0,2417.25,Call VEX 1,VEX,0.0,,6525.0
2025-07-08 09:07:30,2400.0,2417.25,Put VEX 1,VEX,0.0,,6525.0
2025-07-08 09:07:30,2600.0,2618.75,Call CEX 2,CEX,0.0,,6525.0
2025-07-08 09:07:30,2600.0,2618.75,Put CEX 2,CEX,0.0,,6525.0
2025-07-08 09:07:30,2600.0,2618.75,Call VEX 2,VEX,0.0,,6525.0
2025-07-08 09:07:30,2600.0,2618.75,Put VEX 2,VEX,0.0,,6525.0
2025-07-08 09:07:30,2800.0,2820.0,Call CEX 3,CEX,0.0,,6525.0
2025-07-08 09:07:30,2800.0,2820.0,Put CEX 3,CEX,0.0,,6525.0
2025-07-08 09:07:30,2800.0,2820.0,Call VEX 3,VEX,0.0,,6525.0
2025-07-08 09:07:30,2800.0,2820.0,Put VEX 3,VEX,0.0,,6525.0
2025-07-08 09:07:30,3000.0,3021.5,Call CEX 4,CEX,0.0,,6525.0
2025-07-08 09:07:30,3000.0,3021.5,Put CEX 4,CEX,0.0,,6525.0
2025-07-08 09:07:30,3000.0,3021.5,Call VEX 4,VEX,0.0,,6525.0
2025-07-08 09:07:30,3000.0,3021.5,Put VEX 4,VEX,0.0,,6525.0
2025-07-08 09:07:30,3200.0,3223.0,Call CEX 5,CEX,0.0,,6525.0
2025-07-08 09:07:30,3200.0,3223.0,Put CEX 5,CEX,0.0,,6525.0
2025-07-08 09:07:30,3200.0,3223.0,Call VEX 5,VEX,0.0,,6525.0
2025-07-08 09:07:30,3200.0,3223.0,Put VEX 5,VEX,0.0,,6525.0
2025-07-08 09:07:30,6025.0,6068.25,Put DEX 5,DEX,-2.232,,6525.0
2025-07-08 09:07:30,6035.0,6078.25,Put DEX 2,DEX,-6.371,,6525.0
2025-07-08 09:07:30,6035.0,6078.25,Put GEX 3,GEX,-12311.292,,6525.0
2025-07-08 09:07:30,6050.0,6093.5,Put DEX 1,DEX,-6.902,,6525.0
2025-07-08 09:07:30,6050.0,6093.5,Put GEX 2,GEX,-14558.112,,6525.0
2025-07-08 09:07:30,6075.0,6118.75,Put DEX 4,DEX,-3.037,,6525.0
2025-07-08 09:07:30,6100.0,6143.75,Put DEX 3,DEX,-5.817,,6525.0
2025-07-08 09:07:30,6100.0,6143.75,Put GEX 1,GEX,-20871.033,,6525.0
2025-07-08 09:07:30,6125.0,6169.0,Call DEX 2,DEX,5.124,,6525.0
2025-07-08 09:07:30,6150.0,6194.25,Put GEX 5,GEX,-8593.124,,6525.0
2025-07-08 09:07:30,6200.0,6244.5,Put GEX 4,GEX,-11097.027,,6525.0
2025-07-08 09:07:30,6225.0,6269.75,Call GEX 5,GEX,15054.7,,6525.0
2025-07-08 09:07:30,6250.0,6295.0,Call GEX 4,GEX,16682.699,,6525.0
2025-07-08 09:07:30,6275.0,6320.0,Call DEX 1,DEX,21.567,,6525.0
2025-07-08 09:07:30,6275.0,6320.0,Call GEX 1,GEX,152802.801,,6525.0
2025-07-08 09:07:30,6285.0,6330.25,Call DEX 3,DEX,3.172,,6525.0
2025-07-08 09:07:30,6285.0,6330.25,Call GEX 2,GEX,20732.808,,6525.0
2025-07-08 09:07:30,6300.0,6345.25,Call GEX 3,GEX,18520.302,,6525.0
2025-07-08 09:07:30,6350.0,6395.75,Call DEX 4,DEX,3.158,,6525.0
2025-07-08 09:07:30,6400.0,6446.0,Call DEX 5,DEX,2.978,,6525.0
2025-07-08 09:09:09,2400.0,2417.75,Call CEX 1,CEX,0.0,,6800.0
2025-07-08 09:09:09,2400.0,2417.75,Put CEX 1,CEX,0.0,,6800.0
2025-07-08 09:09:09,2400.0,2417.75,Call VEX 1,VEX,0.0,,6800.0
2025-07-08 09:09:09,2400.0,2417.75,Put VEX 1,VEX,0.0,,6800.0
2025-07-08 09:09:09,2600.0,2619.0,Call CEX 2,CEX,0.0,,6800.0
2025-07-08 09:09:09,2600.0,2619.0,Put CEX 2,CEX,0.0,,6800.0
2025-07-08 09:09:09,2600.0,2619.0,Call VEX 2,VEX,0.0,,6800.0
2025-07-08 09:09:09,2600.0,2619.0,Put VEX 2,VEX,0.0,,6800.0
2025-07-08 09:09:09,2800.0,2820.5,Call CEX 3,CEX,0.0,,6800.0
2025-07-08 09:09:09,2800.0,2820.5,Put CEX 3,CEX,0.0,,6800.0
2025-07-08 09:09:09,2800.0,2820.5,Call VEX 3,VEX,0.0,,6800.0
2025-07-08 09:09:09,2800.0,2820.5,Put VEX 3,VEX,0.0,,6800.0
2025-07-08 09:09:09,3000.0,3022.0,Call CEX 4,CEX,0.0,,6800.0
2025-07-08 09:09:09,3000.0,3022.0,Put CEX 4,CEX,0.0,,6800.0
2025-07-08 09:09:09,3000.0,3022.0,Call VEX 4,VEX,0.0,,6800.0
2025-07-08 09:09:09,3000.0,3022.0,Put VEX 4,VEX,0.0,,6800.0
2025-07-08 09:09:09,3200.0,3223.5,Call CEX 5,CEX,0.0,,6800.0
2025-07-08 09:09:09,3200.0,3223.5,Put CEX 5,CEX,0.0,,6800.0
2025-07-08 09:09:09,3200.0,3223.5,Call VEX 5,VEX,0.0,,6800.0
2025-07-08 09:09:09,3200.0,3223.5,Put VEX 5,VEX,0.0,,6800.0
2025-07-08 09:09:09,6000.0,6044.25,Put DEX 4,DEX,-4.645,,6800.0
2025-07-08 09:09:09,6035.0,6079.5,Put DEX 3,DEX,-6.429,,6800.0
2025-07-08 09:09:09,6035.0,6079.5,Put GEX 3,GEX,-12395.342,,6800.0
2025-07-08 09:09:09,6050.0,6094.5,Put DEX 2,DEX,-7.085,,6800.0
2025-07-08 09:09:09,6050.0,6094.5,Put GEX 2,GEX,-14787.198,,6800.0
2025-07-08 09:09:09,6075.0,6119.75,Put DEX 5,DEX,-3.583,,6800.0
2025-07-08 09:09:09,6075.0,6119.75,Put GEX 4,GEX,-8663.032,,6800.0
2025-07-08 09:09:09,6100.0,6144.75,Put DEX 1,DEX,-8.917,,6800.0
2025-07-08 09:09:09,6100.0,6144.75,Put GEX 1,GEX,-25524.683,,6800.0
2025-07-08 09:09:09,6150.0,6195.25,Put GEX 5,GEX,-8332.147,,6800.0
2025-07-08 09:09:09,6175.0,6220.5,Call DEX 5,DEX,2.826,,6800.0
2025-07-08 09:09:09,6225.0,6270.75,Call GEX 5,GEX,17876.005,,6800.0
2025-07-08 09:09:09,6250.0,6296.0,Call GEX 4,GEX,18514.75,,6800.0
2025-07-08 09:09:09,6275.0,6321.25,Call DEX 1,DEX,21.398,,6800.0
2025-07-08 09:09:09,6275.0,6321.25,Call GEX 1,GEX,154173.282,,6800.0
2025-07-08 09:09:09,6285.0,6331.25,Call DEX 3,DEX,3.155,,6800.0
2025-07-08 09:09:09,6285.0,6331.25,Call GEX 2,GEX,20819.342,,6800.0
2025-07-08 09:09:09,6300.0,6346.25,Call GEX 3,GEX,19307.758,,6800.0
2025-07-08 09:09:09,6350.0,6396.75,Call DEX 2,DEX,3.158,,6800.0
2025-07-08 09:09:09,6400.0,6447.0,Call DEX 4,DEX,2.978,,6800.0
2025-07-08 09:10:21,2400.0,2417.5,Call CEX 1,CEX,0.0,,6800.0
2025-07-08 09:10:21,2400.0,2417.5,Put CEX 1,CEX,0.0,,6800.0
2025-07-08 09:10:21,2400.0,2417.5,Call VEX 1,VEX,0.0,,6800.0
2025-07-08 09:10:21,2400.0,2417.5,Put VEX 1,VEX,0.0,,6800.0
2025-07-08 09:10:21,2600.0,2619.0,Call CEX 2,CEX,0.0,,6800.0
2025-07-08 09:10:21,2600.0,2619.0,Put CEX 2,CEX,0.0,,6800.0
2025-07-08 09:10:21,2600.0,2619.0,Call VEX 2,VEX,0.0,,6800.0
2025-07-08 09:10:21,2600.0,2619.0,Put VEX 2,VEX,0.0,,6800.0
2025-07-08 09:10:21,2800.0,2820.5,Call CEX 3,CEX,0.0,,6800.0
2025-07-08 09:10:21,2800.0,2820.5,Put CEX 3,CEX,0.0,,6800.0
2025-07-08 09:10:21,2800.0,2820.5,Call VEX 3,VEX,0.0,,6800.0
2025-07-08 09:10:21,2800.0,2820.5,Put VEX 3,VEX,0.0,,6800.0
2025-07-08 09:10:21,3000.0,3021.75,Call CEX 4,CEX,0.0,,6800.0
2025-07-08 09:10:21,3000.0,3021.75,Put CEX 4,CEX,0.0,,6800.0
2025-07-08 09:10:21,3000.0,3021.75,Call VEX 4,VEX,0.0,,6800.0
2025-07-08 09:10:21,3000.0,3021.75,Put VEX 4,VEX,0.0,,6800.0
2025-07-08 09:10:21,3200.0,3223.25,Call CEX 5,CEX,0.0,,6800.0
2025-07-08 09:10:21,3200.0,3223.25,Put CEX 5,CEX,0.0,,6800.0
2025-07-08 09:10:21,3200.0,3223.25,Call VEX 5,VEX,0.0,,6800.0
2025-07-08 09:10:21,3200.0,3223.25,Put VEX 5,VEX,0.0,,6800.0
2025-07-08 09:10:21,6000.0,6043.75,Put DEX 4,DEX,-4.645,,6800.0
2025-07-08 09:10:21,6035.0,6079.0,Put DEX 3,DEX,-6.429,,6800.0
2025-07-08 09:10:21,6035.0,6079.0,Put GEX 3,GEX,-12395.342,,6800.0
2025-07-08 09:10:21,6050.0,6094.0,Put DEX 2,DEX,-7.085,,6800.0
2025-07-08 09:10:21,6050.0,6094.0,Put GEX 2,GEX,-14787.198,,6800.0
2025-07-08 09:10:21,6075.0,6119.25,Put DEX 5,DEX,-3.583,,6800.0
2025-07-08 09:10:21,6075.0,6119.25,Put GEX 4,GEX,-8663.032,,6800.0
2025-07-08 09:10:21,6100.0,6144.5,Put DEX 1,DEX,-8.917,,6800.0
2025-07-08 09:10:21,6100.0,6144.5,Put GEX 1,GEX,-25524.683,,6800.0
2025-07-08 09:10:21,6150.0,6194.75,Put GEX 5,GEX,-8332.147,,6800.0
2025-07-08 09:10:21,6175.0,6220.0,Call DEX 5,DEX,2.826,,6800.0
2025-07-08 09:10:21,6225.0,6270.5,Call GEX 5,GEX,17876.005,,6800.0
2025-07-08 09:10:21,6250.0,6295.5,Call GEX 4,GEX,18514.75,,6800.0
2025-07-08 09:10:21,6275.0,6320.75,Call DEX 1,DEX,21.398,,6800.0
2025-07-08 09:10:21,6275.0,6320.75,Call GEX 1,GEX,154173.282,,6800.0
2025-07-08 09:10:21,6285.0,6330.75,Call DEX 3,DEX,3.155,,6800.0
2025-07-08 09:10:21,6285.0,6330.75,Call GEX 2,GEX,20819.342,,6800.0
2025-07-08 09:10:21,6300.0,6346.0,Call GEX 3,GEX,19307.758,,6800.0
2025-07-08 09:10:21,6350.0,6396.25,Call DEX 2,DEX,3.158,,6800.0
2025-07-08 09:10:21,6400.0,6446.75,Call DEX 4,DEX,2.978,,6800.0
2025-07-08 09:12:00,2400.0,2417.5,Call CEX 1,CEX,0.0,,6525.0
2025-07-08 09:12:00,2400.0,2417.5,Put CEX 1,CEX,0.0,,6525.0
2025-07-08 09:12:00,2400.0,2417.5,Call VEX 1,VEX,0.0,,6525.0
2025-07-08 09:12:00,2400.0,2417.5,Put VEX 1,VEX,0.0,,6525.0
2025-07-08 09:12:00,2600.0,2618.75,Call CEX 2,CEX,0.0,,6525.0
2025-07-08 09:12:00,2600.0,2618.75,Put CEX 2,CEX,0.0,,6525.0
2025-07-08 09:12:00,2600.0,2618.75,Call VEX 2,VEX,0.0,,6525.0
2025-07-08 09:12:00,2600.0,2618.75,Put VEX 2,VEX,0.0,,6525.0
2025-07-08 09:12:00,2800.0,2820.25,Call CEX 3,CEX,0.0,,6525.0
2025-07-08 09:12:00,2800.0,2820.25,Put CEX 3,CEX,0.0,,6525.0
2025-07-08 09:12:00,2800.0,2820.25,Call VEX 3,VEX,0.0,,6525.0
2025-07-08 09:12:00,2800.0,2820.25,Put VEX 3,VEX,0.0,,6525.0
2025-07-08 09:12:00,3000.0,3021.75,Call CEX 4,CEX,0.0,,6525.0
2025-07-08 09:12:00,3000.0,3021.75,Put CEX 4,CEX,0.0,,6525.0
2025-07-08 09:12:00,3000.0,3021.75,Call VEX 4,VEX,0.0,,6525.0
2025-07-08 09:12:00,3000.0,3021.75,Put VEX 4,VEX,0.0,,6525.0
2025-07-08 09:12:00,3200.0,3223.25,Call CEX 5,CEX,0.0,,6525.0
2025-07-08 09:12:00,3200.0,3223.25,Put CEX 5,CEX,0.0,,6525.0
2025-07-08 09:12:00,3200.0,3223.25,Call VEX 5,VEX,0.0,,6525.0
2025-07-08 09:12:00,3200.0,3223.25,Put VEX 5,VEX,0.0,,6525.0
2025-07-08 09:12:00,6025.0,6068.75,Put DEX 5,DEX,-2.232,,6525.0
2025-07-08 09:12:00,6035.0,6078.75,Put DEX 2,DEX,-6.37,,6525.0
2025-07-08 09:12:00,6035.0,6078.75,Put GEX 4,GEX,-12455.554,,6525.0
2025-07-08 09:12:00,6050.0,6094.0,Put DEX 1,DEX,-6.901,,6525.0
2025-07-08 09:12:00,6050.0,6094.0,Put GEX 3,GEX,-14750.566,,6525.0
2025-07-08 09:12:00,6075.0,6119.0,Put DEX 4,DEX,-3.044,,6525.0
2025-07-08 09:12:00,6100.0,6144.25,Put DEX 3,DEX,-5.861,,6525.0
2025-07-08 09:12:00,6100.0,6144.25,Put GEX 1,GEX,-21406.294,,6525.0
2025-07-08 09:12:00,6125.0,6169.5,Call DEX 3,DEX,5.007,,6525.0
2025-07-08 09:12:00,6150.0,6194.5,Put GEX 5,GEX,-9054.499,,6525.0
2025-07-08 09:12:00,6200.0,6245.0,Put GEX 2,GEX,-14927.297,,6525.0
2025-07-08 09:12:00,6225.0,6270.25,Call GEX 5,GEX,13307.668,,6525.0
2025-07-08 09:12:00,6250.0,6295.25,Call GEX 4,GEX,14848.441,,6525.0
2025-07-08 09:12:00,6275.0,6320.5,Call DEX 1,DEX,21.41,,6525.0
2025-07-08 09:12:00,6275.0,6320.5,Call GEX 1,GEX,146731.048,,6525.0
2025-07-08 09:12:00,6285.0,6330.5,Call DEX 5,DEX,3.155,,6525.0
2025-07-08 09:12:00,6285.0,6330.5,Call GEX 3,GEX,19927.106,,6525.0
2025-07-08 09:12:00,6300.0,6345.75,Call DEX 2,DEX,5.861,,6525.0
2025-07-08 09:12:00,6300.0,6345.75,Call GEX 2,GEX,30813.975,,6525.0
2025-07-08 09:12:00,6350.0,6396.0,Call DEX 4,DEX,3.249,,6525.0
2025-07-08 09:13:38,2400.0,2417.5,Call CEX 1,CEX,0.0,,6525.0
2025-07-08 09:13:38,2400.0,2417.5,Put CEX 1,CEX,0.0,,6525.0
2025-07-08 09:13:38,2400.0,2417.5,Call VEX 1,VEX,0.0,,6525.0
2025-07-08 09:13:38,2400.0,2417.5,Put VEX 1,VEX,0.0,,6525.0
2025-07-08 09:13:38,2600.0,2619.0,Call CEX 2,CEX,0.0,,6525.0
2025-07-08 09:13:38,2600.0,2619.0,Put CEX 2,CEX,0.0,,6525.0
2025-07-08 09:13:38,2600.0,2619.0,Call VEX 2,VEX,0.0,,6525.0
2025-07-08 09:13:38,2600.0,2619.0,Put VEX 2,VEX,0.0,,6525.0
2025-07-08 09:13:38,2800.0,2820.5,Call CEX 3,CEX,0.0,,6525.0
2025-07-08 09:13:38,2800.0,2820.5,Put CEX 3,CEX,0.0,,6525.0
2025-07-08 09:13:38,2800.0,2820.5,Call VEX 3,VEX,0.0,,6525.0
2025-07-08 09:13:38,2800.0,2820.5,Put VEX 3,VEX,0.0,,6525.0
2025-07-08 09:13:38,3000.0,3022.0,Call CEX 4,CEX,0.0,,6525.0
2025-07-08 09:13:38,3000.0,3022.0,Put CEX 4,CEX,0.0,,6525.0
2025-07-08 09:13:38,3000.0,3022.0,Call VEX 4,VEX,0.0,,6525.0
2025-07-08 09:13:38,3000.0,3022.0,Put VEX 4,VEX,0.0,,6525.0
2025-07-08 09:13:38,3200.0,3223.5,Call CEX 5,CEX,0.0,,6525.0
2025-07-08 09:13:38,3200.0,3223.5,Put CEX 5,CEX,0.0,,6525.0
2025-07-08 09:13:38,3200.0,3223.5,Call VEX 5,VEX,0.0,,6525.0
2025-07-08 09:13:38,3200.0,3223.5,Put VEX 5,VEX,0.0,,6525.0
2025-07-08 09:13:38,6025.0,6069.25,Put DEX 5,DEX,-2.231,,6525.0
2025-07-08 09:13:38,6035.0,6079.25,Put DEX 2,DEX,-6.371,,6525.0
2025-07-08 09:13:38,6035.0,6079.25,Put GEX 3,GEX,-12319.033,,6525.0
2025-07-08 09:13:38,6050.0,6094.25,Put DEX 1,DEX,-6.901,,6525.0
2025-07-08 09:13:38,6050.0,6094.25,Put GEX 2,GEX,-14572.059,,6525.0
2025-07-08 09:13:38,6075.0,6119.5,Put DEX 4,DEX,-3.038,,6525.0
2025-07-08 09:13:38,6100.0,6144.75,Put DEX 3,DEX,-5.821,,6525.0
2025-07-08 09:13:38,6100.0,6144.75,Put GEX 1,GEX,-20903.16,,6525.0
2025-07-08 09:13:38,6125.0,6169.75,Call DEX 2,DEX,5.111,,6525.0
2025-07-08 09:13:38,6150.0,6195.0,Put GEX 5,GEX,-8624.389,,6525.0
2025-07-08 09:13:38,6200.0,6245.5,Put GEX 4,GEX,-11244.865,,6525.0
2025-07-08 09:13:38,6225.0,6270.5,Call GEX 5,GEX,15382.818,,6525.0
2025-07-08 09:13:38,6250.0,6295.75,Call GEX 4,GEX,16852.318,,6525.0
2025-07-08 09:13:38,6275.0,6321.0,Call DEX 1,DEX,21.52,,6525.0
2025-07-08 09:13:38,6275.0,6321.0,Call GEX 1,GEX,153096.486,,6525.0
2025-07-08 09:13:38,6285.0,6331.0,Call DEX 3,DEX,3.165,,6525.0
2025-07-08 09:13:38,6285.0,6331.0,Call GEX 2,GEX,20746.728,,6525.0
2025-07-08 09:13:38,6300.0,6346.25,Call GEX 3,GEX,18440.604,,6525.0
2025-07-08 09:13:38,6350.0,6396.5,Call DEX 4,DEX,3.157,,6525.0
2025-07-08 09:13:38,6400.0,6447.0,Call DEX 5,DEX,2.978,,6525.0
2025-07-08 09:15:18,2400.0,2417.75,Call CEX 1,CEX,0.0,,6525.0
2025-07-08 09:15:18,2400.0,2417.75,Put CEX 1,CEX,0.0,,6525.0
2025-07-08 09:15:18,2400.0,2417.75,Call VEX 1,VEX,0.0,,6525.0
2025-07-08 09:15:18,2400.0,2417.75,Put VEX 1,VEX,0.0,,6525.0
2025-07-08 09:15:18,2600.0,2619.0,Call CEX 2,CEX,0.0,,6525.0
2025-07-08 09:15:18,2600.0,2619.0,Put CEX 2,CEX,0.0,,6525.0
2025-07-08 09:15:18,2600.0,2619.0,Call VEX 2,VEX,0.0,,6525.0
2025-07-08 09:15:18,2600.0,2619.0,Put VEX 2,VEX,0.0,,6525.0
2025-07-08 09:15:18,2800.0,2820.5,Call CEX 3,CEX,0.0,,6525.0
2025-07-08 09:15:18,2800.0,2820.5,Put CEX 3,CEX,0.0,,6525.0
2025-07-08 09:15:18,2800.0,2820.5,Call VEX 3,VEX,0.0,,6525.0
2025-07-08 09:15:18,2800.0,2820.5,Put VEX 3,VEX,0.0,,6525.0
2025-07-08 09:15:18,3000.0,3022.0,Call CEX 4,CEX,0.0,,6525.0
2025-07-08 09:15:18,3000.0,3022.0,Put CEX 4,CEX,0.0,,6525.0
2025-07-08 09:15:18,3000.0,3022.0,Call VEX 4,VEX,0.0,,6525.0
2025-07-08 09:15:18,3000.0,3022.0,Put VEX 4,VEX,0.0,,6525.0
2025-07-08 09:15:18,3200.0,3223.5,Call CEX 5,CEX,0.0,,6525.0
2025-07-08 09:15:18,3200.0,3223.5,Put CEX 5,CEX,0.0,,6525.0
2025-07-08 09:15:18,3200.0,3223.5,Call VEX 5,VEX,0.0,,6525.0
2025-07-08 09:15:18,3200.0,3223.5,Put VEX 5,VEX,0.0,,6525.0
2025-07-08 09:15:18,6000.0,6044.0,Put DEX 4,DEX,-4.645,,6525.0
2025-07-08 09:15:18,6035.0,6079.25,Put DEX 2,DEX,-6.371,,6525.0
2025-07-08 09:15:18,6035.0,6079.25,Put GEX 3,GEX,-12270.02,,6525.0
2025-07-08 09:15:18,6050.0,6094.5,Put DEX 1,DEX,-6.901,,6525.0
2025-07-08 09:15:18,6050.0,6094.5,Put GEX 2,GEX,-14508.406,,6525.0
2025-07-08 09:15:18,6075.0,6119.5,Put DEX 5,DEX,-3.037,,6525.0
2025-07-08 09:15:18,6100.0,6144.75,Put DEX 3,DEX,-5.809,,6525.0
2025-07-08 09:15:18,6100.0,6144.75,Put GEX 1,GEX,-20738.352,,6525.0
2025-07-08 09:15:18,6125.0,6170.0,Call DEX 2,DEX,5.142,,6525.0
2025-07-08 09:15:18,6150.0,6195.25,Put GEX 5,GEX,-8497.959,,6525.0
2025-07-08 09:15:18,6200.0,6245.5,Put GEX 4,GEX,-10151.416,,6525.0
2025-07-08 09:15:18,6225.0,6270.75,Call GEX 5,GEX,16072.76,,6525.0
2025-07-08 09:15:18,6250.0,6296.0,Call GEX 4,GEX,17551.041,,6525.0
2025-07-08 09:15:18,6275.0,6321.0,Call DEX 1,DEX,21.551,,6525.0
2025-07-08 09:15:18,6275.0,6321.0,Call GEX 1,GEX,155660.204,,6525.0
2025-07-08 09:15:18,6285.0,6331.25,Call DEX 3,DEX,3.17,,6525.0
2025-07-08 09:15:18,6285.0,6331.25,Call GEX 2,GEX,21036.567,,6525.0
2025-07-08 09:15:18,6300.0,6346.25,Call GEX 3,GEX,18949.577,,6525.0
2025-07-08 09:15:18,6350.0,6396.75,Call DEX 4,DEX,3.157,,6525.0
2025-07-08 09:15:18,6400.0,6447.0,Call DEX 5,DEX,2.978,,6525.0
2025-07-08 09:16:58,2400.0,2417.25,Call CEX 1,CEX,0.0,,6525.0
2025-07-08 09:16:58,2400.0,2417.25,Put CEX 1,CEX,0.0,,6525.0
2025-07-08 09:16:58,2400.0,2417.25,Call VEX 1,VEX,0.0,,6525.0
2025-07-08 09:16:58,2400.0,2417.25,Put VEX 1,VEX,0.0,,6525.0
2025-07-08 09:16:58,2600.0,2618.75,Call CEX 2,CEX,0.0,,6525.0
2025-07-08 09:16:58,2600.0,2618.75,Put CEX 2,CEX,0.0,,6525.0
2025-07-08 09:16:58,2600.0,2618.75,Call VEX 2,VEX,0.0,,6525.0
2025-07-08 09:16:58,2600.0,2618.75,Put VEX 2,VEX,0.0,,6525.0
2025-07-08 09:16:58,2800.0,2820.25,Call CEX 3,CEX,0.0,,6525.0
2025-07-08 09:16:58,2800.0,2820.25,Put CEX 3,CEX,0.0,,6525.0
2025-07-08 09:16:58,2800.0,2820.25,Call VEX 3,VEX,0.0,,6525.0
2025-07-08 09:16:58,2800.0,2820.25,Put VEX 3,VEX,0.0,,6525.0
2025-07-08 09:16:58,3000.0,3021.75,Call CEX 4,CEX,0.0,,6525.0
2025-07-08 09:16:58,3000.0,3021.75,Put CEX 4,CEX,0.0,,6525.0
2025-07-08 09:16:58,3000.0,3021.75,Call VEX 4,VEX,0.0,,6525.0
2025-07-08 09:16:58,3000.0,3021.75,Put VEX 4,VEX,0.0,,6525.0
2025-07-08 09:16:58,3200.0,3223.0,Call CEX 5,CEX,0.0,,6525.0
2025-07-08 09:16:58,3200.0,3223.0,Put CEX 5,CEX,0.0,,6525.0
2025-07-08 09:16:58,3200.0,3223.0,Call VEX 5,VEX,0.0,,6525.0
2025-07-08 09:16:58,3200.0,3223.0,Put VEX 5,VEX,0.0,,6525.0
2025-07-08 09:16:58,6025.0,6068.5,Put DEX 5,DEX,-2.231,,6525.0
2025-07-08 09:16:58,6035.0,6078.5,Put DEX 2,DEX,-6.371,,6525.0
2025-07-08 09:16:58,6035.0,6078.5,Put GEX 3,GEX,-12278.293,,6525.0
2025-07-08 09:16:58,6050.0,6093.75,Put DEX 1,DEX,-6.902,,6525.0
2025-07-08 09:16:58,6050.0,6093.75,Put GEX 2,GEX,-14520.183,,6525.0
2025-07-08 09:16:58,6075.0,6119.0,Put DEX 4,DEX,-3.039,,6525.0
2025-07-08 09:16:58,6100.0,6144.0,Put DEX 3,DEX,-5.821,,6525.0
2025-07-08 09:16:58,6100.0,6144.0,Put GEX 1,GEX,-20818.965,,6525.0
2025-07-08 09:16:58,6125.0,6169.25,Call DEX 2,DEX,5.109,,6525.0
2025-07-08 09:16:58,6150.0,6194.5,Put GEX 5,GEX,-8581.236,,6525.0
2025-07-08 09:16:58,6200.0,6244.75,Put GEX 4,GEX,-11508.413,,6525.0
2025-07-08 09:16:58,6225.0,6270.0,Call GEX 5,GEX,15314.707,,6525.0
2025-07-08 09:16:58,6250.0,6295.25,Call GEX 4,GEX,16881.908,,6525.0
2025-07-08 09:16:58,6275.0,6320.25,Call DEX 1,DEX,21.565,,6525.0
2025-07-08 09:16:58,6275.0,6320.25,Call GEX 1,GEX,154850.344,,6525.0
2025-07-08 09:16:58,6285.0,6330.5,Call DEX 3,DEX,3.172,,6525.0
2025-07-08 09:16:58,6285.0,6330.5,Call GEX 2,GEX,20933.613,,6525.0
2025-07-08 09:16:58,6300.0,6345.5,Call GEX 3,GEX,18507.908,,6525.0
2025-07-08 09:16:58,6350.0,6396.0,Call DEX 4,DEX,3.157,,6525.0
2025-07-08 09:16:58,6400.0,6446.25,Call DEX 5,DEX,2.978,,6525.0
2025-07-08 09:18:37,2400.0,2417.75,Call CEX 1,CEX,0.0,,6525.0
2025-07-08 09:18:37,2400.0,2417.75,Put CEX 1,CEX,0.0,,6525.0
2025-07-08 09:18:37,2400.0,2417.75,Call VEX 1,VEX,0.0,,6525.0
2025-07-08 09:18:37,2400.0,2417.75,Put VEX 1,VEX,0.0,,6525.0
2025-07-08 09:18:37,2600.0,2619.0,Call CEX 2,CEX,0.0,,6525.0
2025-07-08 09:18:37,2600.0,2619.0,Put CEX 2,CEX,0.0,,6525.0
2025-07-08 09:18:37,2600.0,2619.0,Call VEX 2,VEX,0.0,,6525.0
2025-07-08 09:18:37,2600.0,2619.0,Put VEX 2,VEX,0.0,,6525.0
2025-07-08 09:18:37,2800.0,2820.5,Call CEX 3,CEX,0.0,,6525.0
2025-07-08 09:18:37,2800.0,2820.5,Put CEX 3,CEX,0.0,,6525.0
2025-07-08 09:18:37,2800.0,2820.5,Call VEX 3,VEX,0.0,,6525.0
2025-07-08 09:18:37,2800.0,2820.5,Put VEX 3,VEX,0.0,,6525.0
2025-07-08 09:18:37,3000.0,3022.0,Call CEX 4,CEX,0.0,,6525.0
2025-07-08 09:18:37,3000.0,3022.0,Put CEX 4,CEX,0.0,,6525.0
2025-07-08 09:18:37,3000.0,3022.0,Call VEX 4,VEX,0.0,,6525.0
2025-07-08 09:18:37,3000.0,3022.0,Put VEX 4,VEX,0.0,,6525.0
2025-07-08 09:18:37,3200.0,3223.5,Call CEX 5,CEX,0.0,,6525.0
2025-07-08 09:18:37,3200.0,3223.5,Put CEX 5,CEX,0.0,,6525.0
2025-07-08 09:18:37,3200.0,3223.5,Call VEX 5,VEX,0.0,,6525.0
2025-07-08 09:18:37,3200.0,3223.5,Put VEX 5,VEX,0.0,,6525.0
2025-07-08 09:18:37,6025.0,6069.25,Put DEX 5,DEX,-2.231,,6525.0
2025-07-08 09:18:37,6035.0,6079.25,Put DEX 2,DEX,-6.371,,6525.0
2025-07-08 09:18:37,6035.0,6079.25,Put GEX 3,GEX,-12293.379,,6525.0
2025-07-08 09:18:37,6050.0,6094.5,Put DEX 1,DEX,-6.902,,6525.0
2025-07-08 09:18:37,6050.0,6094.5,Put GEX 2,GEX,-14539.454,,6525.0
2025-07-08 09:18:37,6075.0,6119.75,Put DEX 4,DEX,-3.039,,6525.0
2025-07-08 09:18:37,6100.0,6144.75,Put DEX 3,DEX,-5.82,,6525.0
2025-07-08 09:18:37,6100.0,6144.75,Put GEX 1,GEX,-20853.659,,6525.0
2025-07-08 09:18:37,6125.0,6170.0,Call DEX 2,DEX,5.106,,6525.0
2025-07-08 09:18:37,6150.0,6195.25,Put GEX 5,GEX,-8605.819,,6525.0
2025-07-08 09:18:37,6200.0,6245.5,Put GEX 4,GEX,-11439.762,,6525.0
2025-07-08 09:18:37,6225.0,6270.75,Call GEX 5,GEX,15260.728,,6525.0
2025-07-08 09:18:37,6250.0,6296.0,Call GEX 4,GEX,16790.224,,6525.0
2025-07-08 09:18:37,6275.0,6321.0,Call DEX 1,DEX,21.556,,6525.0
2025-07-08 09:18:37,6275.0,6321.0,Call GEX 1,GEX,154058.054,,6525.0
2025-07-08 09:18:37,6285.0,6331.25,Call DEX 3,DEX,3.168,,6525.0
2025-07-08 09:18:37,6285.0,6331.25,Call GEX 2,GEX,20880.864,,6525.0
2025-07-08 09:18:37,6300.0,6346.25,Call GEX 3,GEX,18546.695,,6525.0
2025-07-08 09:18:37,6350.0,6396.75,Call DEX 4,DEX,3.157,,6525.0
2025-07-08 09:18:37,6400.0,6447.0,Call DEX 5,DEX,2.978,,6525.0
2025-07-08 09:20:16,2400.0,2417.5,Call CEX 1,CEX,0.0,,6800.0
2025-07-08 09:20:16,2400.0,2417.5,Put CEX 1,CEX,0.0,,6800.0
2025-07-08 09:20:16,2400.0,2417.5,Call VEX 1,VEX,0.0,,6800.0
2025-07-08 09:20:16,2400.0,2417.5,Put VEX 1,VEX,0.0,,6800.0
2025-07-08 09:20:16,2600.0,2618.75,Call CEX 2,CEX,0.0,,6800.0
2025-07-08 09:20:16,2600.0,2618.75,Put CEX 2,CEX,0.0,,6800.0
2025-07-08 09:20:16,2600.0,2618.75,Call VEX 2,VEX,0.0,,6800.0
2025-07-08 09:20:16,2600.0,2618.75,Put VEX 2,VEX,0.0,,6800.0
2025-07-08 09:20:16,2800.0,2820.25,Call CEX 3,CEX,0.0,,6800.0
2025-07-08 09:20:16,2800.0,2820.25,Put CEX 3,CEX,0.0,,6800.0
2025-07-08 09:20:16,2800.0,2820.25,Call VEX 3,VEX,0.0,,6800.0
2025-07-08 09:20:16,2800.0,2820.25,Put VEX 3,VEX,0.0,,6800.0
2025-07-08 09:20:16,3000.0,3021.75,Call CEX 4,CEX,0.0,,6800.0
2025-07-08 09:20:16,3000.0,3021.75,Put CEX 4,CEX,0.0,,6800.0
2025-07-08 09:20:16,3000.0,3021.75,Call VEX 4,VEX,0.0,,6800.0
2025-07-08 09:20:16,3000.0,3021.75,Put VEX 4,VEX,0.0,,6800.0
2025-07-08 09:20:16,3200.0,3223.25,Call CEX 5,CEX,0.0,,6800.0
2025-07-08 09:20:16,3200.0,3223.25,Put CEX 5,CEX,0.0,,6800.0
2025-07-08 09:20:16,3200.0,3223.25,Call VEX 5,VEX,0.0,,6800.0
2025-07-08 09:20:16,3200.0,3223.25,Put VEX 5,VEX,0.0,,6800.0
2025-07-08 09:20:16,6025.0,6068.75,Put DEX 5,DEX,-2.231,,6800.0
2025-07-08 09:20:16,6035.0,6078.75,Put DEX 2,DEX,-6.372,,6800.0
2025-07-08 09:20:16,6035.0,6078.75,Put GEX 4,GEX,-12250.594,,6800.0
2025-07-08 09:20:16,6050.0,6093.75,Put DEX 1,DEX,-6.902,,6800.0
2025-07-08 09:20:16,6050.0,6093.75,Put GEX 2,GEX,-14490.963,,6800.0
2025-07-08 09:20:16,6075.0,6119.0,Put DEX 4,DEX,-3.043,,6800.0
2025-07-08 09:20:16,6100.0,6144.25,Put DEX 3,DEX,-5.844,,6800.0
2025-07-08 09:20:16,6100.0,6144.25,Put GEX 1,GEX,-20858.957,,6800.0
2025-07-08 09:20:16,6125.0,6169.5,Call DEX 2,DEX,5.043,,6800.0
2025-07-08 09:20:16,6150.0,6194.5,Put GEX 5,GEX,-8703.582,,6800.0
2025-07-08 09:20:16,6200.0,6245.0,Put GEX 3,GEX,-13721.621,,6800.0
2025-07-08 09:20:16,6225.0,6270.25,Call GEX 5,GEX,13671.839,,6800.0
2025-07-08 09:20:16,6250.0,6295.25,Call GEX 4,GEX,15643.826,,6800.0
2025-07-08 09:20:16,6275.0,6320.5,Call DEX 1,DEX,21.704,,6800.0
2025-07-08 09:20:16,6275.0,6320.5,Call GEX 1,GEX,154140.731,,6800.0
2025-07-08 09:20:16,6285.0,6330.5,Call DEX 4,DEX,3.183,,6800.0
2025-07-08 09:20:16,6285.0,6330.5,Call GEX 2,GEX,20954.15,,6800.0
2025-07-08 09:20:16,6300.0,6345.75,Call GEX 3,GEX,17982.277,,6800.0
2025-07-08 09:20:16,6350.0,6396.0,Call DEX 3,DEX,3.25,,6800.0
2025-07-08 09:20:16,6400.0,6446.5,Call DEX 5,DEX,2.986,,6800.0
2025-07-08 09:21:56,2400.0,2417.5,Call CEX 1,CEX,0.0,,6800.0
2025-07-08 09:21:56,2400.0,2417.5,Put CEX 1,CEX,0.0,,6800.0
2025-07-08 09:21:56,2400.0,2417.5,Call VEX 1,VEX,0.0,,6800.0
2025-07-08 09:21:56,2400.0,2417.5,Put VEX 1,VEX,0.0,,6800.0
2025-07-08 09:21:56,2600.0,2619.0,Call CEX 2,CEX,0.0,,6800.0
2025-07-08 09:21:56,2600.0,2619.0,Put CEX 2,CEX,0.0,,6800.0
2025-07-08 09:21:56,2600.0,2619.0,Call VEX 2,VEX,0.0,,6800.0
2025-07-08 09:21:56,2600.0,2619.0,Put VEX 2,VEX,0.0,,6800.0
2025-07-08 09:21:56,2800.0,2820.25,Call CEX 3,CEX,0.0,,6800.0
2025-07-08 09:21:56,2800.0,2820.25,Put CEX 3,CEX,0.0,,6800.0
2025-07-08 09:21:56,2800.0,2820.25,Call VEX 3,VEX,0.0,,6800.0
2025-07-08 09:21:56,2800.0,2820.25,Put VEX 3,VEX,0.0,,6800.0
2025-07-08 09:21:56,3000.0,3021.75,Call CEX 4,CEX,0.0,,6800.0
2025-07-08 09:21:56,3000.0,3021.75,Put CEX 4,CEX,0.0,,6800.0
2025-07-08 09:21:56,3000.0,3021.75,Call VEX 4,VEX,0.0,,6800.0
2025-07-08 09:21:56,3000.0,3021.75,Put VEX 4,VEX,0.0,,6800.0
2025-07-08 09:21:56,3200.0,3223.25,Call CEX 5,CEX,0.0,,6800.0
2025-07-08 09:21:56,3200.0,3223.25,Put CEX 5,CEX,0.0,,6800.0
2025-07-08 09:21:56,3200.0,3223.25,Call VEX 5,VEX,0.0,,6800.0
2025-07-08 09:21:56,3200.0,3223.25,Put VEX 5,VEX,0.0,,6800.0
2025-07-08 09:21:56,6025.0,6068.75,Put DEX 5,DEX,-2.231,,6800.0
2025-07-08 09:21:56,6035.0,6079.0,Put DEX 2,DEX,-6.372,,6800.0
2025-07-08 09:21:56,6035.0,6079.0,Put GEX 3,GEX,-12184.881,,6800.0
2025-07-08 09:21:56,6050.0,6094.0,Put DEX 1,DEX,-6.9,,6800.0
2025-07-08 09:21:56,6050.0,6094.0,Put GEX 2,GEX,-14404.524,,6800.0
2025-07-08 09:21:56,6075.0,6119.25,Put DEX 4,DEX,-3.039,,6800.0
2025-07-08 09:21:56,6100.0,6144.5,Put DEX 3,DEX,-5.816,,6800.0
2025-07-08 09:21:56,6100.0,6144.5,Put GEX 1,GEX,-20584.958,,6800.0
2025-07-08 09:21:56,6125.0,6169.5,Call DEX 2,DEX,5.118,,6800.0
2025-07-08 09:21:56,6150.0,6194.75,Put GEX 5,GEX,-8444.307,,6800.0
2025-07-08 09:21:56,6200.0,6245.0,Put GEX 4,GEX,-11070.545,,6800.0
2025-07-08 09:21:56,6225.0,6270.25,Call GEX 5,GEX,15273.692,,6800.0
2025-07-08 09:21:56,6250.0,6295.5,Call GEX 4,GEX,17203.514,,6800.0
2025-07-08 09:21:56,6275.0,6320.75,Call DEX 1,DEX,21.713,,6800.0
2025-07-08 09:21:56,6275.0,6320.75,Call GEX 1,GEX,158476.979,,6800.0
2025-07-08 09:21:56,6285.0,6330.75,Call DEX 3,DEX,3.186,,6800.0
2025-07-08 09:21:56,6285.0,6330.75,Call GEX 2,GEX,21449.297,,6800.0
2025-07-08 09:21:56,6300.0,6345.75,Call GEX 3,GEX,19050.155,,6800.0
2025-07-08 09:21:56,6350.0,6396.25,Call DEX 4,DEX,3.158,,6800.0
2025-07-08 09:21:56,6400.0,6446.5,Call DEX 5,DEX,2.978,,6800.0
2025-07-08 09:23:36,2400.0,2417.5,Call CEX 1,CEX,0.0,,6525.0
2025-07-08 09:23:36,2400.0,2417.5,Put CEX 1,CEX,0.0,,6525.0
2025-07-08 09:23:36,2400.0,2417.5,Call VEX 1,VEX,0.0,,6525.0
2025-07-08 09:23:36,2400.0,2417.5,Put VEX 1,VEX,0.0,,6525.0
2025-07-08 09:23:36,2600.0,2619.0,Call CEX 2,CEX,0.0,,6525.0
2025-07-08 09:23:36,2600.0,2619.0,Put CEX 2,CEX,0.0,,6525.0
2025-07-08 09:23:36,2600.0,2619.0,Call VEX 2,VEX,0.0,,6525.0
2025-07-08 09:23:36,2600.0,2619.0,Put VEX 2,VEX,0.0,,6525.0
2025-07-08 09:23:36,2800.0,2820.5,Call CEX 3,CEX,0.0,,6525.0
2025-07-08 09:23:36,2800.0,2820.5,Put CEX 3,CEX,0.0,,6525.0
2025-07-08 09:23:36,2800.0,2820.5,Call VEX 3,VEX,0.0,,6525.0
2025-07-08 09:23:36,2800.0,2820.5,Put VEX 3,VEX,0.0,,6525.0
2025-07-08 09:23:36,3000.0,3022.0,Call CEX 4,CEX,0.0,,6525.0
2025-07-08 09:23:36,3000.0,3022.0,Put CEX 4,CEX,0.0,,6525.0
2025-07-08 09:23:36,3000.0,3022.0,Call VEX 4,VEX,0.0,,6525.0
2025-07-08 09:23:36,3000.0,3022.0,Put VEX 4,VEX,0.0,,6525.0
2025-07-08 09:23:36,3200.0,3223.5,Call CEX 5,CEX,0.0,,6525.0
2025-07-08 09:23:36,3200.0,3223.5,Put CEX 5,CEX,0.0,,6525.0
2025-07-08 09:23:36,3200.0,3223.5,Call VEX 5,VEX,0.0,,6525.0
2025-07-08 09:23:36,3200.0,3223.5,Put VEX 5,VEX,0.0,,6525.0
2025-07-08 09:23:36,6025.0,6069.0,Put DEX 5,DEX,-2.232,,6525.0
2025-07-08 09:23:36,6035.0,6079.25,Put DEX 2,DEX,-6.372,,6525.0
2025-07-08 09:23:36,6035.0,6079.25,Put GEX 4,GEX,-12198.973,,6525.0
2025-07-08 09:23:36,6050.0,6094.25,Put DEX 1,DEX,-6.903,,6525.0
2025-07-08 09:23:36,6050.0,6094.25,Put GEX 3,GEX,-14422.773,,6525.0
2025-07-08 09:23:36,6075.0,6119.5,Put DEX 4,DEX,-3.045,,6525.0
2025-07-08 09:23:36,6100.0,6144.75,Put DEX 3,DEX,-5.867,,6525.0
2025-07-08 09:23:36,6100.0,6144.75,Put GEX 1,GEX,-20833.369,,6525.0
2025-07-08 09:23:36,6125.0,6169.75,Call DEX 3,DEX,4.984,,6525.0
2025-07-08 09:23:36,6150.0,6195.0,Put GEX 5,GEX,-8779.549,,6525.0
2025-07-08 09:23:36,6200.0,6245.5,Put GEX 2,GEX,-15979.555,,6525.0
2025-07-08 09:23:36,6250.0,6295.75,Call GEX 4,GEX,14356.881,,6525.0
2025-07-08 09:23:36,6275.0,6321.0,Call DEX 1,DEX,21.897,,6525.0
2025-07-08 09:23:36,6275.0,6321.0,Call GEX 1,GEX,154161.375,,6525.0
2025-07-08 09:23:36,6285.0,6331.0,Call DEX 5,DEX,3.201,,6525.0
2025-07-08 09:23:36,6285.0,6331.0,Call GEX 3,GEX,21038.476,,6525.0
2025-07-08 09:23:36,6300.0,6346.0,Call DEX 2,DEX,5.898,,6525.0
2025-07-08 09:23:36,6300.0,6346.0,Call GEX 2,GEX,32549.324,,6525.0
2025-07-08 09:23:36,6310.0,6356.25,Call GEX 5,GEX,13212.853,,6525.0
2025-07-08 09:23:36,6350.0,6396.5,Call DEX 4,DEX,3.251,,6525.0
2025-07-08 09:25:16,2400.0,2417.75,Call CEX 1,CEX,0.0,,6800.0
2025-07-08 09:25:16,2400.0,2417.75,Put CEX 1,CEX,0.0,,6800.0
2025-07-08 09:25:16,2400.0,2417.75,Call VEX 1,VEX,0.0,,6800.0
2025-07-08 09:25:16,2400.0,2417.75,Put VEX 1,VEX,0.0,,6800.0
2025-07-08 09:25:16,2600.0,2619.25,Call CEX 2,CEX,0.0,,6800.0
2025-07-08 09:25:16,2600.0,2619.25,Put CEX 2,CEX,0.0,,6800.0
2025-07-08 09:25:16,2600.0,2619.25,Call VEX 2,VEX,0.0,,6800.0
2025-07-08 09:25:16,2600.0,2619.25,Put VEX 2,VEX,0.0,,6800.0
2025-07-08 09:25:16,2800.0,2820.5,Call CEX 3,CEX,0.0,,6800.0
2025-07-08 09:25:16,2800.0,2820.5,Put CEX 3,CEX,0.0,,6800.0
2025-07-08 09:25:16,2800.0,2820.5,Call VEX 3,VEX,0.0,,6800.0
2025-07-08 09:25:16,2800.0,2820.5,Put VEX 3,VEX,0.0,,6800.0
2025-07-08 09:25:16,3000.0,3022.0,Call CEX 4,CEX,0.0,,6800.0
2025-07-08 09:25:16,3000.0,3022.0,Put CEX 4,CEX,0.0,,6800.0
2025-07-08 09:25:16,3000.0,3022.0,Call VEX 4,VEX,0.0,,6800.0
2025-07-08 09:25:16,3000.0,3022.0,Put VEX 4,VEX,0.0,,6800.0
2025-07-08 09:25:16,3200.0,3223.5,Call CEX 5,CEX,0.0,,6800.0
2025-07-08 09:25:16,3200.0,3223.5,Put CEX 5,CEX,0.0,,6800.0
2025-07-08 09:25:16,3200.0,3223.5,Call VEX 5,VEX,0.0,,6800.0
2025-07-08 09:25:16,3200.0,3223.5,Put VEX 5,VEX,0.0,,6800.0
2025-07-08 09:25:16,6025.0,6069.25,Put DEX 5,DEX,-2.232,,6800.0
2025-07-08 09:25:16,6035.0,6079.5,Put DEX 2,DEX,-6.373,,6800.0
2025-07-08 09:25:16,6035.0,6079.5,Put GEX 3,GEX,-11925.713,,6800.0
2025-07-08 09:25:16,6050.0,6094.5,Put DEX 1,DEX,-6.902,,6800.0
2025-07-08 09:25:16,6050.0,6094.5,Put GEX 2,GEX,-14069.061,,6800.0
2025-07-08 09:25:16,6075.0,6119.75,Put DEX 4,DEX,-3.038,,6800.0
2025-07-08 09:25:16,6100.0,6145.0,Put DEX 3,DEX,-5.81,,6800.0
2025-07-08 09:25:16,6100.0,6145.0,Put GEX 1,GEX,-19955.025,,6800.0
2025-07-08 09:25:16,6125.0,6170.0,Call DEX 2,DEX,5.124,,6800.0
2025-07-08 09:25:16,6150.0,6195.25,Put GEX 5,GEX,-8153.177,,6800.0
2025-07-08 09:25:16,6200.0,6245.75,Put GEX 4,GEX,-11015.891,,6800.0
2025-07-08 09:25:16,6225.0,6270.75,Call GEX 5,GEX,14743.864,,6800.0
2025-07-08 09:25:16,6250.0,6296.0,Call GEX 4,GEX,17389.322,,6800.0
2025-07-08 09:25:16,6275.0,6321.25,Call DEX 1,DEX,22.256,,6800.0
2025-07-08 09:25:16,6275.0,6321.25,Call GEX 1,GEX,168159.271,,6800.0
2025-07-08 09:25:16,6285.0,6331.25,Call DEX 3,DEX,3.24,,6800.0
2025-07-08 09:25:16,6285.0,6331.25,Call GEX 2,GEX,22867.257,,6800.0
2025-07-08 09:25:16,6300.0,6346.5,Call GEX 3,GEX,20196.375,,6800.0
2025-07-08 09:25:16,6350.0,6396.75,Call DEX 4,DEX,3.158,,6800.0
2025-07-08 09:25:16,6400.0,6447.25,Call DEX 5,DEX,2.98,,6800.0
2025-07-08 09:26:56,2400.0,2417.5,Call CEX 1,CEX,0.0,,6550.0
2025-07-08 09:26:56,2400.0,2417.5,Put CEX 1,CEX,0.0,,6550.0
2025-07-08 09:26:56,2400.0,2417.5,Call VEX 1,VEX,0.0,,6550.0
2025-07-08 09:26:56,2400.0,2417.5,Put VEX 1,VEX,0.0,,6550.0
2025-07-08 09:26:56,2600.0,2619.0,Call CEX 2,CEX,0.0,,6550.0
2025-07-08 09:26:56,2600.0,2619.0,Put CEX 2,CEX,0.0,,6550.0
2025-07-08 09:26:56,2600.0,2619.0,Call VEX 2,VEX,0.0,,6550.0
2025-07-08 09:26:56,2600.0,2619.0,Put VEX 2,VEX,0.0,,6550.0
2025-07-08 09:26:56,2800.0,2820.25,Call CEX 3,CEX,0.0,,6550.0
2025-07-08 09:26:56,2800.0,2820.25,Put CEX 3,CEX,0.0,,6550.0
2025-07-08 09:26:56,2800.0,2820.25,Call VEX 3,VEX,0.0,,6550.0
2025-07-08 09:26:56,2800.0,2820.25,Put VEX 3,VEX,0.0,,6550.0
2025-07-08 09:26:56,3000.0,3021.75,Call CEX 4,CEX,0.0,,6550.0
2025-07-08 09:26:56,3000.0,3021.75,Put CEX 4,CEX,0.0,,6550.0
2025-07-08 09:26:56,3000.0,3021.75,Call VEX 4,VEX,0.0,,6550.0
2025-07-08 09:26:56,3000.0,3021.75,Put VEX 4,VEX,0.0,,6550.0
2025-07-08 09:26:56,3200.0,3223.25,Call CEX 5,CEX,0.0,,6550.0
2025-07-08 09:26:56,3200.0,3223.25,Put CEX 5,CEX,0.0,,6550.0
2025-07-08 09:26:56,3200.0,3223.25,Call VEX 5,VEX,0.0,,6550.0
2025-07-08 09:26:56,3200.0,3223.25,Put VEX 5,VEX,0.0,,6550.0
2025-07-08 09:26:56,6025.0,6068.75,Put DEX 5,DEX,-2.232,,6550.0
2025-07-08 09:26:56,6035.0,6079.0,Put DEX 2,DEX,-6.373,,6550.0
2025-07-08 09:26:56,6035.0,6079.0,Put GEX 4,GEX,-11914.198,,6550.0
2025-07-08 09:26:56,6050.0,6094.0,Put DEX 1,DEX,-6.903,,6550.0
2025-07-08 09:26:56,6050.0,6094.0,Put GEX 2,GEX,-14056.61,,6550.0
2025-07-08 09:26:56,6075.0,6119.25,Put DEX 4,DEX,-3.042,,6550.0
2025-07-08 09:26:56,6100.0,6144.5,Put DEX 3,DEX,-5.836,,6550.0
2025-07-08 09:26:56,6100.0,6144.5,Put GEX 1,GEX,-20022.459,,6550.0
2025-07-08 09:26:56,6125.0,6169.5,Call DEX 2,DEX,5.057,,6550.0
2025-07-08 09:26:56,6150.0,6194.75,Put GEX 5,GEX,-8229.226,,6550.0
2025-07-08 09:26:56,6200.0,6245.0,Put GEX 3,GEX,-13019.934,,6550.0
2025-07-08 09:26:56,6250.0,6295.5,Call GEX 4,GEX,16038.073,,6550.0
2025-07-08 09:26:56,6275.0,6320.75,Call DEX 1,DEX,22.36,,6550.0
2025-07-08 09:26:56,6275.0,6320.75,Call GEX 1,GEX,166789.388,,6550.0
2025-07-08 09:26:56,6285.0,6330.75,Call DEX 4,DEX,3.248,,6550.0
2025-07-08 09:26:56,6285.0,6330.75,Call GEX 2,GEX,22783.509,,6550.0
2025-07-08 09:26:56,6300.0,6345.75,Call GEX 3,GEX,19526.806,,6550.0
2025-07-08 09:26:56,6310.0,6356.0,Call GEX 5,GEX,14075.181,,6550.0
2025-07-08 09:26:56,6350.0,6396.25,Call DEX 3,DEX,3.252,,6550.0
2025-07-08 09:26:56,6400.0,6446.5,Call DEX 5,DEX,2.988,,6550.0
2025-07-08 09:28:35,2400.0,2417.5,Call CEX 1,CEX,0.0,,6550.0
2025-07-08 09:28:35,2400.0,2417.5,Put CEX 1,CEX,0.0,,6550.0
2025-07-08 09:28:35,2400.0,2417.5,Call VEX 1,VEX,0.0,,6550.0
2025-07-08 09:28:35,2400.0,2417.5,Put VEX 1,VEX,0.0,,6550.0
2025-07-08 09:28:35,2600.0,2618.75,Call CEX 2,CEX,0.0,,6550.0
2025-07-08 09:28:35,2600.0,2618.75,Put CEX 2,CEX,0.0,,6550.0
2025-07-08 09:28:35,2600.0,2618.75,Call VEX 2,VEX,0.0,,6550.0
2025-07-08 09:28:35,2600.0,2618.75,Put VEX 2,VEX,0.0,,6550.0
2025-07-08 09:28:35,2800.0,2820.25,Call CEX 3,CEX,0.0,,6550.0
2025-07-08 09:28:35,2800.0,2820.25,Put CEX 3,CEX,0.0,,6550.0
2025-07-08 09:28:35,2800.0,2820.25,Call VEX 3,VEX,0.0,,6550.0
2025-07-08 09:28:35,2800.0,2820.25,Put VEX 3,VEX,0.0,,6550.0
2025-07-08 09:28:35,3000.0,3021.75,Call CEX 4,CEX,0.0,,6550.0
2025-07-08 09:28:35,3000.0,3021.75,Put CEX 4,CEX,0.0,,6550.0
2025-07-08 09:28:35,3000.0,3021.75,Call VEX 4,VEX,0.0,,6550.0
2025-07-08 09:28:35,3000.0,3021.75,Put VEX 4,VEX,0.0,,6550.0
2025-07-08 09:28:35,3200.0,3223.25,Call CEX 5,CEX,0.0,,6550.0
2025-07-08 09:28:35,3200.0,3223.25,Put CEX 5,CEX,0.0,,6550.0
2025-07-08 09:28:35,3200.0,3223.25,Call VEX 5,VEX,0.0,,6550.0
2025-07-08 09:28:35,3200.0,3223.25,Put VEX 5,VEX,0.0,,6550.0
2025-07-08 09:28:35,6025.0,6068.75,Put DEX 5,DEX,-2.232,,6550.0
2025-07-08 09:28:35,6035.0,6078.75,Put DEX 2,DEX,-6.375,,6550.0
2025-07-08 09:28:35,6035.0,6078.75,Put GEX 4,GEX,-11731.947,,6550.0
2025-07-08 09:28:35,6050.0,6093.75,Put DEX 1,DEX,-6.905,,6550.0
2025-07-08 09:28:35,6050.0,6093.75,Put GEX 2,GEX,-13824.121,,6550.0
2025-07-08 09:28:35,6075.0,6119.0,Put DEX 4,DEX,-3.042,,6550.0
2025-07-08 09:28:35,6100.0,6144.25,Put DEX 3,DEX,-5.83,,6550.0
2025-07-08 09:28:35,6100.0,6144.25,Put GEX 1,GEX,-19570.197,,6550.0
2025-07-08 09:28:35,6125.0,6169.5,Call DEX 2,DEX,5.076,,6550.0
2025-07-08 09:28:35,6150.0,6194.5,Put GEX 5,GEX,-7968.056,,6550.0
2025-07-08 09:28:35,6200.0,6245.0,Put GEX 3,GEX,-12091.157,,6550.0
2025-07-08 09:28:35,6250.0,6295.25,Call GEX 4,GEX,16361.428,,6550.0
2025-07-08 09:28:35,6275.0,6320.5,Call DEX 1,DEX,22.822,,6550.0
2025-07-08 09:28:35,6275.0,6320.5,Call GEX 1,GEX,173453.934,,6550.0
2025-07-08 09:28:35,6285.0,6330.5,Call DEX 3,DEX,3.302,,6550.0
2025-07-08 09:28:35,6285.0,6330.5,Call GEX 2,GEX,23793.349,,6550.0
2025-07-08 09:28:35,6300.0,6345.75,Call GEX 3,GEX,20781.575,,6550.0
2025-07-08 09:28:35,6310.0,6355.75,Call GEX 5,GEX,14319.196,,6550.0
2025-07-08 09:28:35,6350.0,6396.0,Call DEX 4,DEX,3.255,,6550.0
2025-07-08 09:28:35,6400.0,6446.5,Call DEX 5,DEX,2.989,,6550.0
2025-07-08 09:30:14,2400.0,2417.5,Call CEX 1,CEX,0.0,,6550.0
2025-07-08 09:30:14,2400.0,2417.5,Put CEX 1,CEX,0.0,,6550.0
2025-07-08 09:30:14,2400.0,2417.5,Call VEX 1,VEX,0.0,,6550.0
2025-07-08 09:30:14,2400.0,2417.5,Put VEX 1,VEX,0.0,,6550.0
2025-07-08 09:30:14,2600.0,2619.0,Call CEX 2,CEX,0.0,,6550.0
2025-07-08 09:30:14,2600.0,2619.0,Put CEX 2,CEX,0.0,,6550.0
2025-07-08 09:30:14,2600.0,2619.0,Call VEX 2,VEX,0.0,,6550.0
2025-07-08 09:30:14,2600.0,2619.0,Put VEX 2,VEX,0.0,,6550.0
2025-07-08 09:30:14,2800.0,2820.5,Call CEX 3,CEX,0.0,,6550.0
2025-07-08 09:30:14,2800.0,2820.5,Put CEX 3,CEX,0.0,,6550.0
2025-07-08 09:30:14,2800.0,2820.5,Call VEX 3,VEX,0.0,,6550.0
2025-07-08 09:30:14,2800.0,2820.5,Put VEX 3,VEX,0.0,,6550.0
2025-07-08 09:30:14,3000.0,3021.75,Call CEX 4,CEX,0.0,,6550.0
2025-07-08 09:30:14,3000.0,3021.75,Put CEX 4,CEX,0.0,,6550.0
2025-07-08 09:30:14,3000.0,3021.75,Call VEX 4,VEX,0.0,,6550.0
2025-07-08 09:30:14,3000.0,3021.75,Put VEX 4,VEX,0.0,,6550.0
2025-07-08 09:30:14,3200.0,3223.25,Call CEX 5,CEX,0.0,,6550.0
2025-07-08 09:30:14,3200.0,3223.25,Put CEX 5,CEX,0.0,,6550.0
2025-07-08 09:30:14,3200.0,3223.25,Call VEX 5,VEX,0.0,,6550.0
2025-07-08 09:30:14,3200.0,3223.25,Put VEX 5,VEX,0.0,,6550.0
2025-07-08 09:30:14,6025.0,6068.75,Put DEX 5,DEX,-2.232,,6550.0
2025-07-08 09:30:14,6035.0,6079.0,Put DEX 2,DEX,-6.375,,6550.0
2025-07-08 09:30:14,6035.0,6079.0,Put GEX 3,GEX,-11708.417,,6550.0
2025-07-08 09:30:14,6050.0,6094.0,Put DEX 1,DEX,-6.904,,6550.0
2025-07-08 09:30:14,6050.0,6094.0,Put GEX 2,GEX,-13792.67,,6550.0
2025-07-08 09:30:14,6075.0,6119.25,Put DEX 4,DEX,-3.037,,6550.0
2025-07-08 09:30:14,6100.0,6144.5,Put DEX 3,DEX,-5.808,,6550.0
2025-07-08 09:30:14,6100.0,6144.5,Put GEX 1,GEX,-19452.85,,6550.0
2025-07-08 09:30:14,6125.0,6169.5,Call DEX 2,DEX,5.15,,6550.0
2025-07-08 09:30:14,6150.0,6194.75,Put GEX 5,GEX,-7842.99,,6550.0
2025-07-08 09:30:14,6200.0,6245.0,Put GEX 4,GEX,-10742.439,,6550.0
2025-07-08 09:30:14,6250.0,6295.5,Call GEX 4,GEX,17545.375,,6550.0
2025-07-08 09:30:14,6275.0,6320.75,Call DEX 1,DEX,22.757,,6550.0
2025-07-08 09:30:14,6275.0,6320.75,Call GEX 1,GEX,177436.853,,6550.0
2025-07-08 09:30:14,6285.0,6330.75,Call DEX 3,DEX,3.292,,6550.0
2025-07-08 09:30:14,6285.0,6330.75,Call GEX 2,GEX,24238.894,,6550.0
2025-07-08 09:30:14,6300.0,6345.75,Call GEX 3,GEX,21282.164,,6550.0
2025-07-08 09:30:14,6310.0,6356.0,Call GEX 5,GEX,14447.425,,6550.0
2025-07-08 09:30:14,6350.0,6396.25,Call DEX 4,DEX,3.162,,6550.0
2025-07-08 09:30:14,6400.0,6446.5,Call DEX 5,DEX,2.981,,6550.0
2025-07-08 09:31:53,2400.0,2417.5,Call CEX 1,CEX,0.0,,6800.0
2025-07-08 09:31:53,2400.0,2417.5,Put CEX 1,CEX,0.0,,6800.0
2025-07-08 09:31:53,2400.0,2417.5,Call VEX 1,VEX,0.0,,6800.0
2025-07-08 09:31:53,2400.0,2417.5,Put VEX 1,VEX,0.0,,6800.0
2025-07-08 09:31:53,2600.0,2619.0,Call CEX 2,CEX,0.0,,6800.0
2025-07-08 09:31:53,2600.0,2619.0,Put CEX 2,CEX,0.0,,6800.0
2025-07-08 09:31:53,2600.0,2619.0,Call VEX 2,VEX,0.0,,6800.0
2025-07-08 09:31:53,2600.0,2619.0,Put VEX 2,VEX,0.0,,6800.0
2025-07-08 09:31:53,2800.0,2820.5,Call CEX 3,CEX,0.0,,6800.0
2025-07-08 09:31:53,2800.0,2820.5,Put CEX 3,CEX,0.0,,6800.0
2025-07-08 09:31:53,2800.0,2820.5,Call VEX 3,VEX,0.0,,6800.0
2025-07-08 09:31:53,2800.0,2820.5,Put VEX 3,VEX,0.0,,6800.0
2025-07-08 09:31:53,3000.0,3021.75,Call CEX 4,CEX,0.0,,6800.0
2025-07-08 09:31:53,3000.0,3021.75,Put CEX 4,CEX,0.0,,6800.0
2025-07-08 09:31:53,3000.0,3021.75,Call VEX 4,VEX,0.0,,6800.0
2025-07-08 09:31:53,3000.0,3021.75,Put VEX 4,VEX,0.0,,6800.0
2025-07-08 09:31:53,3200.0,3223.25,Call CEX 5,CEX,0.0,,6800.0
2025-07-08 09:31:53,3200.0,3223.25,Put CEX 5,CEX,0.0,,6800.0
2025-07-08 09:31:53,3200.0,3223.25,Call VEX 5,VEX,0.0,,6800.0
2025-07-08 09:31:53,3200.0,3223.25,Put VEX 5,VEX,0.0,,6800.0
2025-07-08 09:31:53,6000.0,6043.75,Put DEX 4,DEX,-4.649,,6800.0
2025-07-08 09:31:53,6035.0,6079.0,Put DEX 3,DEX,-6.433,,6800.0
2025-07-08 09:31:53,6035.0,6079.0,Put GEX 3,GEX,-11785.975,,6800.0
2025-07-08 09:31:53,6050.0,6094.0,Put DEX 2,DEX,-7.087,,6800.0
2025-07-08 09:31:53,6050.0,6094.0,Put GEX 2,GEX,-14006.062,,6800.0
2025-07-08 09:31:53,6075.0,6119.25,Put DEX 5,DEX,-3.582,,6800.0
2025-07-08 09:31:53,6075.0,6119.25,Put GEX 5,GEX,-8140.906,,6800.0
2025-07-08 09:31:53,6100.0,6144.5,Put DEX 1,DEX,-8.906,,6800.0
2025-07-08 09:31:53,6100.0,6144.5,Put GEX 1,GEX,-23732.806,,6800.0
2025-07-08 09:31:53,6175.0,6220.0,Call DEX 5,DEX,2.927,,6800.0
2025-07-08 09:31:53,6200.0,6245.25,Put GEX 4,GEX,-8379.705,,6800.0
2025-07-08 09:31:53,6225.0,6270.25,Call GEX 5,GEX,16085.888,,6800.0
2025-07-08 09:31:53,6250.0,6295.5,Call GEX 4,GEX,19261.509,,6800.0
2025-07-08 09:31:53,6275.0,6320.75,Call DEX 1,DEX,22.599,,6800.0
2025-07-08 09:31:53,6275.0,6320.75,Call GEX 1,GEX,179007.834,,6800.0
2025-07-08 09:31:53,6285.0,6330.75,Call DEX 2,DEX,3.274,,6800.0
2025-07-08 09:31:53,6285.0,6330.75,Call GEX 2,GEX,24343.956,,6800.0
2025-07-08 09:31:53,6300.0,6345.75,Call GEX 3,GEX,22134.292,,6800.0
2025-07-08 09:31:53,6350.0,6396.25,Call DEX 3,DEX,3.162,,6800.0
2025-07-08 09:31:53,6400.0,6446.5,Call DEX 4,DEX,2.981,,6800.0
2025-07-08 09:33:33,2400.0,2417.5,Call CEX 1,CEX,0.0,,6550.0
2025-07-08 09:33:33,2400.0,2417.5,Put CEX 1,CEX,0.0,,6550.0
2025-07-08 09:33:33,2400.0,2417.5,Call VEX 1,VEX,0.0,,6550.0
2025-07-08 09:33:33,2400.0,2417.5,Put VEX 1,VEX,0.0,,6550.0
2025-07-08 09:33:33,2600.0,2619.0,Call CEX 2,CEX,0.0,,6550.0
2025-07-08 09:33:33,2600.0,2619.0,Put CEX 2,CEX,0.0,,6550.0
2025-07-08 09:33:33,2600.0,2619.0,Call VEX 2,VEX,0.0,,6550.0
2025-07-08 09:33:33,2600.0,2619.0,Put VEX 2,VEX,0.0,,6550.0
2025-07-08 09:33:33,2800.0,2820.25,Call CEX 3,CEX,0.0,,6550.0
2025-07-08 09:33:33,2800.0,2820.25,Put CEX 3,CEX,0.0,,6550.0
2025-07-08 09:33:33,2800.0,2820.25,Call VEX 3,VEX,0.0,,6550.0
2025-07-08 09:33:33,2800.0,2820.25,Put VEX 3,VEX,0.0,,6550.0
2025-07-08 09:33:33,3000.0,3021.75,Call CEX 4,CEX,0.0,,6550.0
2025-07-08 09:33:33,3000.0,3021.75,Put CEX 4,CEX,0.0,,6550.0
2025-07-08 09:33:33,3000.0,3021.75,Call VEX 4,VEX,0.0,,6550.0
2025-07-08 09:33:33,3000.0,3021.75,Put VEX 4,VEX,0.0,,6550.0
2025-07-08 09:33:33,3200.0,3223.25,Call CEX 5,CEX,0.0,,6550.0
2025-07-08 09:33:33,3200.0,3223.25,Put CEX 5,CEX,0.0,,6550.0
2025-07-08 09:33:33,3200.0,3223.25,Call VEX 5,VEX,0.0,,6550.0
2025-07-08 09:33:33,3200.0,3223.25,Put VEX 5,VEX,0.0,,6550.0
2025-07-08 09:33:33,6000.0,6043.75,Put DEX 4,DEX,-4.649,,6550.0
2025-07-08 09:33:33,6035.0,6079.0,Put DEX 2,DEX,-6.433,,6550.0
2025-07-08 09:33:33,6035.0,6079.0,Put GEX 3,GEX,-11773.42,,6550.0
2025-07-08 09:33:33,6050.0,6094.0,Put DEX 1,DEX,-7.087,,6550.0
2025-07-08 09:33:33,6050.0,6094.0,Put GEX 2,GEX,-13989.947,,6550.0
2025-07-08 09:33:33,6075.0,6119.25,Put DEX 5,DEX,-3.582,,6550.0
2025-07-08 09:33:33,6075.0,6119.25,Put GEX 5,GEX,-8130.108,,6550.0
2025-07-08 09:33:33,6100.0,6144.25,Put DEX 3,DEX,-5.794,,6550.0
2025-07-08 09:33:33,6100.0,6144.25,Put GEX 1,GEX,-19394.39,,6550.0
2025-07-08 09:33:33,6125.0,6169.5,Call DEX 2,DEX,5.174,,6550.0
2025-07-08 09:33:33,6200.0,6245.0,Put GEX 4,GEX,-8950.967,,6550.0
2025-07-08 09:33:33,6225.0,6270.25,Call GEX 5,GEX,15625.81,,6550.0
2025-07-08 09:33:33,6250.0,6295.5,Call GEX 4,GEX,18814.152,,6550.0
2025-07-08 09:33:33,6275.0,6320.75,Call DEX 1,DEX,22.672,,6550.0
2025-07-08 09:33:33,6275.0,6320.75,Call GEX 1,GEX,178558.331,,6550.0
2025-07-08 09:33:33,6285.0,6330.75,Call DEX 3,DEX,3.286,,6550.0
2025-07-08 09:33:33,6285.0,6330.75,Call GEX 2,GEX,24283.67,,6550.0
2025-07-08 09:33:33,6300.0,6345.75,Call GEX 3,GEX,21988.616,,6550.0
2025-07-08 09:33:33,6350.0,6396.25,Call DEX 4,DEX,3.162,,6550.0
2025-07-08 09:33:33,6400.0,6446.5,Call DEX 5,DEX,2.981,,6550.0
2025-07-08 09:35:12,2400.0,2417.5,Call CEX 1,CEX,0.0,,6800.0
2025-07-08 09:35:12,2400.0,2417.5,Put CEX 1,CEX,0.0,,6800.0
2025-07-08 09:35:12,2400.0,2417.5,Call VEX 1,VEX,0.0,,6800.0
2025-07-08 09:35:12,2400.0,2417.5,Put VEX 1,VEX,0.0,,6800.0
2025-07-08 09:35:12,2600.0,2619.0,Call CEX 2,CEX,0.0,,6800.0
2025-07-08 09:35:12,2600.0,2619.0,Put CEX 2,CEX,0.0,,6800.0
2025-07-08 09:35:12,2600.0,2619.0,Call VEX 2,VEX,0.0,,6800.0
2025-07-08 09:35:12,2600.0,2619.0,Put VEX 2,VEX,0.0,,6800.0
2025-07-08 09:35:12,2800.0,2820.25,Call CEX 3,CEX,0.0,,6800.0
2025-07-08 09:35:12,2800.0,2820.25,Put CEX 3,CEX,0.0,,6800.0
2025-07-08 09:35:12,2800.0,2820.25,Call VEX 3,VEX,0.0,,6800.0
2025-07-08 09:35:12,2800.0,2820.25,Put VEX 3,VEX,0.0,,6800.0
2025-07-08 09:35:12,3000.0,3021.75,Call CEX 4,CEX,0.0,,6800.0
2025-07-08 09:35:12,3000.0,3021.75,Put CEX 4,CEX,0.0,,6800.0
2025-07-08 09:35:12,3000.0,3021.75,Call VEX 4,VEX,0.0,,6800.0
2025-07-08 09:35:12,3000.0,3021.75,Put VEX 4,VEX,0.0,,6800.0
2025-07-08 09:35:12,3200.0,3223.25,Call CEX 5,CEX,0.0,,6800.0
2025-07-08 09:35:12,3200.0,3223.25,Put CEX 5,CEX,0.0,,6800.0
2025-07-08 09:35:12,3200.0,3223.25,Call VEX 5,VEX,0.0,,6800.0
2025-07-08 09:35:12,3200.0,3223.25,Put VEX 5,VEX,0.0,,6800.0
2025-07-08 09:35:12,6000.0,6043.75,Put DEX 4,DEX,-4.647,,6800.0
2025-07-08 09:35:12,6035.0,6079.0,Put DEX 3,DEX,-6.431,,6800.0
2025-07-08 09:35:12,6035.0,6079.0,Put GEX 3,GEX,-11993.116,,6800.0
2025-07-08 09:35:12,6050.0,6094.0,Put DEX 2,DEX,-7.087,,6800.0
2025-07-08 09:35:12,6050.0,6094.0,Put GEX 2,GEX,-14268.284,,6800.0
2025-07-08 09:35:12,6075.0,6119.25,Put DEX 5,DEX,-3.582,,6800.0
2025-07-08 09:35:12,6075.0,6119.25,Put GEX 5,GEX,-8317.159,,6800.0
2025-07-08 09:35:12,6100.0,6144.25,Put DEX 1,DEX,-8.907,,6800.0
2025-07-08 09:35:12,6100.0,6144.25,Put GEX 1,GEX,-24340.027,,6800.0
2025-07-08 09:35:12,6125.0,6169.5,Call DEX 2,DEX,5.182,,6800.0
2025-07-08 09:35:12,6200.0,6245.0,Put GEX 4,GEX,-9563.682,,6800.0
2025-07-08 09:35:12,6225.0,6270.25,Call GEX 5,GEX,15689.693,,6800.0
2025-07-08 09:35:12,6250.0,6295.5,Call GEX 4,GEX,18097.067,,6800.0
2025-07-08 09:35:12,6275.0,6320.75,Call DEX 1,DEX,22.25,,6800.0
2025-07-08 09:35:12,6275.0,6320.75,Call GEX 1,GEX,167459.149,,6800.0
2025-07-08 09:35:12,6285.0,6330.75,Call DEX 3,DEX,3.242,,6800.0
2025-07-08 09:35:12,6285.0,6330.75,Call GEX 2,GEX,22776.17,,6800.0
2025-07-08 09:35:12,6300.0,6345.75,Call GEX 3,GEX,20582.203,,6800.0
2025-07-08 09:35:12,6350.0,6396.25,Call DEX 4,DEX,3.16,,6800.0
2025-07-08 09:35:12,6400.0,6446.5,Call DEX 5,DEX,2.98,,6800.0
2025-07-08 09:36:51,2400.0,2417.5,Call CEX 1,CEX,0.0,,6800.0
2025-07-08 09:36:51,2400.0,2417.5,Put CEX 1,CEX,0.0,,6800.0
2025-07-08 09:36:51,2400.0,2417.5,Call VEX 1,VEX,0.0,,6800.0
2025-07-08 09:36:51,2400.0,2417.5,Put VEX 1,VEX,0.0,,6800.0
2025-07-08 09:36:51,2600.0,2619.0,Call CEX 2,CEX,0.0,,6800.0
2025-07-08 09:36:51,2600.0,2619.0,Put CEX 2,CEX,0.0,,6800.0
2025-07-08 09:36:51,2600.0,2619.0,Call VEX 2,VEX,0.0,,6800.0
2025-07-08 09:36:51,2600.0,2619.0,Put VEX 2,VEX,0.0,,6800.0
2025-07-08 09:36:51,2800.0,2820.5,Call CEX 3,CEX,0.0,,6800.0
2025-07-08 09:36:51,2800.0,2820.5,Put CEX 3,CEX,0.0,,6800.0
2025-07-08 09:36:51,2800.0,2820.5,Call VEX 3,VEX,0.0,,6800.0
2025-07-08 09:36:51,2800.0,2820.5,Put VEX 3,VEX,0.0,,6800.0
2025-07-08 09:36:51,3000.0,3021.75,Call CEX 4,CEX,0.0,,6800.0
2025-07-08 09:36:51,3000.0,3021.75,Put CEX 4,CEX,0.0,,6800.0
2025-07-08 09:36:51,3000.0,3021.75,Call VEX 4,VEX,0.0,,6800.0
2025-07-08 09:36:51,3000.0,3021.75,Put VEX 4,VEX,0.0,,6800.0
2025-07-08 09:36:51,3200.0,3223.25,Call CEX 5,CEX,0.0,,6800.0
2025-07-08 09:36:51,3200.0,3223.25,Put CEX 5,CEX,0.0,,6800.0
2025-07-08 09:36:51,3200.0,3223.25,Call VEX 5,VEX,0.0,,6800.0
2025-07-08 09:36:51,3200.0,3223.25,Put VEX 5,VEX,0.0,,6800.0
2025-07-08 09:36:51,6000.0,6043.75,Put DEX 4,DEX,-4.648,,6800.0
2025-07-08 09:36:51,6035.0,6079.0,Put DEX 3,DEX,-6.433,,6800.0
2025-07-08 09:36:51,6035.0,6079.0,Put GEX 4,GEX,-12057.868,,6800.0
2025-07-08 09:36:51,6050.0,6094.0,Put DEX 2,DEX,-7.088,,6800.0
2025-07-08 09:36:51,6050.0,6094.0,Put GEX 3,GEX,-14355.746,,6800.0
2025-07-08 09:36:51,6075.0,6119.25,Put DEX 5,DEX,-3.584,,6800.0
2025-07-08 09:36:51,6100.0,6144.5,Put DEX 1,DEX,-8.919,,6800.0
2025-07-08 09:36:51,6100.0,6144.5,Put GEX 1,GEX,-24506.294,,6800.0
2025-07-08 09:36:51,6150.0,6194.75,Put GEX 5,GEX,-11739.366,,6800.0
2025-07-08 09:36:51,6180.0,6225.0,Put GEX 2,GEX,-14419.881,,6800.0
2025-07-08 09:36:51,6225.0,6270.25,Call DEX 5,DEX,2.691,,6800.0
2025-07-08 09:36:51,6225.0,6270.25,Call GEX 5,GEX,22215.078,,6800.0
2025-07-08 09:36:51,6250.0,6295.5,Call GEX 4,GEX,22554.985,,6800.0
2025-07-08 09:36:51,6275.0,6320.75,Call DEX 1,DEX,21.799,,6800.0
2025-07-08 09:36:51,6275.0,6320.75,Call GEX 1,GEX,171036.895,,6800.0
2025-07-08 09:36:51,6285.0,6330.75,Call DEX 2,DEX,3.198,,6800.0
2025-07-08 09:36:51,6285.0,6330.75,Call GEX 2,GEX,22941.974,,6800.0
2025-07-08 09:36:51,6300.0,6345.75,Call GEX 3,GEX,22593.768,,6800.0
2025-07-08 09:36:51,6350.0,6396.25,Call DEX 3,DEX,3.163,,6800.0
2025-07-08 09:36:51,6400.0,6446.5,Call DEX 4,DEX,2.979,,6800.0
2025-07-08 09:38:32,2400.0,2417.5,Call CEX 1,CEX,0.0,,6525.0
2025-07-08 09:38:32,2400.0,2417.5,Put CEX 1,CEX,0.0,,6525.0
2025-07-08 09:38:32,2400.0,2417.5,Call VEX 1,VEX,0.0,,6525.0
2025-07-08 09:38:32,2400.0,2417.5,Put VEX 1,VEX,0.0,,6525.0
2025-07-08 09:38:32,2600.0,2619.0,Call CEX 2,CEX,0.0,,6525.0
2025-07-08 09:38:32,2600.0,2619.0,Put CEX 2,CEX,0.0,,6525.0
2025-07-08 09:38:32,2600.0,2619.0,Call VEX 2,VEX,0.0,,6525.0
2025-07-08 09:38:32,2600.0,2619.0,Put VEX 2,VEX,0.0,,6525.0
2025-07-08 09:38:32,2800.0,2820.5,Call CEX 3,CEX,0.0,,6525.0
2025-07-08 09:38:32,2800.0,2820.5,Put CEX 3,CEX,0.0,,6525.0
2025-07-08 09:38:32,2800.0,2820.5,Call VEX 3,VEX,0.0,,6525.0
2025-07-08 09:38:32,2800.0,2820.5,Put VEX 3,VEX,0.0,,6525.0
2025-07-08 09:38:32,3000.0,3022.0,Call CEX 4,CEX,0.0,,6525.0
2025-07-08 09:38:32,3000.0,3022.0,Put CEX 4,CEX,0.0,,6525.0
2025-07-08 09:38:32,3000.0,3022.0,Call VEX 4,VEX,0.0,,6525.0
2025-07-08 09:38:32,3000.0,3022.0,Put VEX 4,VEX,0.0,,6525.0
2025-07-08 09:38:32,3200.0,3223.5,Call CEX 5,CEX,0.0,,6525.0
2025-07-08 09:38:32,3200.0,3223.5,Put CEX 5,CEX,0.0,,6525.0
2025-07-08 09:38:32,3200.0,3223.5,Call VEX 5,VEX,0.0,,6525.0
2025-07-08 09:38:32,3200.0,3223.5,Put VEX 5,VEX,0.0,,6525.0
2025-07-08 09:38:32,6025.0,6069.0,Put DEX 5,DEX,-2.232,,6525.0
2025-07-08 09:38:32,6035.0,6079.0,Put DEX 2,DEX,-6.372,,6525.0
2025-07-08 09:38:32,6035.0,6079.0,Put GEX 4,GEX,-12346.536,,6525.0
2025-07-08 09:38:32,6050.0,6094.25,Put DEX 1,DEX,-6.903,,6525.0
2025-07-08 09:38:32,6050.0,6094.25,Put GEX 3,GEX,-14612.84,,6525.0
2025-07-08 09:38:32,6075.0,6119.5,Put DEX 4,DEX,-3.047,,6525.0
2025-07-08 09:38:32,6100.0,6144.5,Put DEX 3,DEX,-5.879,,6525.0
2025-07-08 09:38:32,6100.0,6144.5,Put GEX 1,GEX,-21223.84,,6525.0
2025-07-08 09:38:32,6125.0,6169.75,Call DEX 3,DEX,4.959,,6525.0
2025-07-08 09:38:32,6150.0,6195.0,Put GEX 5,GEX,-9038.433,,6525.0
2025-07-08 09:38:32,6200.0,6245.25,Put GEX 2,GEX,-16915.051,,6525.0
2025-07-08 09:38:32,6250.0,6295.75,Call GEX 4,GEX,13800.347,,6525.0
2025-07-08 09:38:32,6275.0,6320.75,Call DEX 1,DEX,21.694,,6525.0
2025-07-08 09:38:32,6275.0,6320.75,Call GEX 1,GEX,148257.919,,6525.0
2025-07-08 09:38:32,6285.0,6331.0,Call DEX 4,DEX,3.354,,6525.0
2025-07-08 09:38:32,6285.0,6331.0,Call GEX 3,GEX,20900.477,,6525.0
2025-07-08 09:38:32,6300.0,6346.0,Call DEX 2,DEX,5.883,,6525.0
2025-07-08 09:38:32,6300.0,6346.0,Call GEX 2,GEX,31459.532,,6525.0
2025-07-08 09:38:32,6310.0,6356.0,Call GEX 5,GEX,12801.75,,6525.0
2025-07-08 09:38:32,6350.0,6396.5,Call DEX 5,DEX,3.251,,6525.0
2025-07-08 09:40:11,2400.0,2417.5,Call CEX 1,CEX,0.0,,6525.0
2025-07-08 09:40:11,2400.0,2417.5,Put CEX 1,CEX,0.0,,6525.0
2025-07-08 09:40:11,2400.0,2417.5,Call VEX 1,VEX,0.0,,6525.0
2025-07-08 09:40:11,2400.0,2417.5,Put VEX 1,VEX,0.0,,6525.0
2025-07-08 09:40:11,2600.0,2618.75,Call CEX 2,CEX,0.0,,6525.0
2025-07-08 09:40:11,2600.0,2618.75,Put CEX 2,CEX,0.0,,6525.0
2025-07-08 09:40:11,2600.0,2618.75,Call VEX 2,VEX,0.0,,6525.0
2025-07-08 09:40:11,2600.0,2618.75,Put VEX 2,VEX,0.0,,6525.0
2025-07-08 09:40:11,2800.0,2820.25,Call CEX 3,CEX,0.0,,6525.0
2025-07-08 09:40:11,2800.0,2820.25,Put CEX 3,CEX,0.0,,6525.0
2025-07-08 09:40:11,2800.0,2820.25,Call VEX 3,VEX,0.0,,6525.0
2025-07-08 09:40:11,2800.0,2820.25,Put VEX 3,VEX,0.0,,6525.0
2025-07-08 09:40:11,3000.0,3021.75,Call CEX 4,CEX,0.0,,6525.0
2025-07-08 09:40:11,3000.0,3021.75,Put CEX 4,CEX,0.0,,6525.0
2025-07-08 09:40:11,3000.0,3021.75,Call VEX 4,VEX,0.0,,6525.0
2025-07-08 09:40:11,3000.0,3021.75,Put VEX 4,VEX,0.0,,6525.0
2025-07-08 09:40:11,3200.0,3223.25,Call CEX 5,CEX,0.0,,6525.0
2025-07-08 09:40:11,3200.0,3223.25,Put CEX 5,CEX,0.0,,6525.0
2025-07-08 09:40:11,3200.0,3223.25,Call VEX 5,VEX,0.0,,6525.0
2025-07-08 09:40:11,3200.0,3223.25,Put VEX 5,VEX,0.0,,6525.0
2025-07-08 09:40:11,6025.0,6068.75,Put DEX 5,DEX,-2.232,,6525.0
2025-07-08 09:40:11,6035.0,6078.75,Put DEX 2,DEX,-6.371,,6525.0
2025-07-08 09:40:11,6035.0,6078.75,Put GEX 4,GEX,-12167.366,,6525.0
2025-07-08 09:40:11,6050.0,6094.0,Put DEX 1,DEX,-6.902,,6525.0
2025-07-08 09:40:11,6050.0,6094.0,Put GEX 3,GEX,-14381.588,,6525.0
2025-07-08 09:40:11,6075.0,6119.0,Put DEX 4,DEX,-3.045,,6525.0
2025-07-08 09:40:11,6100.0,6144.25,Put DEX 3,DEX,-5.855,,6525.0
2025-07-08 09:40:11,6100.0,6144.25,Put GEX 1,GEX,-20707.949,,6525.0
2025-07-08 09:40:11,6125.0,6169.5,Call DEX 2,DEX,5.007,,6525.0
2025-07-08 09:40:11,6150.0,6194.5,Put GEX 5,GEX,-8656.121,,6525.0
2025-07-08 09:40:11,6200.0,6245.0,Put GEX 2,GEX,-14700.499,,6525.0
2025-07-08 09:40:11,6250.0,6295.25,Call GEX 4,GEX,15193.033,,6525.0
2025-07-08 09:40:11,6275.0,6320.5,Call DEX 1,DEX,21.906,,6525.0
2025-07-08 09:40:11,6275.0,6320.5,Call GEX 1,GEX,156276.227,,6525.0
2025-07-08 09:40:11,6285.0,6330.5,Call DEX 4,DEX,3.202,,6525.0
2025-07-08 09:40:11,6285.0,6330.5,Call GEX 2,GEX,21314.605,,6525.0
2025-07-08 09:40:11,6300.0,6345.75,Call GEX 3,GEX,18244.506,,6525.0
2025-07-08 09:40:11,6310.0,6355.75,Call GEX 5,GEX,13304.594,,6525.0
2025-07-08 09:40:11,6350.0,6396.0,Call DEX 3,DEX,3.251,,6525.0
2025-07-08 09:40:11,6400.0,6446.5,Call DEX 5,DEX,2.987,,6525.0
2025-07-08 09:41:52,2400.0,2417.5,Call CEX 1,CEX,0.0,,6800.0
2025-07-08 09:41:52,2400.0,2417.5,Put CEX 1,CEX,0.0,,6800.0
2025-07-08 09:41:52,2400.0,2417.5,Call VEX 1,VEX,0.0,,6800.0
2025-07-08 09:41:52,2400.0,2417.5,Put VEX 1,VEX,0.0,,6800.0
2025-07-08 09:41:52,2600.0,2619.0,Call CEX 2,CEX,0.0,,6800.0
2025-07-08 09:41:52,2600.0,2619.0,Put CEX 2,CEX,0.0,,6800.0
2025-07-08 09:41:52,2600.0,2619.0,Call VEX 2,VEX,0.0,,6800.0
2025-07-08 09:41:52,2600.0,2619.0,Put VEX 2,VEX,0.0,,6800.0
2025-07-08 09:41:52,2800.0,2820.5,Call CEX 3,CEX,0.0,,6800.0
2025-07-08 09:41:52,2800.0,2820.5,Put CEX 3,CEX,0.0,,6800.0
2025-07-08 09:41:52,2800.0,2820.5,Call VEX 3,VEX,0.0,,6800.0
2025-07-08 09:41:52,2800.0,2820.5,Put VEX 3,VEX,0.0,,6800.0
2025-07-08 09:41:52,3000.0,3022.0,Call CEX 4,CEX,0.0,,6800.0
2025-07-08 09:41:52,3000.0,3022.0,Put CEX 4,CEX,0.0,,6800.0
2025-07-08 09:41:52,3000.0,3022.0,Call VEX 4,VEX,0.0,,6800.0
2025-07-08 09:41:52,3000.0,3022.0,Put VEX 4,VEX,0.0,,6800.0
2025-07-08 09:41:52,3200.0,3223.5,Call CEX 5,CEX,0.0,,6800.0
2025-07-08 09:41:52,3200.0,3223.5,Put CEX 5,CEX,0.0,,6800.0
2025-07-08 09:41:52,3200.0,3223.5,Call VEX 5,VEX,0.0,,6800.0
2025-07-08 09:41:52,3200.0,3223.5,Put VEX 5,VEX,0.0,,6800.0
2025-07-08 09:41:52,6000.0,6044.0,Put DEX 4,DEX,-4.646,,6800.0
2025-07-08 09:41:52,6035.0,6079.25,Put DEX 3,DEX,-6.431,,6800.0
2025-07-08 09:41:52,6035.0,6079.25,Put GEX 3,GEX,-12169.469,,6800.0
2025-07-08 09:41:52,6050.0,6094.25,Put DEX 2,DEX,-7.085,,6800.0
2025-07-08 09:41:52,6050.0,6094.25,Put GEX 2,GEX,-14499.636,,6800.0
2025-07-08 09:41:52,6075.0,6119.5,Put DEX 5,DEX,-3.582,,6800.0
2025-07-08 09:41:52,6075.0,6119.5,Put GEX 5,GEX,-8470.672,,6800.0
2025-07-08 09:41:52,6100.0,6144.75,Put DEX 1,DEX,-8.911,,6800.0
2025-07-08 09:41:52,6100.0,6144.75,Put GEX 1,GEX,-24862.933,,6800.0
2025-07-08 09:41:52,6150.0,6195.0,Put GEX 4,GEX,-12060.085,,6800.0
2025-07-08 09:41:52,6175.0,6220.25,Call DEX 5,DEX,2.885,,6800.0
2025-07-08 09:41:52,6225.0,6270.5,Call GEX 5,GEX,17754.127,,6800.0
2025-07-08 09:41:52,6250.0,6295.75,Call GEX 4,GEX,19247.149,,6800.0
2025-07-08 09:41:52,6275.0,6321.0,Call DEX 1,DEX,21.729,,6800.0
2025-07-08 09:41:52,6275.0,6321.0,Call GEX 1,GEX,163532.164,,6800.0
2025-07-08 09:41:52,6285.0,6331.0,Call DEX 2,DEX,3.189,,6800.0
2025-07-08 09:41:52,6285.0,6331.0,Call GEX 2,GEX,22024.492,,6800.0
2025-07-08 09:41:52,6300.0,6346.25,Call GEX 3,GEX,20421.889,,6800.0
2025-07-08 09:41:52,6350.0,6396.5,Call DEX 3,DEX,3.158,,6800.0
2025-07-08 09:41:52,6400.0,6446.75,Call DEX 4,DEX,2.979,,6800.0
2025-07-08 09:43:32,2400.0,2417.75,Call CEX 1,CEX,0.0,,6525.0
2025-07-08 09:43:32,2400.0,2417.75,Put CEX 1,CEX,0.0,,6525.0
2025-07-08 09:43:32,2400.0,2417.75,Call VEX 1,VEX,0.0,,6525.0
2025-07-08 09:43:32,2400.0,2417.75,Put VEX 1,VEX,0.0,,6525.0
2025-07-08 09:43:32,2600.0,2619.25,Call CEX 2,CEX,0.0,,6525.0
2025-07-08 09:43:32,2600.0,2619.25,Put CEX 2,CEX,0.0,,6525.0
2025-07-08 09:43:32,2600.0,2619.25,Call VEX 2,VEX,0.0,,6525.0
2025-07-08 09:43:32,2600.0,2619.25,Put VEX 2,VEX,0.0,,6525.0
2025-07-08 09:43:32,2800.0,2820.75,Call CEX 3,CEX,0.0,,6525.0
2025-07-08 09:43:32,2800.0,2820.75,Put CEX 3,CEX,0.0,,6525.0
2025-07-08 09:43:32,2800.0,2820.75,Call VEX 3,VEX,0.0,,6525.0
2025-07-08 09:43:32,2800.0,2820.75,Put VEX 3,VEX,0.0,,6525.0
2025-07-08 09:43:32,3000.0,3022.25,Call CEX 4,CEX,0.0,,6525.0
2025-07-08 09:43:32,3000.0,3022.25,Put CEX 4,CEX,0.0,,6525.0
2025-07-08 09:43:32,3000.0,3022.25,Call VEX 4,VEX,0.0,,6525.0
2025-07-08 09:43:32,3000.0,3022.25,Put VEX 4,VEX,0.0,,6525.0
2025-07-08 09:43:32,3200.0,3223.75,Call CEX 5,CEX,0.0,,6525.0
2025-07-08 09:43:32,3200.0,3223.75,Put CEX 5,CEX,0.0,,6525.0
2025-07-08 09:43:32,3200.0,3223.75,Call VEX 5,VEX,0.0,,6525.0
2025-07-08 09:43:32,3200.0,3223.75,Put VEX 5,VEX,0.0,,6525.0
2025-07-08 09:43:32,6025.0,6069.5,Put DEX 5,DEX,-2.231,,6525.0
2025-07-08 09:43:32,6035.0,6079.5,Put DEX 2,DEX,-6.372,,6525.0
2025-07-08 09:43:32,6035.0,6079.5,Put GEX 3,GEX,-12182.903,,6525.0
2025-07-08 09:43:32,6050.0,6094.75,Put DEX 1,DEX,-6.9,,6525.0
2025-07-08 09:43:32,6050.0,6094.75,Put GEX 2,GEX,-14402.011,,6525.0
2025-07-08 09:43:32,6075.0,6119.75,Put DEX 4,DEX,-3.039,,6525.0
2025-07-08 09:43:32,6100.0,6145.0,Put DEX 3,DEX,-5.815,,6525.0
2025-07-08 09:43:32,6100.0,6145.0,Put GEX 1,GEX,-20577.453,,6525.0
2025-07-08 09:43:32,6125.0,6170.25,Call DEX 2,DEX,5.112,,6525.0
2025-07-08 09:43:32,6150.0,6195.5,Put GEX 5,GEX,-8450.22,,6525.0
2025-07-08 09:43:32,6200.0,6245.75,Put GEX 4,GEX,-11095.911,,6525.0
2025-07-08 09:43:32,6225.0,6271.0,Call GEX 5,GEX,15394.871,,6525.0
2025-07-08 09:43:32,6250.0,6296.25,Call GEX 4,GEX,17161.913,,6525.0
2025-07-08 09:43:32,6275.0,6321.25,Call DEX 1,DEX,21.736,,6525.0
2025-07-08 09:43:32,6275.0,6321.25,Call GEX 1,GEX,158230.012,,6525.0
2025-07-08 09:43:32,6285.0,6331.5,Call DEX 3,DEX,3.186,,6525.0
2025-07-08 09:43:32,6285.0,6331.5,Call GEX 2,GEX,21461.105,,6525.0
2025-07-08 09:43:32,6300.0,6346.5,Call GEX 3,GEX,18971.194,,6525.0
2025-07-08 09:43:32,6350.0,6397.0,Call DEX 4,DEX,3.158,,6525.0
2025-07-08 09:43:32,6400.0,6447.25,Call DEX 5,DEX,2.978,,6525.0
2025-07-08 09:45:11,2400.0,2417.25,Call CEX 1,CEX,0.0,,6525.0
2025-07-08 09:45:11,2400.0,2417.25,Put CEX 1,CEX,0.0,,6525.0
2025-07-08 09:45:11,2400.0,2417.25,Call VEX 1,VEX,0.0,,6525.0
2025-07-08 09:45:11,2400.0,2417.25,Put VEX 1,VEX,0.0,,6525.0
2025-07-08 09:45:11,2600.0,2618.75,Call CEX 2,CEX,0.0,,6525.0
2025-07-08 09:45:11,2600.0,2618.75,Put CEX 2,CEX,0.0,,6525.0
2025-07-08 09:45:11,2600.0,2618.75,Call VEX 2,VEX,0.0,,6525.0
2025-07-08 09:45:11,2600.0,2618.75,Put VEX 2,VEX,0.0,,6525.0
2025-07-08 09:45:11,2800.0,2820.25,Call CEX 3,CEX,0.0,,6525.0
2025-07-08 09:45:11,2800.0,2820.25,Put CEX 3,CEX,0.0,,6525.0
2025-07-08 09:45:11,2800.0,2820.25,Call VEX 3,VEX,0.0,,6525.0
2025-07-08 09:45:11,2800.0,2820.25,Put VEX 3,VEX,0.0,,6525.0
2025-07-08 09:45:11,3000.0,3021.75,Call CEX 4,CEX,0.0,,6525.0
2025-07-08 09:45:11,3000.0,3021.75,Put CEX 4,CEX,0.0,,6525.0
2025-07-08 09:45:11,3000.0,3021.75,Call VEX 4,VEX,0.0,,6525.0
2025-07-08 09:45:11,3000.0,3021.75,Put VEX 4,VEX,0.0,,6525.0
2025-07-08 09:45:11,3200.0,3223.25,Call CEX 5,CEX,0.0,,6525.0
2025-07-08 09:45:11,3200.0,3223.25,Put CEX 5,CEX,0.0,,6525.0
2025-07-08 09:45:11,3200.0,3223.25,Call VEX 5,VEX,0.0,,6525.0
2025-07-08 09:45:11,3200.0,3223.25,Put VEX 5,VEX,0.0,,6525.0
2025-07-08 09:45:11,6000.0,6043.25,Put DEX 4,DEX,-4.647,,6525.0
2025-07-08 09:45:11,6035.0,6078.5,Put DEX 2,DEX,-6.43,,6525.0
2025-07-08 09:45:11,6035.0,6078.5,Put GEX 3,GEX,-12133.062,,6525.0
2025-07-08 09:45:11,6050.0,6093.75,Put DEX 1,DEX,-7.084,,6525.0
2025-07-08 09:45:11,6050.0,6093.75,Put GEX 2,GEX,-14452.658,,6525.0
2025-07-08 09:45:11,6075.0,6119.0,Put DEX 5,DEX,-3.581,,6525.0
2025-07-08 09:45:11,6075.0,6119.0,Put GEX 5,GEX,-8438.873,,6525.0
2025-07-08 09:45:11,6100.0,6144.0,Put DEX 3,DEX,-5.8,,6525.0
2025-07-08 09:45:11,6100.0,6144.0,Put GEX 1,GEX,-20254.832,,6525.0
2025-07-08 09:45:11,6125.0,6169.25,Call DEX 2,DEX,5.155,,6525.0
2025-07-08 09:45:11,6200.0,6244.75,Put GEX 4,GEX,-9805.727,,6525.0
2025-07-08 09:45:11,6225.0,6270.0,Call GEX 5,GEX,16190.508,,6525.0
2025-07-08 09:45:11,6250.0,6295.25,Call GEX 4,GEX,18074.75,,6525.0
2025-07-08 09:45:11,6275.0,6320.25,Call DEX 1,DEX,21.86,,6525.0
2025-07-08 09:45:11,6275.0,6320.25,Call GEX 1,GEX,163854.493,,6525.0
2025-07-08 09:45:11,6285.0,6330.5,Call DEX 3,DEX,3.201,,6525.0
2025-07-08 09:45:11,6285.0,6330.5,Call GEX 2,GEX,22137.156,,6525.0
2025-07-08 09:45:11,6300.0,6345.5,Call GEX 3,GEX,19868.948,,6525.0
2025-07-08 09:45:11,6350.0,6396.0,Call DEX 4,DEX,3.158,,6525.0
2025-07-08 09:45:11,6400.0,6446.25,Call DEX 5,DEX,2.979,,6525.0
2025-07-08 09:46:51,2400.0,2417.5,Call CEX 1,CEX,0.0,,6525.0
2025-07-08 09:46:51,2400.0,2417.5,Put CEX 1,CEX,0.0,,6525.0
2025-07-08 09:46:51,2400.0,2417.5,Call VEX 1,VEX,0.0,,6525.0
2025-07-08 09:46:51,2400.0,2417.5,Put VEX 1,VEX,0.0,,6525.0
2025-07-08 09:46:51,2600.0,2618.75,Call CEX 2,CEX,0.0,,6525.0
2025-07-08 09:46:51,2600.0,2618.75,Put CEX 2,CEX,0.0,,6525.0
2025-07-08 09:46:51,2600.0,2618.75,Call VEX 2,VEX,0.0,,6525.0
2025-07-08 09:46:51,2600.0,2618.75,Put VEX 2,VEX,0.0,,6525.0
2025-07-08 09:46:51,2800.0,2820.25,Call CEX 3,CEX,0.0,,6525.0
2025-07-08 09:46:51,2800.0,2820.25,Put CEX 3,CEX,0.0,,6525.0
2025-07-08 09:46:51,2800.0,2820.25,Call VEX 3,VEX,0.0,,6525.0
2025-07-08 09:46:51,2800.0,2820.25,Put VEX 3,VEX,0.0,,6525.0
2025-07-08 09:46:51,3000.0,3021.75,Call CEX 4,CEX,0.0,,6525.0
2025-07-08 09:46:51,3000.0,3021.75,Put CEX 4,CEX,0.0,,6525.0
2025-07-08 09:46:51,3000.0,3021.75,Call VEX 4,VEX,0.0,,6525.0
2025-07-08 09:46:51,3000.0,3021.75,Put VEX 4,VEX,0.0,,6525.0
2025-07-08 09:46:51,3200.0,3223.25,Call CEX 5,CEX,0.0,,6525.0
2025-07-08 09:46:51,3200.0,3223.25,Put CEX 5,CEX,0.0,,6525.0
2025-07-08 09:46:51,3200.0,3223.25,Call VEX 5,VEX,0.0,,6525.0
2025-07-08 09:46:51,3200.0,3223.25,Put VEX 5,VEX,0.0,,6525.0
2025-07-08 09:46:51,6000.0,6043.5,Put DEX 4,DEX,-4.646,,6525.0
2025-07-08 09:46:51,6035.0,6078.75,Put DEX 3,DEX,-6.43,,6525.0
2025-07-08 09:46:51,6035.0,6078.75,Put GEX 3,GEX,-12148.91,,6525.0
2025-07-08 09:46:51,6050.0,6093.75,Put DEX 2,DEX,-7.084,,6525.0
2025-07-08 09:46:51,6050.0,6093.75,Put GEX 2,GEX,-14473.1,,6525.0
2025-07-08 09:46:51,6075.0,6119.0,Put DEX 5,DEX,-3.581,,6525.0
2025-07-08 09:46:51,6075.0,6119.0,Put GEX 4,GEX,-8452.701,,6525.0
2025-07-08 09:46:51,6100.0,6144.25,Put DEX 1,DEX,-8.908,,6525.0
2025-07-08 09:46:51,6100.0,6144.25,Put GEX 1,GEX,-24800.411,,6525.0
2025-07-08 09:46:51,6175.0,6219.75,Call DEX 5,DEX,2.88,,6525.0
2025-07-08 09:46:51,6200.0,6245.0,Put GEX 5,GEX,-8346.864,,6525.0
2025-07-08 09:46:51,6225.0,6270.25,Call GEX 5,GEX,17276.147,,6525.0
2025-07-08 09:46:51,6250.0,6295.25,Call GEX 4,GEX,18946.69,,6525.0
2025-07-08 09:46:51,6275.0,6320.5,Call DEX 1,DEX,21.764,,6525.0
2025-07-08 09:46:51,6275.0,6320.5,Call GEX 1,GEX,164523.719,,6525.0
2025-07-08 09:46:51,6285.0,6330.5,Call DEX 2,DEX,3.192,,6525.0
2025-07-08 09:46:51,6285.0,6330.5,Call GEX 2,GEX,22157.565,,6525.0
2025-07-08 09:46:51,6300.0,6345.75,Call GEX 3,GEX,20230.366,,6525.0
2025-07-08 09:46:51,6350.0,6396.0,Call DEX 3,DEX,3.158,,6525.0
2025-07-08 09:46:51,6400.0,6446.5,Call DEX 4,DEX,2.979,,6525.0
2025-07-08 09:48:31,2400.0,2417.5,Call CEX 1,CEX,0.0,,6525.0
2025-07-08 09:48:31,2400.0,2417.5,Put CEX 1,CEX,0.0,,6525.0
2025-07-08 09:48:31,2400.0,2417.5,Call VEX 1,VEX,0.0,,6525.0
2025-07-08 09:48:31,2400.0,2417.5,Put VEX 1,VEX,0.0,,6525.0
2025-07-08 09:48:31,2600.0,2618.75,Call CEX 2,CEX,0.0,,6525.0
2025-07-08 09:48:31,2600.0,2618.75,Put CEX 2,CEX,0.0,,6525.0
2025-07-08 09:48:31,2600.0,2618.75,Call VEX 2,VEX,0.0,,6525.0
2025-07-08 09:48:31,2600.0,2618.75,Put VEX 2,VEX,0.0,,6525.0
2025-07-08 09:48:31,2800.0,2820.25,Call CEX 3,CEX,0.0,,6525.0
2025-07-08 09:48:31,2800.0,2820.25,Put CEX 3,CEX,0.0,,6525.0
2025-07-08 09:48:31,2800.0,2820.25,Call VEX 3,VEX,0.0,,6525.0
2025-07-08 09:48:31,2800.0,2820.25,Put VEX 3,VEX,0.0,,6525.0
2025-07-08 09:48:31,3000.0,3021.75,Call CEX 4,CEX,0.0,,6525.0
2025-07-08 09:48:31,3000.0,3021.75,Put CEX 4,CEX,0.0,,6525.0
2025-07-08 09:48:31,3000.0,3021.75,Call VEX 4,VEX,0.0,,6525.0
2025-07-08 09:48:31,3000.0,3021.75,Put VEX 4,VEX,0.0,,6525.0
2025-07-08 09:48:31,3200.0,3223.25,Call CEX 5,CEX,0.0,,6525.0
2025-07-08 09:48:31,3200.0,3223.25,Put CEX 5,CEX,0.0,,6525.0
2025-07-08 09:48:31,3200.0,3223.25,Call VEX 5,VEX,0.0,,6525.0
2025-07-08 09:48:31,3200.0,3223.25,Put VEX 5,VEX,0.0,,6525.0
2025-07-08 09:48:31,6025.0,6068.75,Put DEX 5,DEX,-2.231,,6525.0
2025-07-08 09:48:31,6035.0,6078.75,Put DEX 2,DEX,-6.371,,6525.0
2025-07-08 09:48:31,6035.0,6078.75,Put GEX 4,GEX,-12175.081,,6525.0
2025-07-08 09:48:31,6050.0,6093.75,Put DEX 1,DEX,-6.901,,6525.0
2025-07-08 09:48:31,6050.0,6093.75,Put GEX 2,GEX,-14388.947,,6525.0
2025-07-08 09:48:31,6075.0,6119.0,Put DEX 4,DEX,-3.039,,6525.0
2025-07-08 09:48:31,6100.0,6144.25,Put DEX 3,DEX,-5.828,,6525.0
2025-07-08 09:48:31,6100.0,6144.25,Put GEX 1,GEX,-20619.113,,6525.0
2025-07-08 09:48:31,6125.0,6169.25,Call DEX 2,DEX,5.079,,6525.0
2025-07-08 09:48:31,6150.0,6194.5,Put GEX 5,GEX,-8532.857,,6525.0
2025-07-08 09:48:31,6200.0,6245.0,Put GEX 3,GEX,-12606.269,,6525.0
2025-07-08 09:48:31,6225.0,6270.0,Call GEX 5,GEX,14523.558,,6525.0
2025-07-08 09:48:31,6250.0,6295.25,Call GEX 4,GEX,16506.748,,6525.0
2025-07-08 09:48:31,6275.0,6320.5,Call DEX 1,DEX,21.761,,6525.0
2025-07-08 09:48:31,6275.0,6320.5,Call GEX 1,GEX,158424.428,,6525.0
2025-07-08 09:48:31,6285.0,6330.5,Call DEX 3,DEX,3.188,,6525.0
2025-07-08 09:48:31,6285.0,6330.5,Call GEX 2,GEX,21473.649,,6525.0
2025-07-08 09:48:31,6300.0,6345.75,Call GEX 3,GEX,18773.725,,6525.0
2025-07-08 09:48:31,6350.0,6396.0,Call DEX 4,DEX,3.156,,6525.0
2025-07-08 09:48:31,6400.0,6446.25,Call DEX 5,DEX,2.979,,6525.0
2025-07-08 09:50:10,2400.0,2417.5,Call CEX 1,CEX,0.0,,6800.0
2025-07-08 09:50:10,2400.0,2417.5,Put CEX 1,CEX,0.0,,6800.0
2025-07-08 09:50:10,2400.0,2417.5,Call VEX 1,VEX,0.0,,6800.0
2025-07-08 09:50:10,2400.0,2417.5,Put VEX 1,VEX,0.0,,6800.0
2025-07-08 09:50:10,2600.0,2618.75,Call CEX 2,CEX,0.0,,6800.0
2025-07-08 09:50:10,2600.0,2618.75,Put CEX 2,CEX,0.0,,6800.0
2025-07-08 09:50:10,2600.0,2618.75,Call VEX 2,VEX,0.0,,6800.0
2025-07-08 09:50:10,2600.0,2618.75,Put VEX 2,VEX,0.0,,6800.0
2025-07-08 09:50:10,2800.0,2820.25,Call CEX 3,CEX,0.0,,6800.0
2025-07-08 09:50:10,2800.0,2820.25,Put CEX 3,CEX,0.0,,6800.0
2025-07-08 09:50:10,2800.0,2820.25,Call VEX 3,VEX,0.0,,6800.0
2025-07-08 09:50:10,2800.0,2820.25,Put VEX 3,VEX,0.0,,6800.0
2025-07-08 09:50:10,3000.0,3021.75,Call CEX 4,CEX,0.0,,6800.0
2025-07-08 09:50:10,3000.0,3021.75,Put CEX 4,CEX,0.0,,6800.0
2025-07-08 09:50:10,3000.0,3021.75,Call VEX 4,VEX,0.0,,6800.0
2025-07-08 09:50:10,3000.0,3021.75,Put VEX 4,VEX,0.0,,6800.0
2025-07-08 09:50:10,3200.0,3223.25,Call CEX 5,CEX,0.0,,6800.0
2025-07-08 09:50:10,3200.0,3223.25,Put CEX 5,CEX,0.0,,6800.0
2025-07-08 09:50:10,3200.0,3223.25,Call VEX 5,VEX,0.0,,6800.0
2025-07-08 09:50:10,3200.0,3223.25,Put VEX 5,VEX,0.0,,6800.0
2025-07-08 09:50:10,6000.0,6043.5,Put DEX 4,DEX,-4.647,,6800.0
2025-07-08 09:50:10,6035.0,6078.75,Put DEX 2,DEX,-6.43,,6800.0
2025-07-08 09:50:10,6035.0,6078.75,Put GEX 3,GEX,-12097.22,,6800.0
2025-07-08 09:50:10,6050.0,6094.0,Put DEX 1,DEX,-7.084,,6800.0
2025-07-08 09:50:10,6050.0,6094.0,Put GEX 2,GEX,-14406.441,,6800.0
2025-07-08 09:50:10,6075.0,6119.0,Put DEX 5,DEX,-3.581,,6800.0
2025-07-08 09:50:10,6075.0,6119.0,Put GEX 5,GEX,-8410.412,,6800.0
2025-07-08 09:50:10,6100.0,6144.25,Put DEX 3,DEX,-5.793,,6800.0
2025-07-08 09:50:10,6100.0,6144.25,Put GEX 1,GEX,-20177.596,,6800.0
2025-07-08 09:50:10,6125.0,6169.5,Call DEX 2,DEX,5.17,,6800.0
2025-07-08 09:50:10,6200.0,6245.0,Put GEX 4,GEX,-9769.454,,6800.0
2025-07-08 09:50:10,6225.0,6270.25,Call GEX 5,GEX,16394.834,,6800.0
2025-07-08 09:50:10,6250.0,6295.25,Call GEX 4,GEX,18461.187,,6800.0
2025-07-08 09:50:10,6275.0,6320.5,Call DEX 1,DEX,21.888,,6800.0
2025-07-08 09:50:10,6275.0,6320.5,Call GEX 1,GEX,166049.075,,6800.0
2025-07-08 09:50:10,6285.0,6330.5,Call DEX 3,DEX,3.204,,6800.0
2025-07-08 09:50:10,6285.0,6330.5,Call GEX 2,GEX,22395.472,,6800.0
2025-07-08 09:50:10,6300.0,6345.75,Call GEX 3,GEX,20289.084,,6800.0
2025-07-08 09:50:10,6350.0,6396.0,Call DEX 4,DEX,3.157,,6800.0
2025-07-08 09:50:10,6400.0,6446.5,Call DEX 5,DEX,2.979,,6800.0
2025-07-08 09:51:49,2400.0,2417.25,Call CEX 1,CEX,0.0,,6525.0
2025-07-08 09:51:49,2400.0,2417.25,Put CEX 1,CEX,0.0,,6525.0
2025-07-08 09:51:49,2400.0,2417.25,Call VEX 1,VEX,0.0,,6525.0
2025-07-08 09:51:49,2400.0,2417.25,Put VEX 1,VEX,0.0,,6525.0
2025-07-08 09:51:49,2600.0,2618.75,Call CEX 2,CEX,0.0,,6525.0
2025-07-08 09:51:49,2600.0,2618.75,Put CEX 2,CEX,0.0,,6525.0
2025-07-08 09:51:49,2600.0,2618.75,Call VEX 2,VEX,0.0,,6525.0
2025-07-08 09:51:49,2600.0,2618.75,Put VEX 2,VEX,0.0,,6525.0
2025-07-08 09:51:49,2800.0,2820.25,Call CEX 3,CEX,0.0,,6525.0
2025-07-08 09:51:49,2800.0,2820.25,Put CEX 3,CEX,0.0,,6525.0
2025-07-08 09:51:49,2800.0,2820.25,Call VEX 3,VEX,0.0,,6525.0
2025-07-08 09:51:49,2800.0,2820.25,Put VEX 3,VEX,0.0,,6525.0
2025-07-08 09:51:49,3000.0,3021.75,Call CEX 4,CEX,0.0,,6525.0
2025-07-08 09:51:49,3000.0,3021.75,Put CEX 4,CEX,0.0,,6525.0
2025-07-08 09:51:49,3000.0,3021.75,Call VEX 4,VEX,0.0,,6525.0
2025-07-08 09:51:49,3000.0,3021.75,Put VEX 4,VEX,0.0,,6525.0
2025-07-08 09:51:49,3200.0,3223.0,Call CEX 5,CEX,0.0,,6525.0
2025-07-08 09:51:49,3200.0,3223.0,Put CEX 5,CEX,0.0,,6525.0
2025-07-08 09:51:49,3200.0,3223.0,Call VEX 5,VEX,0.0,,6525.0
2025-07-08 09:51:49,3200.0,3223.0,Put VEX 5,VEX,0.0,,6525.0
2025-07-08 09:51:49,6000.0,6043.25,Put DEX 4,DEX,-4.646,,6525.0
2025-07-08 09:51:49,6035.0,6078.5,Put DEX 2,DEX,-6.371,,6525.0
2025-07-08 09:51:49,6035.0,6078.5,Put GEX 3,GEX,-12146.839,,6525.0
2025-07-08 09:51:49,6050.0,6093.5,Put DEX 1,DEX,-6.9,,6525.0
2025-07-08 09:51:49,6050.0,6093.5,Put GEX 2,GEX,-14351.102,,6525.0
2025-07-08 09:51:49,6075.0,6118.75,Put DEX 5,DEX,-3.036,,6525.0
2025-07-08 09:51:49,6100.0,6144.0,Put DEX 3,DEX,-5.8,,6525.0
2025-07-08 09:51:49,6100.0,6144.0,Put GEX 1,GEX,-20448.621,,6525.0
2025-07-08 09:51:49,6125.0,6169.25,Call DEX 2,DEX,5.14,,6525.0
2025-07-08 09:51:49,6150.0,6194.25,Put GEX 5,GEX,-8349.899,,6525.0
2025-07-08 09:51:49,6200.0,6244.75,Put GEX 4,GEX,-10182.586,,6525.0
2025-07-08 09:51:49,6225.0,6269.75,Call GEX 5,GEX,16311.274,,6525.0
2025-07-08 09:51:49,6250.0,6295.0,Call GEX 4,GEX,18086.627,,6525.0
2025-07-08 09:51:49,6275.0,6320.25,Call DEX 1,DEX,21.722,,6525.0
2025-07-08 09:51:49,6275.0,6320.25,Call GEX 1,GEX,161227.533,,6525.0
2025-07-08 09:51:49,6285.0,6330.25,Call DEX 3,DEX,3.185,,6525.0
2025-07-08 09:51:49,6285.0,6330.25,Call GEX 2,GEX,21781.302,,6525.0
2025-07-08 09:51:49,6300.0,6345.5,Call GEX 3,GEX,19457.124,,6525.0
2025-07-08 09:51:49,6350.0,6395.75,Call DEX 4,DEX,3.157,,6525.0
2025-07-08 09:51:49,6400.0,6446.25,Call DEX 5,DEX,2.979,,6525.0
2025-07-08 09:53:28,2400.0,2417.5,Call CEX 1,CEX,0.0,,6525.0
2025-07-08 09:53:28,2400.0,2417.5,Put CEX 1,CEX,0.0,,6525.0
2025-07-08 09:53:28,2400.0,2417.5,Call VEX 1,VEX,0.0,,6525.0
2025-07-08 09:53:28,2400.0,2417.5,Put VEX 1,VEX,0.0,,6525.0
2025-07-08 09:53:28,2600.0,2619.0,Call CEX 2,CEX,0.0,,6525.0
2025-07-08 09:53:28,2600.0,2619.0,Put CEX 2,CEX,0.0,,6525.0
2025-07-08 09:53:28,2600.0,2619.0,Call VEX 2,VEX,0.0,,6525.0
2025-07-08 09:53:28,2600.0,2619.0,Put VEX 2,VEX,0.0,,6525.0
2025-07-08 09:53:28,2800.0,2820.5,Call CEX 3,CEX,0.0,,6525.0
2025-07-08 09:53:28,2800.0,2820.5,Put CEX 3,CEX,0.0,,6525.0
2025-07-08 09:53:28,2800.0,2820.5,Call VEX 3,VEX,0.0,,6525.0
2025-07-08 09:53:28,2800.0,2820.5,Put VEX 3,VEX,0.0,,6525.0
2025-07-08 09:53:28,3000.0,3021.75,Call CEX 4,CEX,0.0,,6525.0
2025-07-08 09:53:28,3000.0,3021.75,Put CEX 4,CEX,0.0,,6525.0
2025-07-08 09:53:28,3000.0,3021.75,Call VEX 4,VEX,0.0,,6525.0
2025-07-08 09:53:28,3000.0,3021.75,Put VEX 4,VEX,0.0,,6525.0
2025-07-08 09:53:28,3200.0,3223.25,Call CEX 5,CEX,0.0,,6525.0
2025-07-08 09:53:28,3200.0,3223.25,Put CEX 5,CEX,0.0,,6525.0
2025-07-08 09:53:28,3200.0,3223.25,Call VEX 5,VEX,0.0,,6525.0
2025-07-08 09:53:28,3200.0,3223.25,Put VEX 5,VEX,0.0,,6525.0
2025-07-08 09:53:28,6000.0,6043.75,Put DEX 4,DEX,-4.646,,6525.0
2025-07-08 09:53:28,6035.0,6079.0,Put DEX 2,DEX,-6.43,,6525.0
2025-07-08 09:53:28,6035.0,6079.0,Put GEX 3,GEX,-12156.815,,6525.0
2025-07-08 09:53:28,6050.0,6094.0,Put DEX 1,DEX,-6.901,,6525.0
2025-07-08 09:53:28,6050.0,6094.0,Put GEX 2,GEX,-14291.508,,6525.0
2025-07-08 09:53:28,6075.0,6119.25,Put DEX 5,DEX,-3.035,,6525.0
2025-07-08 09:53:28,6100.0,6144.5,Put DEX 3,DEX,-5.797,,6525.0
2025-07-08 09:53:28,6100.0,6144.5,Put GEX 1,GEX,-20340.584,,6525.0
2025-07-08 09:53:28,6125.0,6169.75,Call DEX 2,DEX,5.154,,6525.0
2025-07-08 09:53:28,6150.0,6194.75,Put GEX 5,GEX,-8303.478,,6525.0
2025-07-08 09:53:28,6200.0,6245.25,Put GEX 4,GEX,-10322.198,,6525.0
2025-07-08 09:53:28,6225.0,6270.5,Call GEX 5,GEX,16184.763,,6525.0
2025-07-08 09:53:28,6250.0,6295.5,Call GEX 4,GEX,18087.123,,6525.0
2025-07-08 09:53:28,6275.0,6320.75,Call DEX 1,DEX,21.798,,6525.0
2025-07-08 09:53:28,6275.0,6320.75,Call GEX 1,GEX,163170.311,,6525.0
2025-07-08 09:53:28,6285.0,6330.75,Call DEX 3,DEX,3.192,,6525.0
2025-07-08 09:53:28,6285.0,6330.75,Call GEX 2,GEX,22052.307,,6525.0
2025-07-08 09:53:28,6300.0,6346.0,Call GEX 3,GEX,19794.786,,6525.0
2025-07-08 09:53:28,6350.0,6396.25,Call DEX 4,DEX,3.157,,6525.0
2025-07-08 09:53:28,6400.0,6446.75,Call DEX 5,DEX,2.979,,6525.0
2025-07-08 09:55:07,2400.0,2417.5,Call CEX 1,CEX,0.0,,6525.0
2025-07-08 09:55:07,2400.0,2417.5,Put CEX 1,CEX,0.0,,6525.0
2025-07-08 09:55:07,2400.0,2417.5,Call VEX 1,VEX,0.0,,6525.0
2025-07-08 09:55:07,2400.0,2417.5,Put VEX 1,VEX,0.0,,6525.0
2025-07-08 09:55:07,2600.0,2619.0,Call CEX 2,CEX,0.0,,6525.0
2025-07-08 09:55:07,2600.0,2619.0,Put CEX 2,CEX,0.0,,6525.0
2025-07-08 09:55:07,2600.0,2619.0,Call VEX 2,VEX,0.0,,6525.0
2025-07-08 09:55:07,2600.0,2619.0,Put VEX 2,VEX,0.0,,6525.0
2025-07-08 09:55:07,2800.0,2820.5,Call CEX 3,CEX,0.0,,6525.0
2025-07-08 09:55:07,2800.0,2820.5,Put CEX 3,CEX,0.0,,6525.0
2025-07-08 09:55:07,2800.0,2820.5,Call VEX 3,VEX,0.0,,6525.0
2025-07-08 09:55:07,2800.0,2820.5,Put VEX 3,VEX,0.0,,6525.0
2025-07-08 09:55:07,3000.0,3022.0,Call CEX 4,CEX,0.0,,6525.0
2025-07-08 09:55:07,3000.0,3022.0,Put CEX 4,CEX,0.0,,6525.0
2025-07-08 09:55:07,3000.0,3022.0,Call VEX 4,VEX,0.0,,6525.0
2025-07-08 09:55:07,3000.0,3022.0,Put VEX 4,VEX,0.0,,6525.0
2025-07-08 09:55:07,3200.0,3223.5,Call CEX 5,CEX,0.0,,6525.0
2025-07-08 09:55:07,3200.0,3223.5,Put CEX 5,CEX,0.0,,6525.0
2025-07-08 09:55:07,3200.0,3223.5,Call VEX 5,VEX,0.0,,6525.0
2025-07-08 09:55:07,3200.0,3223.5,Put VEX 5,VEX,0.0,,6525.0
2025-07-08 09:55:07,6000.0,6043.75,Put DEX 4,DEX,-4.646,,6525.0
2025-07-08 09:55:07,6035.0,6079.0,Put DEX 2,DEX,-6.429,,6525.0
2025-07-08 09:55:07,6035.0,6079.0,Put GEX 3,GEX,-12245.419,,6525.0
2025-07-08 09:55:07,6050.0,6094.25,Put DEX 1,DEX,-7.083,,6525.0
2025-07-08 09:55:07,6050.0,6094.25,Put GEX 2,GEX,-14597.68,,6525.0
2025-07-08 09:55:07,6075.0,6119.5,Put DEX 5,DEX,-3.035,,6525.0
2025-07-08 09:55:07,6100.0,6144.5,Put DEX 3,DEX,-5.798,,6525.0
2025-07-08 09:55:07,6100.0,6144.5,Put GEX 1,GEX,-20543.6,,6525.0
2025-07-08 09:55:07,6125.0,6169.75,Call DEX 2,DEX,5.152,,6525.0
2025-07-08 09:55:07,6150.0,6195.0,Put GEX 5,GEX,-8411.629,,6525.0
2025-07-08 09:55:07,6200.0,6245.25,Put GEX 4,GEX,-10345.62,,6525.0
2025-07-08 09:55:07,6225.0,6270.5,Call GEX 5,GEX,16201.862,,6525.0
2025-07-08 09:55:07,6250.0,6295.75,Call GEX 4,GEX,17905.51,,6525.0
2025-07-08 09:55:07,6275.0,6320.75,Call DEX 1,DEX,21.626,,6525.0
2025-07-08 09:55:07,6275.0,6320.75,Call GEX 1,GEX,159931.307,,6525.0
2025-07-08 09:55:07,6285.0,6331.0,Call DEX 3,DEX,3.176,,6525.0
2025-07-08 09:55:07,6285.0,6331.0,Call GEX 2,GEX,21582.158,,6525.0
2025-07-08 09:55:07,6300.0,6346.0,Call GEX 3,GEX,19391.677,,6525.0
2025-07-08 09:55:07,6350.0,6396.5,Call DEX 4,DEX,3.157,,6525.0
2025-07-08 09:55:07,6400.0,6446.75,Call DEX 5,DEX,2.978,,6525.0
2025-07-08 09:56:46,2400.0,2417.25,Call CEX 1,CEX,0.0,,6525.0
2025-07-08 09:56:46,2400.0,2417.25,Put CEX 1,CEX,0.0,,6525.0
2025-07-08 09:56:46,2400.0,2417.25,Call VEX 1,VEX,0.0,,6525.0
2025-07-08 09:56:46,2400.0,2417.25,Put VEX 1,VEX,0.0,,6525.0
2025-07-08 09:56:46,2600.0,2618.75,Call CEX 2,CEX,0.0,,6525.0
2025-07-08 09:56:46,2600.0,2618.75,Put CEX 2,CEX,0.0,,6525.0
2025-07-08 09:56:46,2600.0,2618.75,Call VEX 2,VEX,0.0,,6525.0
2025-07-08 09:56:46,2600.0,2618.75,Put VEX 2,VEX,0.0,,6525.0
2025-07-08 09:56:46,2800.0,2820.25,Call CEX 3,CEX,0.0,,6525.0
2025-07-08 09:56:46,2800.0,2820.25,Put CEX 3,CEX,0.0,,6525.0
2025-07-08 09:56:46,2800.0,2820.25,Call VEX 3,VEX,0.0,,6525.0
2025-07-08 09:56:46,2800.0,2820.25,Put VEX 3,VEX,0.0,,6525.0
2025-07-08 09:56:46,3000.0,3021.75,Call CEX 4,CEX,0.0,,6525.0
2025-07-08 09:56:46,3000.0,3021.75,Put CEX 4,CEX,0.0,,6525.0
2025-07-08 09:56:46,3000.0,3021.75,Call VEX 4,VEX,0.0,,6525.0
2025-07-08 09:56:46,3000.0,3021.75,Put VEX 4,VEX,0.0,,6525.0
2025-07-08 09:56:46,3200.0,3223.0,Call CEX 5,CEX,0.0,,6525.0
2025-07-08 09:56:46,3200.0,3223.0,Put CEX 5,CEX,0.0,,6525.0
2025-07-08 09:56:46,3200.0,3223.0,Call VEX 5,VEX,0.0,,6525.0
2025-07-08 09:56:46,3200.0,3223.0,Put VEX 5,VEX,0.0,,6525.0
2025-07-08 09:56:46,6025.0,6068.5,Put DEX 5,DEX,-2.231,,6525.0
2025-07-08 09:56:46,6035.0,6078.5,Put DEX 2,DEX,-6.371,,6525.0
2025-07-08 09:56:46,6035.0,6078.5,Put GEX 3,GEX,-12194.721,,6525.0
2025-07-08 09:56:46,6050.0,6093.75,Put DEX 1,DEX,-6.901,,6525.0
2025-07-08 09:56:46,6050.0,6093.75,Put GEX 2,GEX,-14413.387,,6525.0
2025-07-08 09:56:46,6075.0,6119.0,Put DEX 4,DEX,-3.039,,6525.0
2025-07-08 09:56:46,6100.0,6144.0,Put DEX 3,DEX,-5.823,,6525.0
2025-07-08 09:56:46,6100.0,6144.0,Put GEX 1,GEX,-20650.621,,6525.0
2025-07-08 09:56:46,6125.0,6169.25,Call DEX 2,DEX,5.094,,6525.0
2025-07-08 09:56:46,6150.0,6194.5,Put GEX 5,GEX,-8582.497,,6525.0
2025-07-08 09:56:46,6200.0,6244.75,Put GEX 4,GEX,-12066.588,,6525.0
2025-07-08 09:56:46,6225.0,6270.0,Call GEX 5,GEX,15228.007,,6525.0
2025-07-08 09:56:46,6250.0,6295.25,Call GEX 4,GEX,17068.02,,6525.0
2025-07-08 09:56:46,6275.0,6320.25,Call DEX 1,DEX,21.685,,6525.0
2025-07-08 09:56:46,6275.0,6320.25,Call GEX 1,GEX,158454.634,,6525.0
2025-07-08 09:56:46,6285.0,6330.5,Call DEX 3,DEX,3.181,,6525.0
2025-07-08 09:56:46,6285.0,6330.5,Call GEX 2,GEX,21437.551,,6525.0
2025-07-08 09:56:46,6300.0,6345.5,Call GEX 3,GEX,18848.661,,6525.0
2025-07-08 09:56:46,6350.0,6395.75,Call DEX 4,DEX,3.157,,6525.0
2025-07-08 09:56:46,6400.0,6446.25,Call DEX 5,DEX,2.978,,6525.0
2025-07-08 09:58:26,2400.0,2417.5,Call CEX 1,CEX,0.0,,6525.0
2025-07-08 09:58:26,2400.0,2417.5,Put CEX 1,CEX,0.0,,6525.0
2025-07-08 09:58:26,2400.0,2417.5,Call VEX 1,VEX,0.0,,6525.0
2025-07-08 09:58:26,2400.0,2417.5,Put VEX 1,VEX,0.0,,6525.0
2025-07-08 09:58:26,2600.0,2619.0,Call CEX 2,CEX,0.0,,6525.0
2025-07-08 09:58:26,2600.0,2619.0,Put CEX 2,CEX,0.0,,6525.0
2025-07-08 09:58:26,2600.0,2619.0,Call VEX 2,VEX,0.0,,6525.0
2025-07-08 09:58:26,2600.0,2619.0,Put VEX 2,VEX,0.0,,6525.0
2025-07-08 09:58:26,2800.0,2820.25,Call CEX 3,CEX,0.0,,6525.0
2025-07-08 09:58:26,2800.0,2820.25,Put CEX 3,CEX,0.0,,6525.0
2025-07-08 09:58:26,2800.0,2820.25,Call VEX 3,VEX,0.0,,6525.0
2025-07-08 09:58:26,2800.0,2820.25,Put VEX 3,VEX,0.0,,6525.0
2025-07-08 09:58:26,3000.0,3021.75,Call CEX 4,CEX,0.0,,6525.0
2025-07-08 09:58:26,3000.0,3021.75,Put CEX 4,CEX,0.0,,6525.0
2025-07-08 09:58:26,3000.0,3021.75,Call VEX 4,VEX,0.0,,6525.0
2025-07-08 09:58:26,3000.0,3021.75,Put VEX 4,VEX,0.0,,6525.0
2025-07-08 09:58:26,3200.0,3223.25,Call CEX 5,CEX,0.0,,6525.0
2025-07-08 09:58:26,3200.0,3223.25,Put CEX 5,CEX,0.0,,6525.0
2025-07-08 09:58:26,3200.0,3223.25,Call VEX 5,VEX,0.0,,6525.0
2025-07-08 09:58:26,3200.0,3223.25,Put VEX 5,VEX,0.0,,6525.0
2025-07-08 09:58:26,6000.0,6043.5,Put DEX 4,DEX,-4.645,,6525.0
2025-07-08 09:58:26,6035.0,6078.75,Put DEX 3,DEX,-6.428,,6525.0
2025-07-08 09:58:26,6035.0,6078.75,Put GEX 3,GEX,-12339.669,,6525.0
2025-07-08 09:58:26,6050.0,6094.0,Put DEX 2,DEX,-7.084,,6525.0
2025-07-08 09:58:26,6050.0,6094.0,Put GEX 2,GEX,-14715.19,,6525.0
2025-07-08 09:58:26,6075.0,6119.25,Put DEX 5,DEX,-3.582,,6525.0
2025-07-08 09:58:26,6075.0,6119.25,Put GEX 5,GEX,-8616.95,,6525.0
2025-07-08 09:58:26,6100.0,6144.25,Put DEX 1,DEX,-8.91,,6525.0
2025-07-08 09:58:26,6100.0,6144.25,Put GEX 1,GEX,-25373.439,,6525.0
2025-07-08 09:58:26,6125.0,6169.5,Call DEX 2,DEX,5.167,,6525.0
2025-07-08 09:58:26,6200.0,6245.0,Put GEX 4,GEX,-8912.911,,6525.0
2025-07-08 09:58:26,6225.0,6270.25,Call GEX 5,GEX,16935.881,,6525.0
2025-07-08 09:58:26,6250.0,6295.5,Call GEX 4,GEX,18119.044,,6525.0
2025-07-08 09:58:26,6275.0,6320.5,Call DEX 1,DEX,21.46,,6525.0
2025-07-08 09:58:26,6275.0,6320.5,Call GEX 1,GEX,156642.344,,6525.0
2025-07-08 09:58:26,6285.0,6330.75,Call DEX 3,DEX,3.161,,6525.0
2025-07-08 09:58:26,6285.0,6330.75,Call GEX 2,GEX,21119.509,,6525.0
2025-07-08 09:58:26,6300.0,6345.75,Call GEX 3,GEX,19220.964,,6525.0
2025-07-08 09:58:26,6350.0,6396.25,Call DEX 4,DEX,3.156,,6525.0
2025-07-08 09:58:26,6400.0,6446.5,Call DEX 5,DEX,2.978,,6525.0
2025-07-08 10:00:06,2400.0,2417.5,Call CEX 1,CEX,0.0,,6525.0
2025-07-08 10:00:06,2400.0,2417.5,Put CEX 1,CEX,0.0,,6525.0
2025-07-08 10:00:06,2400.0,2417.5,Call VEX 1,VEX,0.0,,6525.0
2025-07-08 10:00:06,2400.0,2417.5,Put VEX 1,VEX,0.0,,6525.0
2025-07-08 10:00:06,2600.0,2619.0,Call CEX 2,CEX,0.0,,6525.0
2025-07-08 10:00:06,2600.0,2619.0,Put CEX 2,CEX,0.0,,6525.0
2025-07-08 10:00:06,2600.0,2619.0,Call VEX 2,VEX,0.0,,6525.0
2025-07-08 10:00:06,2600.0,2619.0,Put VEX 2,VEX,0.0,,6525.0
2025-07-08 10:00:06,2800.0,2820.5,Call CEX 3,CEX,0.0,,6525.0
2025-07-08 10:00:06,2800.0,2820.5,Put CEX 3,CEX,0.0,,6525.0
2025-07-08 10:00:06,2800.0,2820.5,Call VEX 3,VEX,0.0,,6525.0
2025-07-08 10:00:06,2800.0,2820.5,Put VEX 3,VEX,0.0,,6525.0
2025-07-08 10:00:06,3000.0,3022.0,Call CEX 4,CEX,0.0,,6525.0
2025-07-08 10:00:06,3000.0,3022.0,Put CEX 4,CEX,0.0,,6525.0
2025-07-08 10:00:06,3000.0,3022.0,Call VEX 4,VEX,0.0,,6525.0
2025-07-08 10:00:06,3000.0,3022.0,Put VEX 4,VEX,0.0,,6525.0
2025-07-08 10:00:06,3200.0,3223.25,Call CEX 5,CEX,0.0,,6525.0
2025-07-08 10:00:06,3200.0,3223.25,Put CEX 5,CEX,0.0,,6525.0
2025-07-08 10:00:06,3200.0,3223.25,Call VEX 5,VEX,0.0,,6525.0
2025-07-08 10:00:06,3200.0,3223.25,Put VEX 5,VEX,0.0,,6525.0
2025-07-08 10:00:06,6000.0,6043.75,Put DEX 4,DEX,-4.645,,6525.0
2025-07-08 10:00:06,6035.0,6079.0,Put DEX 3,DEX,-6.428,,6525.0
2025-07-08 10:00:06,6035.0,6079.0,Put GEX 3,GEX,-12327.072,,6525.0
2025-07-08 10:00:06,6050.0,6094.25,Put DEX 2,DEX,-7.084,,6525.0
2025-07-08 10:00:06,6050.0,6094.25,Put GEX 2,GEX,-14698.908,,6525.0
2025-07-08 10:00:06,6075.0,6119.25,Put DEX 5,DEX,-3.582,,6525.0
2025-07-08 10:00:06,6075.0,6119.25,Put GEX 5,GEX,-8605.876,,6525.0
2025-07-08 10:00:06,6100.0,6144.5,Put DEX 1,DEX,-8.91,,6525.0
2025-07-08 10:00:06,6100.0,6144.5,Put GEX 1,GEX,-25334.676,,6525.0
2025-07-08 10:00:06,6125.0,6169.75,Call DEX 2,DEX,5.176,,6525.0
2025-07-08 10:00:06,6200.0,6245.25,Put GEX 4,GEX,-9293.36,,6525.0
2025-07-08 10:00:06,6225.0,6270.5,Call GEX 5,GEX,17001.217,,6525.0
2025-07-08 10:00:06,6250.0,6295.5,Call GEX 4,GEX,18162.795,,6525.0
2025-07-08 10:00:06,6275.0,6320.75,Call DEX 1,DEX,21.467,,6525.0
2025-07-08 10:00:06,6275.0,6320.75,Call GEX 1,GEX,157306.533,,6525.0
2025-07-08 10:00:06,6285.0,6330.75,Call DEX 3,DEX,3.161,,6525.0
2025-07-08 10:00:06,6285.0,6330.75,Call GEX 2,GEX,21199.695,,6525.0
2025-07-08 10:00:06,6300.0,6346.0,Call GEX 3,GEX,19143.236,,6525.0
2025-07-08 10:00:06,6350.0,6396.25,Call DEX 4,DEX,3.156,,6525.0
2025-07-08 10:00:06,6400.0,6446.75,Call DEX 5,DEX,2.978,,6525.0
2025-07-08 10:01:45,2400.0,2417.5,Call CEX 1,CEX,0.0,,6525.0
2025-07-08 10:01:45,2400.0,2417.5,Put CEX 1,CEX,0.0,,6525.0
2025-07-08 10:01:45,2400.0,2417.5,Call VEX 1,VEX,0.0,,6525.0
2025-07-08 10:01:45,2400.0,2417.5,Put VEX 1,VEX,0.0,,6525.0
2025-07-08 10:01:45,2600.0,2619.0,Call CEX 2,CEX,0.0,,6525.0
2025-07-08 10:01:45,2600.0,2619.0,Put CEX 2,CEX,0.0,,6525.0
2025-07-08 10:01:45,2600.0,2619.0,Call VEX 2,VEX,0.0,,6525.0
2025-07-08 10:01:45,2600.0,2619.0,Put VEX 2,VEX,0.0,,6525.0
2025-07-08 10:01:45,2800.0,2820.5,Call CEX 3,CEX,0.0,,6525.0
2025-07-08 10:01:45,2800.0,2820.5,Put CEX 3,CEX,0.0,,6525.0
2025-07-08 10:01:45,2800.0,2820.5,Call VEX 3,VEX,0.0,,6525.0
2025-07-08 10:01:45,2800.0,2820.5,Put VEX 3,VEX,0.0,,6525.0
2025-07-08 10:01:45,3000.0,3022.0,Call CEX 4,CEX,0.0,,6525.0
2025-07-08 10:01:45,3000.0,3022.0,Put CEX 4,CEX,0.0,,6525.0
2025-07-08 10:01:45,3000.0,3022.0,Call VEX 4,VEX,0.0,,6525.0
2025-07-08 10:01:45,3000.0,3022.0,Put VEX 4,VEX,0.0,,6525.0
2025-07-08 10:01:45,3200.0,3223.25,Call CEX 5,CEX,0.0,,6525.0
2025-07-08 10:01:45,3200.0,3223.25,Put CEX 5,CEX,0.0,,6525.0
2025-07-08 10:01:45,3200.0,3223.25,Call VEX 5,VEX,0.0,,6525.0
2025-07-08 10:01:45,3200.0,3223.25,Put VEX 5,VEX,0.0,,6525.0
2025-07-08 10:01:45,6000.0,6043.75,Put DEX 4,DEX,-4.645,,6525.0
2025-07-08 10:01:45,6035.0,6079.0,Put DEX 2,DEX,-6.428,,6525.0
2025-07-08 10:01:45,6035.0,6079.0,Put GEX 3,GEX,-12428.682,,6525.0
2025-07-08 10:01:45,6050.0,6094.25,Put DEX 1,DEX,-7.083,,6525.0
2025-07-08 10:01:45,6050.0,6094.25,Put GEX 2,GEX,-14830.32,,6525.0
2025-07-08 10:01:45,6075.0,6119.25,Put DEX 5,DEX,-3.581,,6525.0
2025-07-08 10:01:45,6075.0,6119.25,Put GEX 5,GEX,-8695.364,,6525.0
2025-07-08 10:01:45,6100.0,6144.5,Put DEX 3,DEX,-5.808,,6525.0
2025-07-08 10:01:45,6100.0,6144.5,Put GEX 1,GEX,-20978.482,,6525.0
2025-07-08 10:01:45,6125.0,6169.75,Call DEX 2,DEX,5.132,,6525.0
2025-07-08 10:01:45,6200.0,6245.25,Put GEX 4,GEX,-9962.657,,6525.0
2025-07-08 10:01:45,6225.0,6270.5,Call GEX 5,GEX,16789.97,,6525.0
2025-07-08 10:01:45,6250.0,6295.75,Call GEX 4,GEX,17704.184,,6525.0
2025-07-08 10:01:45,6275.0,6320.75,Call DEX 1,DEX,21.328,,6525.0
2025-07-08 10:01:45,6275.0,6320.75,Call GEX 1,GEX,153209.495,,6525.0
2025-07-08 10:01:45,6285.0,6331.0,Call DEX 4,DEX,3.146,,6525.0
2025-07-08 10:01:45,6285.0,6331.0,Call GEX 2,GEX,20666.931,,6525.0
2025-07-08 10:01:45,6300.0,6346.0,Call GEX 3,GEX,18715.892,,6525.0
2025-07-08 10:01:45,6350.0,6396.5,Call DEX 3,DEX,3.156,,6525.0
2025-07-08 10:01:45,6400.0,6446.75,Call DEX 5,DEX,2.978,,6525.0
2025-07-08 10:03:25,2400.0,2417.75,Call CEX 1,CEX,0.0,,6525.0
2025-07-08 10:03:25,2400.0,2417.75,Put CEX 1,CEX,0.0,,6525.0
2025-07-08 10:03:25,2400.0,2417.75,Call VEX 1,VEX,0.0,,6525.0
2025-07-08 10:03:25,2400.0,2417.75,Put VEX 1,VEX,0.0,,6525.0
2025-07-08 10:03:25,2600.0,2619.25,Call CEX 2,CEX,0.0,,6525.0
2025-07-08 10:03:25,2600.0,2619.25,Put CEX 2,CEX,0.0,,6525.0
2025-07-08 10:03:25,2600.0,2619.25,Call VEX 2,VEX,0.0,,6525.0
2025-07-08 10:03:25,2600.0,2619.25,Put VEX 2,VEX,0.0,,6525.0
2025-07-08 10:03:25,2800.0,2820.5,Call CEX 3,CEX,0.0,,6525.0
2025-07-08 10:03:25,2800.0,2820.5,Put CEX 3,CEX,0.0,,6525.0
2025-07-08 10:03:25,2800.0,2820.5,Call VEX 3,VEX,0.0,,6525.0
2025-07-08 10:03:25,2800.0,2820.5,Put VEX 3,VEX,0.0,,6525.0
2025-07-08 10:03:25,3000.0,3022.0,Call CEX 4,CEX,0.0,,6525.0
2025-07-08 10:03:25,3000.0,3022.0,Put CEX 4,CEX,0.0,,6525.0
2025-07-08 10:03:25,3000.0,3022.0,Call VEX 4,VEX,0.0,,6525.0
2025-07-08 10:03:25,3000.0,3022.0,Put VEX 4,VEX,0.0,,6525.0
2025-07-08 10:03:25,3200.0,3223.5,Call CEX 5,CEX,0.0,,6525.0
2025-07-08 10:03:25,3200.0,3223.5,Put CEX 5,CEX,0.0,,6525.0
2025-07-08 10:03:25,3200.0,3223.5,Call VEX 5,VEX,0.0,,6525.0
2025-07-08 10:03:25,3200.0,3223.5,Put VEX 5,VEX,0.0,,6525.0
2025-07-08 10:03:25,6000.0,6044.25,Put DEX 4,DEX,-4.645,,6525.0
2025-07-08 10:03:25,6035.0,6079.5,Put DEX 3,DEX,-6.428,,6525.0
2025-07-08 10:03:25,6035.0,6079.5,Put GEX 3,GEX,-12370.182,,6525.0
2025-07-08 10:03:25,6050.0,6094.5,Put DEX 2,DEX,-7.084,,6525.0
2025-07-08 10:03:25,6050.0,6094.5,Put GEX 2,GEX,-14754.639,,6525.0
2025-07-08 10:03:25,6075.0,6119.75,Put DEX 5,DEX,-3.581,,6525.0
2025-07-08 10:03:25,6075.0,6119.75,Put GEX 5,GEX,-8643.795,,6525.0
2025-07-08 10:03:25,6100.0,6145.0,Put DEX 1,DEX,-8.91,,6525.0
2025-07-08 10:03:25,6100.0,6145.0,Put GEX 1,GEX,-25467.483,,6525.0
2025-07-08 10:03:25,6125.0,6170.0,Call DEX 2,DEX,5.158,,6525.0
2025-07-08 10:03:25,6200.0,6245.75,Put GEX 4,GEX,-9081.593,,6525.0
2025-07-08 10:03:25,6225.0,6270.75,Call GEX 5,GEX,17351.752,,6525.0
2025-07-08 10:03:25,6250.0,6296.0,Call GEX 4,GEX,18321.414,,6525.0
2025-07-08 10:03:25,6275.0,6321.25,Call DEX 1,DEX,21.362,,6525.0
2025-07-08 10:03:25,6275.0,6321.25,Call GEX 1,GEX,156251.211,,6525.0
2025-07-08 10:03:25,6285.0,6331.25,Call DEX 4,DEX,3.149,,6525.0
2025-07-08 10:03:25,6285.0,6331.25,Call GEX 2,GEX,21031.572,,6525.0
2025-07-08 10:03:25,6300.0,6346.5,Call GEX 3,GEX,19254.739,,6525.0
2025-07-08 10:03:25,6350.0,6396.75,Call DEX 3,DEX,3.157,,6525.0
2025-07-08 10:03:25,6400.0,6447.0,Call DEX 5,DEX,2.978,,6525.0
2025-07-08 10:05:05,2400.0,2417.5,Call CEX 1,CEX,0.0,,6525.0
2025-07-08 10:05:05,2400.0,2417.5,Put CEX 1,CEX,0.0,,6525.0
2025-07-08 10:05:05,2400.0,2417.5,Call VEX 1,VEX,0.0,,6525.0
2025-07-08 10:05:05,2400.0,2417.5,Put VEX 1,VEX,0.0,,6525.0
2025-07-08 10:05:05,2600.0,2619.0,Call CEX 2,CEX,0.0,,6525.0
2025-07-08 10:05:05,2600.0,2619.0,Put CEX 2,CEX,0.0,,6525.0
2025-07-08 10:05:05,2600.0,2619.0,Call VEX 2,VEX,0.0,,6525.0
2025-07-08 10:05:05,2600.0,2619.0,Put VEX 2,VEX,0.0,,6525.0
2025-07-08 10:05:05,2800.0,2820.5,Call CEX 3,CEX,0.0,,6525.0
2025-07-08 10:05:05,2800.0,2820.5,Put CEX 3,CEX,0.0,,6525.0
2025-07-08 10:05:05,2800.0,2820.5,Call VEX 3,VEX,0.0,,6525.0
2025-07-08 10:05:05,2800.0,2820.5,Put VEX 3,VEX,0.0,,6525.0
2025-07-08 10:05:05,3000.0,3022.0,Call CEX 4,CEX,0.0,,6525.0
2025-07-08 10:05:05,3000.0,3022.0,Put CEX 4,CEX,0.0,,6525.0
2025-07-08 10:05:05,3000.0,3022.0,Call VEX 4,VEX,0.0,,6525.0
2025-07-08 10:05:05,3000.0,3022.0,Put VEX 4,VEX,0.0,,6525.0
2025-07-08 10:05:05,3200.0,3223.5,Call CEX 5,CEX,0.0,,6525.0
2025-07-08 10:05:05,3200.0,3223.5,Put CEX 5,CEX,0.0,,6525.0
2025-07-08 10:05:05,3200.0,3223.5,Call VEX 5,VEX,0.0,,6525.0
2025-07-08 10:05:05,3200.0,3223.5,Put VEX 5,VEX,0.0,,6525.0
2025-07-08 10:05:05,6025.0,6069.0,Put DEX 5,DEX,-2.232,,6525.0
2025-07-08 10:05:05,6035.0,6079.25,Put DEX 2,DEX,-6.369,,6525.0
2025-07-08 10:05:05,6035.0,6079.25,Put GEX 4,GEX,-12443.047,,6525.0
2025-07-08 10:05:05,6050.0,6094.25,Put DEX 1,DEX,-6.902,,6525.0
2025-07-08 10:05:05,6050.0,6094.25,Put GEX 3,GEX,-14729.892,,6525.0
2025-07-08 10:05:05,6075.0,6119.5,Put DEX 4,DEX,-3.045,,6525.0
2025-07-08 10:05:05,6100.0,6144.75,Put DEX 3,DEX,-5.855,,6525.0
2025-07-08 10:05:05,6100.0,6144.75,Put GEX 1,GEX,-21363.286,,6525.0
2025-07-08 10:05:05,6125.0,6169.75,Call DEX 3,DEX,5.019,,6525.0
2025-07-08 10:05:05,6150.0,6195.0,Put GEX 5,GEX,-9108.526,,6525.0
2025-07-08 10:05:05,6200.0,6245.25,Put GEX 2,GEX,-16088.694,,6525.0
2025-07-08 10:05:05,6225.0,6270.5,Call GEX 5,GEX,13243.213,,6525.0
2025-07-08 10:05:05,6250.0,6295.75,Call GEX 4,GEX,14816.248,,6525.0
2025-07-08 10:05:05,6275.0,6321.0,Call DEX 1,DEX,21.371,,6525.0
2025-07-08 10:05:05,6275.0,6321.0,Call GEX 1,GEX,148042.971,,6525.0
2025-07-08 10:05:05,6285.0,6331.0,Call DEX 5,DEX,3.146,,6525.0
2025-07-08 10:05:05,6285.0,6331.0,Call GEX 3,GEX,20097.694,,6525.0
2025-07-08 10:05:05,6300.0,6346.0,Call DEX 2,DEX,5.85,,6525.0
2025-07-08 10:05:05,6300.0,6346.0,Call GEX 2,GEX,31019.983,,6525.0
2025-07-08 10:05:05,6350.0,6396.5,Call DEX 4,DEX,3.248,,6525.0
2025-07-08 10:06:44,2400.0,2417.5,Call CEX 1,CEX,0.0,,6800.0
2025-07-08 10:06:44,2400.0,2417.5,Put CEX 1,CEX,0.0,,6800.0
2025-07-08 10:06:44,2400.0,2417.5,Call VEX 1,VEX,0.0,,6800.0
2025-07-08 10:06:44,2400.0,2417.5,Put VEX 1,VEX,0.0,,6800.0
2025-07-08 10:06:44,2600.0,2619.0,Call CEX 2,CEX,0.0,,6800.0
2025-07-08 10:06:44,2600.0,2619.0,Put CEX 2,CEX,0.0,,6800.0
2025-07-08 10:06:44,2600.0,2619.0,Call VEX 2,VEX,0.0,,6800.0
2025-07-08 10:06:44,2600.0,2619.0,Put VEX 2,VEX,0.0,,6800.0
2025-07-08 10:06:44,2800.0,2820.5,Call CEX 3,CEX,0.0,,6800.0
2025-07-08 10:06:44,2800.0,2820.5,Put CEX 3,CEX,0.0,,6800.0
2025-07-08 10:06:44,2800.0,2820.5,Call VEX 3,VEX,0.0,,6800.0
2025-07-08 10:06:44,2800.0,2820.5,Put VEX 3,VEX,0.0,,6800.0
2025-07-08 10:06:44,3000.0,3022.0,Call CEX 4,CEX,0.0,,6800.0
2025-07-08 10:06:44,3000.0,3022.0,Put CEX 4,CEX,0.0,,6800.0
2025-07-08 10:06:44,3000.0,3022.0,Call VEX 4,VEX,0.0,,6800.0
2025-07-08 10:06:44,3000.0,3022.0,Put VEX 4,VEX,0.0,,6800.0
2025-07-08 10:06:44,3200.0,3223.5,Call CEX 5,CEX,0.0,,6800.0
2025-07-08 10:06:44,3200.0,3223.5,Put CEX 5,CEX,0.0,,6800.0
2025-07-08 10:06:44,3200.0,3223.5,Call VEX 5,VEX,0.0,,6800.0
2025-07-08 10:06:44,3200.0,3223.5,Put VEX 5,VEX,0.0,,6800.0
2025-07-08 10:06:44,6000.0,6044.0,Put DEX 4,DEX,-4.645,,6800.0
2025-07-08 10:06:44,6035.0,6079.25,Put DEX 3,DEX,-6.429,,6800.0
2025-07-08 10:06:44,6035.0,6079.25,Put GEX 4,GEX,-12447.624,,6800.0
2025-07-08 10:06:44,6050.0,6094.5,Put DEX 2,DEX,-7.085,,6800.0
2025-07-08 10:06:44,6050.0,6094.5,Put GEX 2,GEX,-14854.846,,6800.0
2025-07-08 10:06:44,6075.0,6119.5,Put DEX 5,DEX,-3.583,,6800.0
2025-07-08 10:06:44,6075.0,6119.5,Put GEX 5,GEX,-8709.115,,6800.0
2025-07-08 10:06:44,6100.0,6144.75,Put DEX 1,DEX,-8.917,,6800.0
2025-07-08 10:06:44,6100.0,6144.75,Put GEX 1,GEX,-25686.354,,6800.0
2025-07-08 10:06:44,6150.0,6195.25,Put GEX 3,GEX,-12597.587,,6800.0
2025-07-08 10:06:44,6175.0,6220.25,Call DEX 5,DEX,2.864,,6800.0
2025-07-08 10:06:44,6225.0,6270.75,Call GEX 5,GEX,19005.722,,6800.0
2025-07-08 10:06:44,6250.0,6296.0,Call GEX 4,GEX,19186.91,,6800.0
2025-07-08 10:06:44,6275.0,6321.0,Call DEX 1,DEX,21.211,,6800.0
2025-07-08 10:06:44,6275.0,6321.0,Call GEX 1,GEX,153939.735,,6800.0
2025-07-08 10:06:44,6285.0,6331.25,Call DEX 3,DEX,3.137,,6800.0
2025-07-08 10:06:44,6285.0,6331.25,Call GEX 2,GEX,20689.632,,6800.0
2025-07-08 10:06:44,6300.0,6346.25,Call GEX 3,GEX,19473.726,,6800.0
2025-07-08 10:06:44,6350.0,6396.75,Call DEX 2,DEX,3.157,,6800.0
2025-07-08 10:06:44,6400.0,6447.0,Call DEX 4,DEX,2.978,,6800.0
2025-07-08 10:08:25,2400.0,2417.5,Call CEX 1,CEX,0.0,,6525.0
2025-07-08 10:08:25,2400.0,2417.5,Put CEX 1,CEX,0.0,,6525.0
2025-07-08 10:08:25,2400.0,2417.5,Call VEX 1,VEX,0.0,,6525.0
2025-07-08 10:08:25,2400.0,2417.5,Put VEX 1,VEX,0.0,,6525.0
2025-07-08 10:08:25,2600.0,2619.0,Call CEX 2,CEX,0.0,,6525.0
2025-07-08 10:08:25,2600.0,2619.0,Put CEX 2,CEX,0.0,,6525.0
2025-07-08 10:08:25,2600.0,2619.0,Call VEX 2,VEX,0.0,,6525.0
2025-07-08 10:08:25,2600.0,2619.0,Put VEX 2,VEX,0.0,,6525.0
2025-07-08 10:08:25,2800.0,2820.5,Call CEX 3,CEX,0.0,,6525.0
2025-07-08 10:08:25,2800.0,2820.5,Put CEX 3,CEX,0.0,,6525.0
2025-07-08 10:08:25,2800.0,2820.5,Call VEX 3,VEX,0.0,,6525.0
2025-07-08 10:08:25,2800.0,2820.5,Put VEX 3,VEX,0.0,,6525.0
2025-07-08 10:08:25,3000.0,3022.0,Call CEX 4,CEX,0.0,,6525.0
2025-07-08 10:08:25,3000.0,3022.0,Put CEX 4,CEX,0.0,,6525.0
2025-07-08 10:08:25,3000.0,3022.0,Call VEX 4,VEX,0.0,,6525.0
2025-07-08 10:08:25,3000.0,3022.0,Put VEX 4,VEX,0.0,,6525.0
2025-07-08 10:08:25,3200.0,3223.5,Call CEX 5,CEX,0.0,,6525.0
2025-07-08 10:08:25,3200.0,3223.5,Put CEX 5,CEX,0.0,,6525.0
2025-07-08 10:08:25,3200.0,3223.5,Call VEX 5,VEX,0.0,,6525.0
2025-07-08 10:08:25,3200.0,3223.5,Put VEX 5,VEX,0.0,,6525.0
2025-07-08 10:08:25,6025.0,6069.25,Put DEX 5,DEX,-2.23,,6525.0
2025-07-08 10:08:25,6035.0,6079.25,Put DEX 2,DEX,-6.369,,6525.0
2025-07-08 10:08:25,6035.0,6079.25,Put GEX 3,GEX,-12570.339,,6525.0
2025-07-08 10:08:25,6050.0,6094.25,Put DEX 1,DEX,-6.901,,6525.0
2025-07-08 10:08:25,6050.0,6094.25,Put GEX 2,GEX,-14890.868,,6525.0
2025-07-08 10:08:25,6075.0,6119.5,Put DEX 4,DEX,-3.041,,6525.0
2025-07-08 10:08:25,6100.0,6144.75,Put DEX 3,DEX,-5.838,,6525.0
2025-07-08 10:08:25,6100.0,6144.75,Put GEX 1,GEX,-21564.144,,6525.0
2025-07-08 10:08:25,6125.0,6169.75,Call DEX 2,DEX,5.071,,6525.0
2025-07-08 10:08:25,6150.0,6195.0,Put GEX 5,GEX,-9039.157,,6525.0
2025-07-08 10:08:25,6200.0,6245.5,Put GEX 4,GEX,-12527.825,,6525.0
2025-07-08 10:08:25,6225.0,6270.5,Call GEX 5,GEX,15552.103,,6525.0
2025-07-08 10:08:25,6250.0,6295.75,Call GEX 4,GEX,16273.364,,6525.0
2025-07-08 10:08:25,6275.0,6321.0,Call DEX 1,DEX,21.099,,6525.0
2025-07-08 10:08:25,6275.0,6321.0,Call GEX 1,GEX,145368.731,,6525.0
2025-07-08 10:08:25,6285.0,6331.0,Call DEX 4,DEX,3.123,,6525.0
2025-07-08 10:08:25,6285.0,6331.0,Call GEX 2,GEX,19654.529,,6525.0
2025-07-08 10:08:25,6300.0,6346.25,Call GEX 3,GEX,17438.24,,6525.0
2025-07-08 10:08:25,6350.0,6396.5,Call DEX 3,DEX,3.154,,6525.0
2025-07-08 10:08:25,6400.0,6447.0,Call DEX 5,DEX,2.977,,6525.0
2025-07-08 10:10:05,2400.0,2417.75,Call CEX 1,CEX,0.0,,6525.0
2025-07-08 10:10:05,2400.0,2417.75,Put CEX 1,CEX,0.0,,6525.0
2025-07-08 10:10:05,2400.0,2417.75,Call VEX 1,VEX,0.0,,6525.0
2025-07-08 10:10:05,2400.0,2417.75,Put VEX 1,VEX,0.0,,6525.0
2025-07-08 10:10:05,2600.0,2619.25,Call CEX 2,CEX,0.0,,6525.0
2025-07-08 10:10:05,2600.0,2619.25,Put CEX 2,CEX,0.0,,6525.0
2025-07-08 10:10:05,2600.0,2619.25,Call VEX 2,VEX,0.0,,6525.0
2025-07-08 10:10:05,2600.0,2619.25,Put VEX 2,VEX,0.0,,6525.0
2025-07-08 10:10:05,2800.0,2820.5,Call CEX 3,CEX,0.0,,6525.0
2025-07-08 10:10:05,2800.0,2820.5,Put CEX 3,CEX,0.0,,6525.0
2025-07-08 10:10:05,2800.0,2820.5,Call VEX 3,VEX,0.0,,6525.0
2025-07-08 10:10:05,2800.0,2820.5,Put VEX 3,VEX,0.0,,6525.0
2025-07-08 10:10:05,3000.0,3022.0,Call CEX 4,CEX,0.0,,6525.0
2025-07-08 10:10:05,3000.0,3022.0,Put CEX 4,CEX,0.0,,6525.0
2025-07-08 10:10:05,3000.0,3022.0,Call VEX 4,VEX,0.0,,6525.0
2025-07-08 10:10:05,3000.0,3022.0,Put VEX 4,VEX,0.0,,6525.0
2025-07-08 10:10:05,3200.0,3223.5,Call CEX 5,CEX,0.0,,6525.0
2025-07-08 10:10:05,3200.0,3223.5,Put CEX 5,CEX,0.0,,6525.0
2025-07-08 10:10:05,3200.0,3223.5,Call VEX 5,VEX,0.0,,6525.0
2025-07-08 10:10:05,3200.0,3223.5,Put VEX 5,VEX,0.0,,6525.0
2025-07-08 10:10:05,6025.0,6069.25,Put DEX 5,DEX,-2.231,,6525.0
2025-07-08 10:10:05,6035.0,6079.5,Put DEX 2,DEX,-6.369,,6525.0
2025-07-08 10:10:05,6035.0,6079.5,Put GEX 4,GEX,-12548.892,,6525.0
2025-07-08 10:10:05,6050.0,6094.5,Put DEX 1,DEX,-6.901,,6525.0
2025-07-08 10:10:05,6050.0,6094.5,Put GEX 2,GEX,-14869.511,,6525.0
2025-07-08 10:10:05,6075.0,6119.75,Put DEX 4,DEX,-3.043,,6525.0
2025-07-08 10:10:05,6100.0,6145.0,Put DEX 3,DEX,-5.847,,6525.0
2025-07-08 10:10:05,6100.0,6145.0,Put GEX 1,GEX,-21590.923,,6525.0
2025-07-08 10:10:05,6125.0,6170.0,Call DEX 2,DEX,5.034,,6525.0
2025-07-08 10:10:05,6150.0,6195.25,Put GEX 5,GEX,-9104.569,,6525.0
2025-07-08 10:10:05,6200.0,6245.75,Put GEX 3,GEX,-14104.127,,6525.0
2025-07-08 10:10:05,6225.0,6270.75,Call GEX 5,GEX,14716.37,,6525.0
2025-07-08 10:10:05,6250.0,6296.0,Call GEX 4,GEX,15744.148,,6525.0
2025-07-08 10:10:05,6275.0,6321.25,Call DEX 1,DEX,21.138,,6525.0
2025-07-08 10:10:05,6275.0,6321.25,Call GEX 1,GEX,145818.984,,6525.0
2025-07-08 10:10:05,6285.0,6331.25,Call DEX 4,DEX,3.125,,6525.0
2025-07-08 10:10:05,6285.0,6331.25,Call GEX 2,GEX,19718.023,,6525.0
2025-07-08 10:10:05,6300.0,6346.25,Call GEX 3,GEX,17171.468,,6525.0
2025-07-08 10:10:05,6350.0,6396.75,Call DEX 3,DEX,3.248,,6525.0
2025-07-08 10:10:05,6400.0,6447.0,Call DEX 5,DEX,2.977,,6525.0
2025-07-08 10:11:17,2400.0,2417.75,Call CEX 1,CEX,0.0,,6525.0
2025-07-08 10:11:17,2400.0,2417.75,Put CEX 1,CEX,0.0,,6525.0
2025-07-08 10:11:17,2400.0,2417.75,Call VEX 1,VEX,0.0,,6525.0
2025-07-08 10:11:17,2400.0,2417.75,Put VEX 1,VEX,0.0,,6525.0
2025-07-08 10:11:17,2600.0,2619.0,Call CEX 2,CEX,0.0,,6525.0
2025-07-08 10:11:17,2600.0,2619.0,Put CEX 2,CEX,0.0,,6525.0
2025-07-08 10:11:17,2600.0,2619.0,Call VEX 2,VEX,0.0,,6525.0
2025-07-08 10:11:17,2600.0,2619.0,Put VEX 2,VEX,0.0,,6525.0
2025-07-08 10:11:17,2800.0,2820.5,Call CEX 3,CEX,0.0,,6525.0
2025-07-08 10:11:17,2800.0,2820.5,Put CEX 3,CEX,0.0,,6525.0
2025-07-08 10:11:17,2800.0,2820.5,Call VEX 3,VEX,0.0,,6525.0
2025-07-08 10:11:17,2800.0,2820.5,Put VEX 3,VEX,0.0,,6525.0
2025-07-08 10:11:17,3000.0,3022.0,Call CEX 4,CEX,0.0,,6525.0
2025-07-08 10:11:17,3000.0,3022.0,Put CEX 4,CEX,0.0,,6525.0
2025-07-08 10:11:17,3000.0,3022.0,Call VEX 4,VEX,0.0,,6525.0
2025-07-08 10:11:17,3000.0,3022.0,Put VEX 4,VEX,0.0,,6525.0
2025-07-08 10:11:17,3200.0,3223.5,Call CEX 5,CEX,0.0,,6525.0
2025-07-08 10:11:17,3200.0,3223.5,Put CEX 5,CEX,0.0,,6525.0
2025-07-08 10:11:17,3200.0,3223.5,Call VEX 5,VEX,0.0,,6525.0
2025-07-08 10:11:17,3200.0,3223.5,Put VEX 5,VEX,0.0,,6525.0
2025-07-08 10:11:17,6025.0,6069.25,Put DEX 5,DEX,-2.231,,6525.0
2025-07-08 10:11:17,6035.0,6079.25,Put DEX 2,DEX,-6.369,,6525.0
2025-07-08 10:11:17,6035.0,6079.25,Put GEX 4,GEX,-12548.892,,6525.0
2025-07-08 10:11:17,6050.0,6094.5,Put DEX 1,DEX,-6.901,,6525.0
2025-07-08 10:11:17,6050.0,6094.5,Put GEX 2,GEX,-14869.511,,6525.0
2025-07-08 10:11:17,6075.0,6119.75,Put DEX 4,DEX,-3.043,,6525.0
2025-07-08 10:11:17,6100.0,6144.75,Put DEX 3,DEX,-5.847,,6525.0
2025-07-08 10:11:17,6100.0,6144.75,Put GEX 1,GEX,-21590.923,,6525.0
2025-07-08 10:11:17,6125.0,6170.0,Call DEX 2,DEX,5.034,,6525.0
2025-07-08 10:11:17,6150.0,6195.25,Put GEX 5,GEX,-9104.569,,6525.0
2025-07-08 10:11:17,6200.0,6245.5,Put GEX 3,GEX,-14104.127,,6525.0
2025-07-08 10:11:17,6225.0,6270.75,Call GEX 5,GEX,14716.37,,6525.0
2025-07-08 10:11:17,6250.0,6296.0,Call GEX 4,GEX,15744.148,,6525.0
2025-07-08 10:11:17,6275.0,6321.0,Call DEX 1,DEX,21.138,,6525.0
2025-07-08 10:11:17,6275.0,6321.0,Call GEX 1,GEX,145818.984,,6525.0
2025-07-08 10:11:17,6285.0,6331.25,Call DEX 4,DEX,3.125,,6525.0
2025-07-08 10:11:17,6285.0,6331.25,Call GEX 2,GEX,19718.023,,6525.0
2025-07-08 10:11:17,6300.0,6346.25,Call GEX 3,GEX,17171.468,,6525.0
2025-07-08 10:11:17,6350.0,6396.75,Call DEX 3,DEX,3.248,,6525.0
2025-07-08 10:11:17,6400.0,6447.0,Call DEX 5,DEX,2.977,,6525.0
2025-07-08 10:12:56,2400.0,2417.5,Call CEX 1,CEX,0.0,,6525.0
2025-07-08 10:12:56,2400.0,2417.5,Put CEX 1,CEX,0.0,,6525.0
2025-07-08 10:12:56,2400.0,2417.5,Call VEX 1,VEX,0.0,,6525.0
2025-07-08 10:12:56,2400.0,2417.5,Put VEX 1,VEX,0.0,,6525.0
2025-07-08 10:12:56,2600.0,2619.0,Call CEX 2,CEX,0.0,,6525.0
2025-07-08 10:12:56,2600.0,2619.0,Put CEX 2,CEX,0.0,,6525.0
2025-07-08 10:12:56,2600.0,2619.0,Call VEX 2,VEX,0.0,,6525.0
2025-07-08 10:12:56,2600.0,2619.0,Put VEX 2,VEX,0.0,,6525.0
2025-07-08 10:12:56,2800.0,2820.5,Call CEX 3,CEX,0.0,,6525.0
2025-07-08 10:12:56,2800.0,2820.5,Put CEX 3,CEX,0.0,,6525.0
2025-07-08 10:12:56,2800.0,2820.5,Call VEX 3,VEX,0.0,,6525.0
2025-07-08 10:12:56,2800.0,2820.5,Put VEX 3,VEX,0.0,,6525.0
2025-07-08 10:12:56,3000.0,3022.0,Call CEX 4,CEX,0.0,,6525.0
2025-07-08 10:12:56,3000.0,3022.0,Put CEX 4,CEX,0.0,,6525.0
2025-07-08 10:12:56,3000.0,3022.0,Call VEX 4,VEX,0.0,,6525.0
2025-07-08 10:12:56,3000.0,3022.0,Put VEX 4,VEX,0.0,,6525.0
2025-07-08 10:12:56,3200.0,3223.5,Call CEX 5,CEX,0.0,,6525.0
2025-07-08 10:12:56,3200.0,3223.5,Put CEX 5,CEX,0.0,,6525.0
2025-07-08 10:12:56,3200.0,3223.5,Call VEX 5,VEX,0.0,,6525.0
2025-07-08 10:12:56,3200.0,3223.5,Put VEX 5,VEX,0.0,,6525.0
2025-07-08 10:12:56,6025.0,6069.0,Put DEX 5,DEX,-2.231,,6525.0
2025-07-08 10:12:56,6035.0,6079.25,Put DEX 2,DEX,-6.369,,6525.0
2025-07-08 10:12:56,6035.0,6079.25,Put GEX 4,GEX,-12558.717,,6525.0
2025-07-08 10:12:56,6050.0,6094.25,Put DEX 1,DEX,-6.901,,6525.0
2025-07-08 10:12:56,6050.0,6094.25,Put GEX 3,GEX,-14882.769,,6525.0
2025-07-08 10:12:56,6075.0,6119.5,Put DEX 4,DEX,-3.043,,6525.0
2025-07-08 10:12:56,6100.0,6144.5,Put DEX 3,DEX,-5.854,,6525.0
2025-07-08 10:12:56,6100.0,6144.5,Put GEX 1,GEX,-21642.728,,6525.0
2025-07-08 10:12:56,6125.0,6169.75,Call DEX 3,DEX,5.022,,6525.0
2025-07-08 10:12:56,6150.0,6195.0,Put GEX 5,GEX,-9193.733,,6525.0
2025-07-08 10:12:56,6200.0,6245.25,Put GEX 2,GEX,-14955.404,,6525.0
2025-07-08 10:12:56,6225.0,6270.5,Call GEX 5,GEX,14322.868,,6525.0
2025-07-08 10:12:56,6250.0,6295.75,Call GEX 4,GEX,15359.781,,6525.0
2025-07-08 10:12:56,6275.0,6321.0,Call DEX 1,DEX,21.142,,6525.0
2025-07-08 10:12:56,6275.0,6321.0,Call GEX 1,GEX,145207.538,,6525.0
2025-07-08 10:12:56,6285.0,6331.0,Call DEX 5,DEX,3.124,,6525.0
2025-07-08 10:12:56,6285.0,6331.0,Call GEX 3,GEX,19659.497,,6525.0
2025-07-08 10:12:56,6300.0,6346.0,Call DEX 2,DEX,5.834,,6525.0
2025-07-08 10:12:56,6300.0,6346.0,Call GEX 2,GEX,30294.73,,6525.0
2025-07-08 10:12:56,6350.0,6396.5,Call DEX 4,DEX,3.248,,6525.0
2025-07-08 10:14:25,2400.0,2417.25,Call CEX 1,CEX,0.0,,6800.0
2025-07-08 10:14:25,2400.0,2417.25,Put CEX 1,CEX,0.0,,6800.0
2025-07-08 10:14:25,2400.0,2417.25,Call VEX 1,VEX,0.0,,6800.0
2025-07-08 10:14:25,2400.0,2417.25,Put VEX 1,VEX,0.0,,6800.0
2025-07-08 10:14:25,2600.0,2618.75,Call CEX 2,CEX,0.0,,6800.0
2025-07-08 10:14:25,2600.0,2618.75,Put CEX 2,CEX,0.0,,6800.0
2025-07-08 10:14:25,2600.0,2618.75,Call VEX 2,VEX,0.0,,6800.0
2025-07-08 10:14:25,2600.0,2618.75,Put VEX 2,VEX,0.0,,6800.0
2025-07-08 10:14:25,2800.0,2820.25,Call CEX 3,CEX,0.0,,6800.0
2025-07-08 10:14:25,2800.0,2820.25,Put CEX 3,CEX,0.0,,6800.0
2025-07-08 10:14:25,2800.0,2820.25,Call VEX 3,VEX,0.0,,6800.0
2025-07-08 10:14:25,2800.0,2820.25,Put VEX 3,VEX,0.0,,6800.0
2025-07-08 10:14:25,3000.0,3021.75,Call CEX 4,CEX,0.0,,6800.0
2025-07-08 10:14:25,3000.0,3021.75,Put CEX 4,CEX,0.0,,6800.0
2025-07-08 10:14:25,3000.0,3021.75,Call VEX 4,VEX,0.0,,6800.0
2025-07-08 10:14:25,3000.0,3021.75,Put VEX 4,VEX,0.0,,6800.0
2025-07-08 10:14:25,3200.0,3223.25,Call CEX 5,CEX,0.0,,6800.0
2025-07-08 10:14:25,3200.0,3223.25,Put CEX 5,CEX,0.0,,6800.0
2025-07-08 10:14:25,3200.0,3223.25,Call VEX 5,VEX,0.0,,6800.0
2025-07-08 10:14:25,3200.0,3223.25,Put VEX 5,VEX,0.0,,6800.0
2025-07-08 10:14:25,6025.0,6068.5,Put DEX 5,DEX,-2.231,,6800.0
2025-07-08 10:14:25,6035.0,6078.75,Put DEX 2,DEX,-6.37,,6800.0
2025-07-08 10:14:25,6035.0,6078.75,Put GEX 3,GEX,-12420.178,,6800.0
2025-07-08 10:14:25,6050.0,6093.75,Put DEX 1,DEX,-6.901,,6800.0
2025-07-08 10:14:25,6050.0,6093.75,Put GEX 2,GEX,-14702.003,,6800.0
2025-07-08 10:14:25,6075.0,6119.0,Put DEX 4,DEX,-3.038,,6800.0
2025-07-08 10:14:25,6100.0,6144.0,Put DEX 3,DEX,-5.82,,6800.0
2025-07-08 10:14:25,6100.0,6144.0,Put GEX 1,GEX,-21175.087,,6800.0
2025-07-08 10:14:25,6125.0,6169.25,Call DEX 2,DEX,5.111,,6800.0
2025-07-08 10:14:25,6150.0,6194.5,Put GEX 5,GEX,-8801.636,,6800.0
2025-07-08 10:14:25,6200.0,6244.75,Put GEX 4,GEX,-11731.15,,6800.0
2025-07-08 10:14:25,6225.0,6270.0,Call GEX 5,GEX,16112.492,,6800.0
2025-07-08 10:14:25,6250.0,6295.25,Call GEX 4,GEX,17065.563,,6800.0
2025-07-08 10:14:25,6275.0,6320.25,Call DEX 1,DEX,21.24,,6800.0
2025-07-08 10:14:25,6275.0,6320.25,Call GEX 1,GEX,151390.132,,6800.0
2025-07-08 10:14:25,6285.0,6330.5,Call DEX 4,DEX,3.137,,6800.0
2025-07-08 10:14:25,6285.0,6330.5,Call GEX 2,GEX,20406.96,,6800.0
2025-07-08 10:14:25,6300.0,6345.5,Call GEX 3,GEX,18132.294,,6800.0
2025-07-08 10:14:25,6350.0,6396.0,Call DEX 3,DEX,3.155,,6800.0
2025-07-08 10:14:25,6400.0,6446.25,Call DEX 5,DEX,2.977,,6800.0
2025-07-08 10:15:52,2400.0,2417.25,Call CEX 1,CEX,0.0,,6525.0
2025-07-08 10:15:52,2400.0,2417.25,Put CEX 1,CEX,0.0,,6525.0
2025-07-08 10:15:52,2400.0,2417.25,Call VEX 1,VEX,0.0,,6525.0
2025-07-08 10:15:52,2400.0,2417.25,Put VEX 1,VEX,0.0,,6525.0
2025-07-08 10:15:52,2600.0,2618.75,Call CEX 2,CEX,0.0,,6525.0
2025-07-08 10:15:52,2600.0,2618.75,Put CEX 2,CEX,0.0,,6525.0
2025-07-08 10:15:52,2600.0,2618.75,Call VEX 2,VEX,0.0,,6525.0
2025-07-08 10:15:52,2600.0,2618.75,Put VEX 2,VEX,0.0,,6525.0
2025-07-08 10:15:52,2800.0,2820.25,Call CEX 3,CEX,0.0,,6525.0
2025-07-08 10:15:52,2800.0,2820.25,Put CEX 3,CEX,0.0,,6525.0
2025-07-08 10:15:52,2800.0,2820.25,Call VEX 3,VEX,0.0,,6525.0
2025-07-08 10:15:52,2800.0,2820.25,Put VEX 3,VEX,0.0,,6525.0
2025-07-08 10:15:52,3000.0,3021.5,Call CEX 4,CEX,0.0,,6525.0
2025-07-08 10:15:52,3000.0,3021.5,Put CEX 4,CEX,0.0,,6525.0
2025-07-08 10:15:52,3000.0,3021.5,Call VEX 4,VEX,0.0,,6525.0
2025-07-08 10:15:52,3000.0,3021.5,Put VEX 4,VEX,0.0,,6525.0
2025-07-08 10:15:52,3200.0,3223.0,Call CEX 5,CEX,0.0,,6525.0
2025-07-08 10:15:52,3200.0,3223.0,Put CEX 5,CEX,0.0,,6525.0
2025-07-08 10:15:52,3200.0,3223.0,Call VEX 5,VEX,0.0,,6525.0
2025-07-08 10:15:52,3200.0,3223.0,Put VEX 5,VEX,0.0,,6525.0
2025-07-08 10:15:52,6025.0,6068.5,Put DEX 5,DEX,-2.231,,6525.0
2025-07-08 10:15:52,6035.0,6078.5,Put DEX 2,DEX,-6.37,,6525.0
2025-07-08 10:15:52,6035.0,6078.5,Put GEX 4,GEX,-12511.554,,6525.0
2025-07-08 10:15:52,6050.0,6093.5,Put DEX 1,DEX,-6.901,,6525.0
2025-07-08 10:15:52,6050.0,6093.5,Put GEX 2,GEX,-14821.97,,6525.0
2025-07-08 10:15:52,6075.0,6118.75,Put DEX 4,DEX,-3.042,,6525.0
2025-07-08 10:15:52,6100.0,6144.0,Put DEX 3,DEX,-5.845,,6525.0
2025-07-08 10:15:52,6100.0,6144.0,Put GEX 1,GEX,-21504.893,,6525.0
2025-07-08 10:15:52,6125.0,6169.25,Call DEX 2,DEX,5.038,,6525.0
2025-07-08 10:15:52,6150.0,6194.25,Put GEX 5,GEX,-9077.823,,6525.0
2025-07-08 10:15:52,6200.0,6244.75,Put GEX 3,GEX,-14212.229,,6525.0
2025-07-08 10:15:52,6225.0,6269.75,Call GEX 5,GEX,14796.528,,6525.0
2025-07-08 10:15:52,6250.0,6295.0,Call GEX 4,GEX,15851.373,,6525.0
2025-07-08 10:15:52,6275.0,6320.25,Call DEX 1,DEX,21.188,,6525.0
2025-07-08 10:15:52,6275.0,6320.25,Call GEX 1,GEX,147028.158,,6525.0
2025-07-08 10:15:52,6285.0,6330.25,Call DEX 4,DEX,3.13,,6525.0
2025-07-08 10:15:52,6285.0,6330.25,Call GEX 2,GEX,19878.602,,6525.0
2025-07-08 10:15:52,6300.0,6345.5,Call GEX 3,GEX,17270.706,,6525.0
2025-07-08 10:15:52,6350.0,6395.75,Call DEX 3,DEX,3.248,,6525.0
2025-07-08 10:15:52,6400.0,6446.0,Call DEX 5,DEX,2.985,,6525.0
2025-07-08 10:17:20,2400.0,2417.5,Call CEX 1,CEX,0.0,,6525.0
2025-07-08 10:17:20,2400.0,2417.5,Put CEX 1,CEX,0.0,,6525.0
2025-07-08 10:17:20,2400.0,2417.5,Call VEX 1,VEX,0.0,,6525.0
2025-07-08 10:17:20,2400.0,2417.5,Put VEX 1,VEX,0.0,,6525.0
2025-07-08 10:17:20,2600.0,2618.75,Call CEX 2,CEX,0.0,,6525.0
2025-07-08 10:17:20,2600.0,2618.75,Put CEX 2,CEX,0.0,,6525.0
2025-07-08 10:17:20,2600.0,2618.75,Call VEX 2,VEX,0.0,,6525.0
2025-07-08 10:17:20,2600.0,2618.75,Put VEX 2,VEX,0.0,,6525.0
2025-07-08 10:17:20,2800.0,2820.25,Call CEX 3,CEX,0.0,,6525.0
2025-07-08 10:17:20,2800.0,2820.25,Put CEX 3,CEX,0.0,,6525.0
2025-07-08 10:17:20,2800.0,2820.25,Call VEX 3,VEX,0.0,,6525.0
2025-07-08 10:17:20,2800.0,2820.25,Put VEX 3,VEX,0.0,,6525.0
2025-07-08 10:17:20,3000.0,3021.75,Call CEX 4,CEX,0.0,,6525.0
2025-07-08 10:17:20,3000.0,3021.75,Put CEX 4,CEX,0.0,,6525.0
2025-07-08 10:17:20,3000.0,3021.75,Call VEX 4,VEX,0.0,,6525.0
2025-07-08 10:17:20,3000.0,3021.75,Put VEX 4,VEX,0.0,,6525.0
2025-07-08 10:17:20,3200.0,3223.25,Call CEX 5,CEX,0.0,,6525.0
2025-07-08 10:17:20,3200.0,3223.25,Put CEX 5,CEX,0.0,,6525.0
2025-07-08 10:17:20,3200.0,3223.25,Call VEX 5,VEX,0.0,,6525.0
2025-07-08 10:17:20,3200.0,3223.25,Put VEX 5,VEX,0.0,,6525.0
2025-07-08 10:17:20,6025.0,6068.75,Put DEX 5,DEX,-2.231,,6525.0
2025-07-08 10:17:20,6035.0,6078.75,Put DEX 2,DEX,-6.37,,6525.0
2025-07-08 10:17:20,6035.0,6078.75,Put GEX 3,GEX,-12470.272,,6525.0
2025-07-08 10:17:20,6050.0,6094.0,Put DEX 1,DEX,-6.899,,6525.0
2025-07-08 10:17:20,6050.0,6094.0,Put GEX 2,GEX,-14766.163,,6525.0
2025-07-08 10:17:20,6075.0,6119.0,Put DEX 4,DEX,-3.037,,6525.0
2025-07-08 10:17:20,6100.0,6144.25,Put DEX 3,DEX,-5.814,,6525.0
2025-07-08 10:17:20,6100.0,6144.25,Put GEX 1,GEX,-21259.074,,6525.0
2025-07-08 10:17:20,6125.0,6169.5,Call DEX 2,DEX,5.125,,6525.0
2025-07-08 10:17:20,6150.0,6194.75,Put GEX 5,GEX,-8872.12,,6525.0
2025-07-08 10:17:20,6200.0,6245.0,Put GEX 4,GEX,-11898.508,,6525.0
2025-07-08 10:17:20,6225.0,6270.25,Call GEX 5,GEX,15936.247,,6525.0
2025-07-08 10:17:20,6250.0,6295.25,Call GEX 4,GEX,16883.135,,6525.0
2025-07-08 10:17:20,6275.0,6320.5,Call DEX 1,DEX,21.192,,6525.0
2025-07-08 10:17:20,6275.0,6320.5,Call GEX 1,GEX,149311.246,,6525.0
2025-07-08 10:17:20,6285.0,6330.5,Call DEX 4,DEX,3.131,,6525.0
2025-07-08 10:17:20,6285.0,6330.5,Call GEX 2,GEX,20161.659,,6525.0
2025-07-08 10:17:20,6300.0,6345.75,Call GEX 3,GEX,17860.543,,6525.0
2025-07-08 10:17:20,6350.0,6396.0,Call DEX 3,DEX,3.155,,6525.0
2025-07-08 10:17:20,6400.0,6446.5,Call DEX 5,DEX,2.977,,6525.0
2025-07-08 10:19:00,2400.0,2417.25,Call CEX 1,CEX,0.0,,6800.0
2025-07-08 10:19:00,2400.0,2417.25,Put CEX 1,CEX,0.0,,6800.0
2025-07-08 10:19:00,2400.0,2417.25,Call VEX 1,VEX,0.0,,6800.0
2025-07-08 10:19:00,2400.0,2417.25,Put VEX 1,VEX,0.0,,6800.0
2025-07-08 10:19:00,2600.0,2618.75,Call CEX 2,CEX,0.0,,6800.0
2025-07-08 10:19:00,2600.0,2618.75,Put CEX 2,CEX,0.0,,6800.0
2025-07-08 10:19:00,2600.0,2618.75,Call VEX 2,VEX,0.0,,6800.0
2025-07-08 10:19:00,2600.0,2618.75,Put VEX 2,VEX,0.0,,6800.0
2025-07-08 10:19:00,2800.0,2820.25,Call CEX 3,CEX,0.0,,6800.0
2025-07-08 10:19:00,2800.0,2820.25,Put CEX 3,CEX,0.0,,6800.0
2025-07-08 10:19:00,2800.0,2820.25,Call VEX 3,VEX,0.0,,6800.0
2025-07-08 10:19:00,2800.0,2820.25,Put VEX 3,VEX,0.0,,6800.0
2025-07-08 10:19:00,3000.0,3021.75,Call CEX 4,CEX,0.0,,6800.0
2025-07-08 10:19:00,3000.0,3021.75,Put CEX 4,CEX,0.0,,6800.0
2025-07-08 10:19:00,3000.0,3021.75,Call VEX 4,VEX,0.0,,6800.0
2025-07-08 10:19:00,3000.0,3021.75,Put VEX 4,VEX,0.0,,6800.0
2025-07-08 10:19:00,3200.0,3223.0,Call CEX 5,CEX,0.0,,6800.0
2025-07-08 10:19:00,3200.0,3223.0,Put CEX 5,CEX,0.0,,6800.0
2025-07-08 10:19:00,3200.0,3223.0,Call VEX 5,VEX,0.0,,6800.0
2025-07-08 10:19:00,3200.0,3223.0,Put VEX 5,VEX,0.0,,6800.0
2025-07-08 10:19:00,6000.0,6043.25,Put DEX 4,DEX,-4.644,,6800.0
2025-07-08 10:19:00,6035.0,6078.5,Put DEX 3,DEX,-6.428,,6800.0
2025-07-08 10:19:00,6035.0,6078.5,Put GEX 4,GEX,-12548.678,,6800.0
2025-07-08 10:19:00,6050.0,6093.75,Put DEX 2,DEX,-7.084,,6800.0
2025-07-08 10:19:00,6050.0,6093.75,Put GEX 2,GEX,-14985.752,,6800.0
2025-07-08 10:19:00,6075.0,6118.75,Put DEX 5,DEX,-3.583,,6800.0
2025-07-08 10:19:00,6100.0,6144.0,Put DEX 1,DEX,-8.919,,6800.0
2025-07-08 10:19:00,6100.0,6144.0,Put GEX 1,GEX,-25990.204,,6800.0
2025-07-08 10:19:00,6150.0,6194.25,Put GEX 3,GEX,-12789.547,,6800.0
2025-07-08 10:19:00,6160.0,6204.5,Put GEX 5,GEX,-8857.593,,6800.0
2025-07-08 10:19:00,6175.0,6219.5,Call DEX 5,DEX,2.864,,6800.0
2025-07-08 10:19:00,6225.0,6270.0,Call GEX 3,GEX,19787.882,,6800.0
2025-07-08 10:19:00,6250.0,6295.0,Call GEX 4,GEX,19234.43,,6800.0
2025-07-08 10:19:00,6275.0,6320.25,Call DEX 1,DEX,21.06,,6800.0
2025-07-08 10:19:00,6275.0,6320.25,Call GEX 1,GEX,150529.698,,6800.0
2025-07-08 10:19:00,6285.0,6330.25,Call DEX 3,DEX,3.12,,6800.0
2025-07-08 10:19:00,6285.0,6330.25,Call GEX 2,GEX,20259.019,,6800.0
2025-07-08 10:19:00,6300.0,6345.5,Call GEX 5,GEX,19139.981,,6800.0
2025-07-08 10:19:00,6350.0,6395.75,Call DEX 2,DEX,3.157,,6800.0
2025-07-08 10:19:00,6400.0,6446.25,Call DEX 4,DEX,2.977,,6800.0
2025-07-08 10:20:39,2400.0,2417.5,Call CEX 1,CEX,0.0,,6525.0
2025-07-08 10:20:39,2400.0,2417.5,Put CEX 1,CEX,0.0,,6525.0
2025-07-08 10:20:39,2400.0,2417.5,Call VEX 1,VEX,0.0,,6525.0
2025-07-08 10:20:39,2400.0,2417.5,Put VEX 1,VEX,0.0,,6525.0
2025-07-08 10:20:39,2600.0,2619.0,Call CEX 2,CEX,0.0,,6525.0
2025-07-08 10:20:39,2600.0,2619.0,Put CEX 2,CEX,0.0,,6525.0
2025-07-08 10:20:39,2600.0,2619.0,Call VEX 2,VEX,0.0,,6525.0
2025-07-08 10:20:39,2600.0,2619.0,Put VEX 2,VEX,0.0,,6525.0
2025-07-08 10:20:39,2800.0,2820.5,Call CEX 3,CEX,0.0,,6525.0
2025-07-08 10:20:39,2800.0,2820.5,Put CEX 3,CEX,0.0,,6525.0
2025-07-08 10:20:39,2800.0,2820.5,Call VEX 3,VEX,0.0,,6525.0
2025-07-08 10:20:39,2800.0,2820.5,Put VEX 3,VEX,0.0,,6525.0
2025-07-08 10:20:39,3000.0,3022.0,Call CEX 4,CEX,0.0,,6525.0
2025-07-08 10:20:39,3000.0,3022.0,Put CEX 4,CEX,0.0,,6525.0
2025-07-08 10:20:39,3000.0,3022.0,Call VEX 4,VEX,0.0,,6525.0
2025-07-08 10:20:39,3000.0,3022.0,Put VEX 4,VEX,0.0,,6525.0
2025-07-08 10:20:39,3200.0,3223.5,Call CEX 5,CEX,0.0,,6525.0
2025-07-08 10:20:39,3200.0,3223.5,Put CEX 5,CEX,0.0,,6525.0
2025-07-08 10:20:39,3200.0,3223.5,Call VEX 5,VEX,0.0,,6525.0
2025-07-08 10:20:39,3200.0,3223.5,Put VEX 5,VEX,0.0,,6525.0
2025-07-08 10:20:39,6025.0,6069.0,Put DEX 5,DEX,-2.231,,6525.0
2025-07-08 10:20:39,6035.0,6079.25,Put DEX 2,DEX,-6.368,,6525.0
2025-07-08 10:20:39,6035.0,6079.25,Put GEX 4,GEX,-12906.429,,6525.0
2025-07-08 10:20:39,6050.0,6094.25,Put DEX 1,DEX,-6.899,,6525.0
2025-07-08 10:20:39,6050.0,6094.25,Put GEX 3,GEX,-15332.979,,6525.0
2025-07-08 10:20:39,6075.0,6119.5,Put DEX 4,DEX,-3.047,,6525.0
2025-07-08 10:20:39,6100.0,6144.75,Put DEX 3,DEX,-5.883,,6525.0
2025-07-08 10:20:39,6100.0,6144.75,Put GEX 1,GEX,-22656.889,,6525.0
2025-07-08 10:20:39,6125.0,6169.75,Call DEX 3,DEX,4.935,,6525.0
2025-07-08 10:20:39,6150.0,6195.0,Put GEX 5,GEX,-9924.157,,6525.0
2025-07-08 10:20:39,6200.0,6245.5,Put GEX 2,GEX,-18659.79,,6525.0
2025-07-08 10:20:39,6225.0,6270.5,Call GEX 5,GEX,12742.224,,6525.0
2025-07-08 10:20:39,6250.0,6295.75,Call GEX 4,GEX,13474.047,,6525.0
2025-07-08 10:20:39,6275.0,6321.0,Call DEX 1,DEX,20.83,,6525.0
2025-07-08 10:20:39,6275.0,6321.0,Call GEX 1,GEX,133544.227,,6525.0
2025-07-08 10:20:39,6285.0,6331.0,Call DEX 4,DEX,3.266,,6525.0
2025-07-08 10:20:39,6285.0,6331.0,Call GEX 3,GEX,18743.674,,6525.0
2025-07-08 10:20:39,6300.0,6346.25,Call DEX 2,DEX,5.811,,6525.0
2025-07-08 10:20:39,6300.0,6346.25,Call GEX 2,GEX,28313.108,,6525.0
2025-07-08 10:20:39,6350.0,6396.5,Call DEX 5,DEX,3.246,,6525.0
2025-07-08 10:22:19,2400.0,2417.5,Call CEX 1,CEX,0.0,,6800.0
2025-07-08 10:22:19,2400.0,2417.5,Put CEX 1,CEX,0.0,,6800.0
2025-07-08 10:22:19,2400.0,2417.5,Call VEX 1,VEX,0.0,,6800.0
2025-07-08 10:22:19,2400.0,2417.5,Put VEX 1,VEX,0.0,,6800.0
2025-07-08 10:22:19,2600.0,2619.0,Call CEX 2,CEX,0.0,,6800.0
2025-07-08 10:22:19,2600.0,2619.0,Put CEX 2,CEX,0.0,,6800.0
2025-07-08 10:22:19,2600.0,2619.0,Call VEX 2,VEX,0.0,,6800.0
2025-07-08 10:22:19,2600.0,2619.0,Put VEX 2,VEX,0.0,,6800.0
2025-07-08 10:22:19,2800.0,2820.5,Call CEX 3,CEX,0.0,,6800.0
2025-07-08 10:22:19,2800.0,2820.5,Put CEX 3,CEX,0.0,,6800.0
2025-07-08 10:22:19,2800.0,2820.5,Call VEX 3,VEX,0.0,,6800.0
2025-07-08 10:22:19,2800.0,2820.5,Put VEX 3,VEX,0.0,,6800.0
2025-07-08 10:22:19,3000.0,3022.0,Call CEX 4,CEX,0.0,,6800.0
2025-07-08 10:22:19,3000.0,3022.0,Put CEX 4,CEX,0.0,,6800.0
2025-07-08 10:22:19,3000.0,3022.0,Call VEX 4,VEX,0.0,,6800.0
2025-07-08 10:22:19,3000.0,3022.0,Put VEX 4,VEX,0.0,,6800.0
2025-07-08 10:22:19,3200.0,3223.25,Call CEX 5,CEX,0.0,,6800.0
2025-07-08 10:22:19,3200.0,3223.25,Put CEX 5,CEX,0.0,,6800.0
2025-07-08 10:22:19,3200.0,3223.25,Call VEX 5,VEX,0.0,,6800.0
2025-07-08 10:22:19,3200.0,3223.25,Put VEX 5,VEX,0.0,,6800.0
2025-07-08 10:22:19,6025.0,6069.0,Put DEX 5,DEX,-2.23,,6800.0
2025-07-08 10:22:19,6035.0,6079.0,Put DEX 2,DEX,-6.369,,6800.0
2025-07-08 10:22:19,6035.0,6079.0,Put GEX 3,GEX,-12641.625,,6800.0
2025-07-08 10:22:19,6050.0,6094.0,Put DEX 1,DEX,-6.898,,6800.0
2025-07-08 10:22:19,6050.0,6094.0,Put GEX 2,GEX,-14986.64,,6800.0
2025-07-08 10:22:19,6075.0,6119.25,Put DEX 4,DEX,-3.039,,6800.0
2025-07-08 10:22:19,6100.0,6144.5,Put DEX 3,DEX,-5.823,,6800.0
2025-07-08 10:22:19,6100.0,6144.5,Put GEX 1,GEX,-21711.876,,6800.0
2025-07-08 10:22:19,6125.0,6169.75,Call DEX 2,DEX,5.108,,6800.0
2025-07-08 10:22:19,6150.0,6194.75,Put GEX 5,GEX,-9089.95,,6800.0
2025-07-08 10:22:19,6200.0,6245.25,Put GEX 4,GEX,-11571.702,,6800.0
2025-07-08 10:22:19,6225.0,6270.5,Call GEX 5,GEX,16239.156,,6800.0
2025-07-08 10:22:19,6250.0,6295.5,Call GEX 4,GEX,16475.18,,6800.0
2025-07-08 10:22:19,6275.0,6320.75,Call DEX 1,DEX,20.981,,6800.0
2025-07-08 10:22:19,6275.0,6320.75,Call GEX 1,GEX,143523.273,,6800.0
2025-07-08 10:22:19,6285.0,6330.75,Call DEX 4,DEX,3.11,,6800.0
2025-07-08 10:22:19,6285.0,6330.75,Call GEX 2,GEX,19407.065,,6800.0
2025-07-08 10:22:19,6300.0,6346.0,Call GEX 3,GEX,17344.349,,6800.0
2025-07-08 10:22:19,6350.0,6396.25,Call DEX 3,DEX,3.154,,6800.0
2025-07-08 10:22:19,6400.0,6446.75,Call DEX 5,DEX,2.977,,6800.0
2025-07-08 10:23:58,2400.0,2417.75,Call CEX 1,CEX,0.0,,6525.0
2025-07-08 10:23:58,2400.0,2417.75,Put CEX 1,CEX,0.0,,6525.0
2025-07-08 10:23:58,2400.0,2417.75,Call VEX 1,VEX,0.0,,6525.0
2025-07-08 10:23:58,2400.0,2417.75,Put VEX 1,VEX,0.0,,6525.0
2025-07-08 10:23:58,2600.0,2619.25,Call CEX 2,CEX,0.0,,6525.0
2025-07-08 10:23:58,2600.0,2619.25,Put CEX 2,CEX,0.0,,6525.0
2025-07-08 10:23:58,2600.0,2619.25,Call VEX 2,VEX,0.0,,6525.0
2025-07-08 10:23:58,2600.0,2619.25,Put VEX 2,VEX,0.0,,6525.0
2025-07-08 10:23:58,2800.0,2820.75,Call CEX 3,CEX,0.0,,6525.0
2025-07-08 10:23:58,2800.0,2820.75,Put CEX 3,CEX,0.0,,6525.0
2025-07-08 10:23:58,2800.0,2820.75,Call VEX 3,VEX,0.0,,6525.0
2025-07-08 10:23:58,2800.0,2820.75,Put VEX 3,VEX,0.0,,6525.0
2025-07-08 10:23:58,3000.0,3022.25,Call CEX 4,CEX,0.0,,6525.0
2025-07-08 10:23:58,3000.0,3022.25,Put CEX 4,CEX,0.0,,6525.0
2025-07-08 10:23:58,3000.0,3022.25,Call VEX 4,VEX,0.0,,6525.0
2025-07-08 10:23:58,3000.0,3022.25,Put VEX 4,VEX,0.0,,6525.0
2025-07-08 10:23:58,3200.0,3223.75,Call CEX 5,CEX,0.0,,6525.0
2025-07-08 10:23:58,3200.0,3223.75,Put CEX 5,CEX,0.0,,6525.0
2025-07-08 10:23:58,3200.0,3223.75,Call VEX 5,VEX,0.0,,6525.0
2025-07-08 10:23:58,3200.0,3223.75,Put VEX 5,VEX,0.0,,6525.0
2025-07-08 10:23:58,6000.0,6044.5,Put DEX 4,DEX,-4.643,,6525.0
2025-07-08 10:23:58,6035.0,6079.75,Put DEX 3,DEX,-6.427,,6525.0
2025-07-08 10:23:58,6035.0,6079.75,Put GEX 3,GEX,-12735.622,,6525.0
2025-07-08 10:23:58,6050.0,6094.75,Put DEX 2,DEX,-7.081,,6525.0
2025-07-08 10:23:58,6050.0,6094.75,Put GEX 2,GEX,-15233.023,,6525.0
2025-07-08 10:23:58,6075.0,6120.0,Put DEX 5,DEX,-3.582,,6525.0
2025-07-08 10:23:58,6075.0,6120.0,Put GEX 4,GEX,-8964.869,,6525.0
2025-07-08 10:23:58,6100.0,6145.25,Put DEX 1,DEX,-8.916,,6525.0
2025-07-08 10:23:58,6100.0,6145.25,Put GEX 1,GEX,-26589.76,,6525.0
2025-07-08 10:23:58,6150.0,6195.5,Put GEX 5,GEX,-8942.37,,6525.0
2025-07-08 10:23:58,6175.0,6220.75,Call DEX 5,DEX,2.741,,6525.0
2025-07-08 10:23:58,6225.0,6271.0,Call GEX 4,GEX,17621.151,,6525.0
2025-07-08 10:23:58,6250.0,6296.25,Call GEX 5,GEX,17320.808,,6525.0
2025-07-08 10:23:58,6275.0,6321.5,Call DEX 1,DEX,20.882,,6525.0
2025-07-08 10:23:58,6275.0,6321.5,Call GEX 1,GEX,143318.758,,6525.0
2025-07-08 10:23:58,6285.0,6331.5,Call DEX 3,DEX,3.104,,6525.0
2025-07-08 10:23:58,6285.0,6331.5,Call GEX 2,GEX,19325.294,,6525.0
2025-07-08 10:23:58,6300.0,6346.75,Call GEX 3,GEX,17797.51,,6525.0
2025-07-08 10:23:58,6350.0,6397.0,Call DEX 2,DEX,3.155,,6525.0
2025-07-08 10:23:58,6400.0,6447.5,Call DEX 4,DEX,2.976,,6525.0
2025-07-08 10:25:38,2400.0,2417.5,Call CEX 1,CEX,0.0,,6525.0
2025-07-08 10:25:38,2400.0,2417.5,Put CEX 1,CEX,0.0,,6525.0
2025-07-08 10:25:38,2400.0,2417.5,Call VEX 1,VEX,0.0,,6525.0
2025-07-08 10:25:38,2400.0,2417.5,Put VEX 1,VEX,0.0,,6525.0
2025-07-08 10:25:38,2600.0,2619.0,Call CEX 2,CEX,0.0,,6525.0
2025-07-08 10:25:38,2600.0,2619.0,Put CEX 2,CEX,0.0,,6525.0
2025-07-08 10:25:38,2600.0,2619.0,Call VEX 2,VEX,0.0,,6525.0
2025-07-08 10:25:38,2600.0,2619.0,Put VEX 2,VEX,0.0,,6525.0
2025-07-08 10:25:38,2800.0,2820.5,Call CEX 3,CEX,0.0,,6525.0
2025-07-08 10:25:38,2800.0,2820.5,Put CEX 3,CEX,0.0,,6525.0
2025-07-08 10:25:38,2800.0,2820.5,Call VEX 3,VEX,0.0,,6525.0
2025-07-08 10:25:38,2800.0,2820.5,Put VEX 3,VEX,0.0,,6525.0
2025-07-08 10:25:38,3000.0,3022.0,Call CEX 4,CEX,0.0,,6525.0
2025-07-08 10:25:38,3000.0,3022.0,Put CEX 4,CEX,0.0,,6525.0
2025-07-08 10:25:38,3000.0,3022.0,Call VEX 4,VEX,0.0,,6525.0
2025-07-08 10:25:38,3000.0,3022.0,Put VEX 4,VEX,0.0,,6525.0
2025-07-08 10:25:38,3200.0,3223.25,Call CEX 5,CEX,0.0,,6525.0
2025-07-08 10:25:38,3200.0,3223.25,Put CEX 5,CEX,0.0,,6525.0
2025-07-08 10:25:38,3200.0,3223.25,Call VEX 5,VEX,0.0,,6525.0
2025-07-08 10:25:38,3200.0,3223.25,Put VEX 5,VEX,0.0,,6525.0
2025-07-08 10:25:38,6025.0,6069.0,Put DEX 5,DEX,-2.23,,6525.0
2025-07-08 10:25:38,6035.0,6079.0,Put DEX 2,DEX,-6.368,,6525.0
2025-07-08 10:25:38,6035.0,6079.0,Put GEX 4,GEX,-12538.73,,6525.0
2025-07-08 10:25:38,6050.0,6094.25,Put DEX 1,DEX,-6.899,,6525.0
2025-07-08 10:25:38,6050.0,6094.25,Put GEX 2,GEX,-14856.579,,6525.0
2025-07-08 10:25:38,6075.0,6119.25,Put DEX 4,DEX,-3.042,,6525.0
2025-07-08 10:25:38,6100.0,6144.5,Put DEX 3,DEX,-5.847,,6525.0
2025-07-08 10:25:38,6100.0,6144.5,Put GEX 1,GEX,-21572.241,,6525.0
2025-07-08 10:25:38,6125.0,6169.75,Call DEX 2,DEX,5.039,,6525.0
2025-07-08 10:25:38,6150.0,6195.0,Put GEX 5,GEX,-9140.75,,6525.0
2025-07-08 10:25:38,6200.0,6245.25,Put GEX 3,GEX,-14543.497,,6525.0
2025-07-08 10:25:38,6225.0,6270.5,Call GEX 5,GEX,14721.812,,6525.0
2025-07-08 10:25:38,6250.0,6295.5,Call GEX 4,GEX,15663.396,,6525.0
2025-07-08 10:25:38,6275.0,6320.75,Call DEX 1,DEX,21.153,,6525.0
2025-07-08 10:25:38,6275.0,6320.75,Call GEX 1,GEX,146253.436,,6525.0
2025-07-08 10:25:38,6285.0,6330.75,Call DEX 4,DEX,3.126,,6525.0
2025-07-08 10:25:38,6285.0,6330.75,Call GEX 2,GEX,19785.279,,6525.0
2025-07-08 10:25:38,6300.0,6346.0,Call GEX 3,GEX,17173.762,,6525.0
2025-07-08 10:25:38,6350.0,6396.25,Call DEX 3,DEX,3.248,,6525.0
2025-07-08 10:25:38,6400.0,6446.75,Call DEX 5,DEX,2.985,,6525.0
2025-07-08 10:27:17,2400.0,2417.5,Call CEX 1,CEX,0.0,,6800.0
2025-07-08 10:27:17,2400.0,2417.5,Put CEX 1,CEX,0.0,,6800.0
2025-07-08 10:27:17,2400.0,2417.5,Call VEX 1,VEX,0.0,,6800.0
2025-07-08 10:27:17,2400.0,2417.5,Put VEX 1,VEX,0.0,,6800.0
2025-07-08 10:27:17,2600.0,2619.0,Call CEX 2,CEX,0.0,,6800.0
2025-07-08 10:27:17,2600.0,2619.0,Put CEX 2,CEX,0.0,,6800.0
2025-07-08 10:27:17,2600.0,2619.0,Call VEX 2,VEX,0.0,,6800.0
2025-07-08 10:27:17,2600.0,2619.0,Put VEX 2,VEX,0.0,,6800.0
2025-07-08 10:27:17,2800.0,2820.5,Call CEX 3,CEX,0.0,,6800.0
2025-07-08 10:27:17,2800.0,2820.5,Put CEX 3,CEX,0.0,,6800.0
2025-07-08 10:27:17,2800.0,2820.5,Call VEX 3,VEX,0.0,,6800.0
2025-07-08 10:27:17,2800.0,2820.5,Put VEX 3,VEX,0.0,,6800.0
2025-07-08 10:27:17,3000.0,3022.0,Call CEX 4,CEX,0.0,,6800.0
2025-07-08 10:27:17,3000.0,3022.0,Put CEX 4,CEX,0.0,,6800.0
2025-07-08 10:27:17,3000.0,3022.0,Call VEX 4,VEX,0.0,,6800.0
2025-07-08 10:27:17,3000.0,3022.0,Put VEX 4,VEX,0.0,,6800.0
2025-07-08 10:27:17,3200.0,3223.5,Call CEX 5,CEX,0.0,,6800.0
2025-07-08 10:27:17,3200.0,3223.5,Put CEX 5,CEX,0.0,,6800.0
2025-07-08 10:27:17,3200.0,3223.5,Call VEX 5,VEX,0.0,,6800.0
2025-07-08 10:27:17,3200.0,3223.5,Put VEX 5,VEX,0.0,,6800.0
2025-07-08 10:27:17,6025.0,6069.0,Put DEX 5,DEX,-2.231,,6800.0
2025-07-08 10:27:17,6035.0,6079.0,Put DEX 2,DEX,-6.369,,6800.0
2025-07-08 10:27:17,6035.0,6079.0,Put GEX 3,GEX,-12464.351,,6800.0
2025-07-08 10:27:17,6050.0,6094.25,Put DEX 1,DEX,-6.9,,6800.0
2025-07-08 10:27:17,6050.0,6094.25,Put GEX 2,GEX,-14754.467,,6800.0
2025-07-08 10:27:17,6075.0,6119.5,Put DEX 4,DEX,-3.039,,6800.0
2025-07-08 10:27:17,6100.0,6144.5,Put DEX 3,DEX,-5.823,,6800.0
2025-07-08 10:27:17,6100.0,6144.5,Put GEX 1,GEX,-21269.543,,6800.0
2025-07-08 10:27:17,6125.0,6169.75,Call DEX 2,DEX,5.104,,6800.0
2025-07-08 10:27:17,6150.0,6195.0,Put GEX 5,GEX,-8816.838,,6800.0
2025-07-08 10:27:17,6200.0,6245.25,Put GEX 4,GEX,-11868.1,,6800.0
2025-07-08 10:27:17,6225.0,6270.5,Call GEX 5,GEX,16106.727,,6800.0
2025-07-08 10:27:17,6250.0,6295.75,Call GEX 4,GEX,17077.25,,6800.0
2025-07-08 10:27:17,6275.0,6320.75,Call DEX 1,DEX,21.162,,6800.0
2025-07-08 10:27:17,6275.0,6320.75,Call GEX 1,GEX,150237.381,,6800.0
2025-07-08 10:27:17,6285.0,6331.0,Call DEX 4,DEX,3.128,,6800.0
2025-07-08 10:27:17,6285.0,6331.0,Call GEX 2,GEX,20262.015,,6800.0
2025-07-08 10:27:17,6300.0,6346.0,Call GEX 3,GEX,18023.744,,6800.0
2025-07-08 10:27:17,6350.0,6396.5,Call DEX 3,DEX,3.155,,6800.0
2025-07-08 10:27:17,6400.0,6446.75,Call DEX 5,DEX,2.977,,6800.0
2025-07-08 10:28:57,2400.0,2417.75,Call CEX 1,CEX,0.0,,6525.0
2025-07-08 10:28:57,2400.0,2417.75,Put CEX 1,CEX,0.0,,6525.0
2025-07-08 10:28:57,2400.0,2417.75,Call VEX 1,VEX,0.0,,6525.0
2025-07-08 10:28:57,2400.0,2417.75,Put VEX 1,VEX,0.0,,6525.0
2025-07-08 10:28:57,2600.0,2619.0,Call CEX 2,CEX,0.0,,6525.0
2025-07-08 10:28:57,2600.0,2619.0,Put CEX 2,CEX,0.0,,6525.0
2025-07-08 10:28:57,2600.0,2619.0,Call VEX 2,VEX,0.0,,6525.0
2025-07-08 10:28:57,2600.0,2619.0,Put VEX 2,VEX,0.0,,6525.0
2025-07-08 10:28:57,2800.0,2820.5,Call CEX 3,CEX,0.0,,6525.0
2025-07-08 10:28:57,2800.0,2820.5,Put CEX 3,CEX,0.0,,6525.0
2025-07-08 10:28:57,2800.0,2820.5,Call VEX 3,VEX,0.0,,6525.0
2025-07-08 10:28:57,2800.0,2820.5,Put VEX 3,VEX,0.0,,6525.0
2025-07-08 10:28:57,3000.0,3022.0,Call CEX 4,CEX,0.0,,6525.0
2025-07-08 10:28:57,3000.0,3022.0,Put CEX 4,CEX,0.0,,6525.0
2025-07-08 10:28:57,3000.0,3022.0,Call VEX 4,VEX,0.0,,6525.0
2025-07-08 10:28:57,3000.0,3022.0,Put VEX 4,VEX,0.0,,6525.0
2025-07-08 10:28:57,3200.0,3223.5,Call CEX 5,CEX,0.0,,6525.0
2025-07-08 10:28:57,3200.0,3223.5,Put CEX 5,CEX,0.0,,6525.0
2025-07-08 10:28:57,3200.0,3223.5,Call VEX 5,VEX,0.0,,6525.0
2025-07-08 10:28:57,3200.0,3223.5,Put VEX 5,VEX,0.0,,6525.0
2025-07-08 10:28:57,6025.0,6069.25,Put DEX 5,DEX,-2.231,,6525.0
2025-07-08 10:28:57,6035.0,6079.25,Put DEX 2,DEX,-6.369,,6525.0
2025-07-08 10:28:57,6035.0,6079.25,Put GEX 4,GEX,-12516.726,,6525.0
2025-07-08 10:28:57,6050.0,6094.5,Put DEX 1,DEX,-6.901,,6525.0
2025-07-08 10:28:57,6050.0,6094.5,Put GEX 3,GEX,-14830.577,,6525.0
2025-07-08 10:28:57,6075.0,6119.75,Put DEX 4,DEX,-3.047,,6525.0
2025-07-08 10:28:57,6100.0,6144.75,Put DEX 3,DEX,-5.871,,6525.0
2025-07-08 10:28:57,6100.0,6144.75,Put GEX 1,GEX,-21640.121,,6525.0
2025-07-08 10:28:57,6125.0,6170.0,Call DEX 3,DEX,4.97,,6525.0
2025-07-08 10:28:57,6150.0,6195.25,Put GEX 5,GEX,-9306.05,,6525.0
2025-07-08 10:28:57,6200.0,6245.5,Put GEX 2,GEX,-17568.406,,6525.0
2025-07-08 10:28:57,6225.0,6270.75,Call GEX 5,GEX,12899.347,,6525.0
2025-07-08 10:28:57,6250.0,6296.0,Call GEX 4,GEX,14450.794,,6525.0
2025-07-08 10:28:57,6275.0,6321.0,Call DEX 1,DEX,21.219,,6525.0
2025-07-08 10:28:57,6275.0,6321.0,Call GEX 1,GEX,146198.567,,6525.0
2025-07-08 10:28:57,6285.0,6331.25,Call DEX 4,DEX,3.303,,6525.0
2025-07-08 10:28:57,6285.0,6331.25,Call GEX 3,GEX,20426.233,,6525.0
2025-07-08 10:28:57,6300.0,6346.25,Call DEX 2,DEX,5.835,,6525.0
2025-07-08 10:28:57,6300.0,6346.25,Call GEX 2,GEX,30605.22,,6525.0
2025-07-08 10:28:57,6350.0,6396.75,Call DEX 5,DEX,3.248,,6525.0
2025-07-08 10:30:37,2400.0,2417.75,Call CEX 1,CEX,0.0,,6800.0
2025-07-08 10:30:37,2400.0,2417.75,Put CEX 1,CEX,0.0,,6800.0
2025-07-08 10:30:37,2400.0,2417.75,Call VEX 1,VEX,0.0,,6800.0
2025-07-08 10:30:37,2400.0,2417.75,Put VEX 1,VEX,0.0,,6800.0
2025-07-08 10:30:37,2600.0,2619.25,Call CEX 2,CEX,0.0,,6800.0
2025-07-08 10:30:37,2600.0,2619.25,Put CEX 2,CEX,0.0,,6800.0
2025-07-08 10:30:37,2600.0,2619.25,Call VEX 2,VEX,0.0,,6800.0
2025-07-08 10:30:37,2600.0,2619.25,Put VEX 2,VEX,0.0,,6800.0
2025-07-08 10:30:37,2800.0,2820.75,Call CEX 3,CEX,0.0,,6800.0
2025-07-08 10:30:37,2800.0,2820.75,Put CEX 3,CEX,0.0,,6800.0
2025-07-08 10:30:37,2800.0,2820.75,Call VEX 3,VEX,0.0,,6800.0
2025-07-08 10:30:37,2800.0,2820.75,Put VEX 3,VEX,0.0,,6800.0
2025-07-08 10:30:37,3000.0,3022.25,Call CEX 4,CEX,0.0,,6800.0
2025-07-08 10:30:37,3000.0,3022.25,Put CEX 4,CEX,0.0,,6800.0
2025-07-08 10:30:37,3000.0,3022.25,Call VEX 4,VEX,0.0,,6800.0
2025-07-08 10:30:37,3000.0,3022.25,Put VEX 4,VEX,0.0,,6800.0
2025-07-08 10:30:37,3200.0,3223.75,Call CEX 5,CEX,0.0,,6800.0
2025-07-08 10:30:37,3200.0,3223.75,Put CEX 5,CEX,0.0,,6800.0
2025-07-08 10:30:37,3200.0,3223.75,Call VEX 5,VEX,0.0,,6800.0
2025-07-08 10:30:37,3200.0,3223.75,Put VEX 5,VEX,0.0,,6800.0
2025-07-08 10:30:37,6025.0,6069.75,Put DEX 5,DEX,-2.231,,6800.0
2025-07-08 10:30:37,6035.0,6079.75,Put DEX 2,DEX,-6.37,,6800.0
2025-07-08 10:30:37,6035.0,6079.75,Put GEX 3,GEX,-12361.189,,6800.0
2025-07-08 10:30:37,6050.0,6095.0,Put DEX 1,DEX,-6.9,,6800.0
2025-07-08 10:30:37,6050.0,6095.0,Put GEX 2,GEX,-14626.567,,6800.0
2025-07-08 10:30:37,6075.0,6120.0,Put DEX 4,DEX,-3.038,,6800.0
2025-07-08 10:30:37,6100.0,6145.25,Put DEX 3,DEX,-5.814,,6800.0
2025-07-08 10:30:37,6100.0,6145.25,Put GEX 1,GEX,-21013.658,,6800.0
2025-07-08 10:30:37,6125.0,6170.5,Call DEX 2,DEX,5.121,,6800.0
2025-07-08 10:30:37,6150.0,6195.75,Put GEX 5,GEX,-8719.885,,6800.0
2025-07-08 10:30:37,6200.0,6246.0,Put GEX 4,GEX,-11516.151,,6800.0
2025-07-08 10:30:37,6225.0,6271.25,Call GEX 5,GEX,16370.302,,6800.0
2025-07-08 10:30:37,6250.0,6296.5,Call GEX 4,GEX,17482.308,,6800.0
2025-07-08 10:30:37,6275.0,6321.5,Call DEX 1,DEX,21.271,,6800.0
2025-07-08 10:30:37,6275.0,6321.5,Call GEX 1,GEX,154509.488,,6800.0
2025-07-08 10:30:37,6285.0,6331.75,Call DEX 4,DEX,3.14,,6800.0
2025-07-08 10:30:37,6285.0,6331.75,Call GEX 2,GEX,20773.531,,6800.0
2025-07-08 10:30:37,6300.0,6346.75,Call GEX 3,GEX,18409.363,,6800.0
2025-07-08 10:30:37,6350.0,6397.25,Call DEX 3,DEX,3.156,,6800.0
2025-07-08 10:30:37,6400.0,6447.5,Call DEX 5,DEX,2.978,,6800.0
2025-07-08 10:32:17,2400.0,2417.5,Call CEX 1,CEX,0.0,,6800.0
2025-07-08 10:32:17,2400.0,2417.5,Put CEX 1,CEX,0.0,,6800.0
2025-07-08 10:32:17,2400.0,2417.5,Call VEX 1,VEX,0.0,,6800.0
2025-07-08 10:32:17,2400.0,2417.5,Put VEX 1,VEX,0.0,,6800.0
2025-07-08 10:32:17,2600.0,2618.75,Call CEX 2,CEX,0.0,,6800.0
2025-07-08 10:32:17,2600.0,2618.75,Put CEX 2,CEX,0.0,,6800.0
2025-07-08 10:32:17,2600.0,2618.75,Call VEX 2,VEX,0.0,,6800.0
2025-07-08 10:32:17,2600.0,2618.75,Put VEX 2,VEX,0.0,,6800.0
2025-07-08 10:32:17,2800.0,2820.25,Call CEX 3,CEX,0.0,,6800.0
2025-07-08 10:32:17,2800.0,2820.25,Put CEX 3,CEX,0.0,,6800.0
2025-07-08 10:32:17,2800.0,2820.25,Call VEX 3,VEX,0.0,,6800.0
2025-07-08 10:32:17,2800.0,2820.25,Put VEX 3,VEX,0.0,,6800.0
2025-07-08 10:32:17,3000.0,3021.75,Call CEX 4,CEX,0.0,,6800.0
2025-07-08 10:32:17,3000.0,3021.75,Put CEX 4,CEX,0.0,,6800.0
2025-07-08 10:32:17,3000.0,3021.75,Call VEX 4,VEX,0.0,,6800.0
2025-07-08 10:32:17,3000.0,3021.75,Put VEX 4,VEX,0.0,,6800.0
2025-07-08 10:32:17,3200.0,3223.25,Call CEX 5,CEX,0.0,,6800.0
2025-07-08 10:32:17,3200.0,3223.25,Put CEX 5,CEX,0.0,,6800.0
2025-07-08 10:32:17,3200.0,3223.25,Call VEX 5,VEX,0.0,,6800.0
2025-07-08 10:32:17,3200.0,3223.25,Put VEX 5,VEX,0.0,,6800.0
2025-07-08 10:32:17,6025.0,6068.75,Put DEX 5,DEX,-2.231,,6800.0
2025-07-08 10:32:17,6035.0,6078.75,Put DEX 2,DEX,-6.37,,6800.0
2025-07-08 10:32:17,6035.0,6078.75,Put GEX 3,GEX,-12254.561,,6800.0
2025-07-08 10:32:17,6050.0,6093.75,Put DEX 1,DEX,-6.901,,6800.0
2025-07-08 10:32:17,6050.0,6093.75,Put GEX 2,GEX,-14489.764,,6800.0
2025-07-08 10:32:17,6075.0,6119.0,Put DEX 4,DEX,-3.037,,6800.0
2025-07-08 10:32:17,6100.0,6144.25,Put DEX 3,DEX,-5.812,,6800.0
2025-07-08 10:32:17,6100.0,6144.25,Put GEX 1,GEX,-20780.217,,6800.0
2025-07-08 10:32:17,6125.0,6169.25,Call DEX 2,DEX,5.113,,6800.0
2025-07-08 10:32:17,6150.0,6194.5,Put GEX 5,GEX,-8601.081,,6800.0
2025-07-08 10:32:17,6200.0,6245.0,Put GEX 4,GEX,-11839.031,,6800.0
2025-07-08 10:32:17,6225.0,6270.0,Call GEX 5,GEX,16369.856,,6800.0
2025-07-08 10:32:17,6250.0,6295.25,Call GEX 4,GEX,17732.182,,6800.0
2025-07-08 10:32:17,6275.0,6320.5,Call DEX 1,DEX,21.434,,6800.0
2025-07-08 10:32:17,6275.0,6320.5,Call GEX 1,GEX,158574.801,,6800.0
2025-07-08 10:32:17,6285.0,6330.5,Call DEX 4,DEX,3.152,,6800.0
2025-07-08 10:32:17,6285.0,6330.5,Call GEX 2,GEX,21350.36,,6800.0
2025-07-08 10:32:17,6300.0,6345.5,Call GEX 3,GEX,18854.468,,6800.0
2025-07-08 10:32:17,6350.0,6396.0,Call DEX 3,DEX,3.156,,6800.0
2025-07-08 10:32:17,6400.0,6446.25,Call DEX 5,DEX,2.978,,6800.0
2025-07-08 10:33:57,2400.0,2417.5,Call CEX 1,CEX,0.0,,6525.0
2025-07-08 10:33:57,2400.0,2417.5,Put CEX 1,CEX,0.0,,6525.0
2025-07-08 10:33:57,2400.0,2417.5,Call VEX 1,VEX,0.0,,6525.0
2025-07-08 10:33:57,2400.0,2417.5,Put VEX 1,VEX,0.0,,6525.0
2025-07-08 10:33:57,2600.0,2619.0,Call CEX 2,CEX,0.0,,6525.0
2025-07-08 10:33:57,2600.0,2619.0,Put CEX 2,CEX,0.0,,6525.0
2025-07-08 10:33:57,2600.0,2619.0,Call VEX 2,VEX,0.0,,6525.0
2025-07-08 10:33:57,2600.0,2619.0,Put VEX 2,VEX,0.0,,6525.0
2025-07-08 10:33:57,2800.0,2820.5,Call CEX 3,CEX,0.0,,6525.0
2025-07-08 10:33:57,2800.0,2820.5,Put CEX 3,CEX,0.0,,6525.0
2025-07-08 10:33:57,2800.0,2820.5,Call VEX 3,VEX,0.0,,6525.0
2025-07-08 10:33:57,2800.0,2820.5,Put VEX 3,VEX,0.0,,6525.0
2025-07-08 10:33:57,3000.0,3021.75,Call CEX 4,CEX,0.0,,6525.0
2025-07-08 10:33:57,3000.0,3021.75,Put CEX 4,CEX,0.0,,6525.0
2025-07-08 10:33:57,3000.0,3021.75,Call VEX 4,VEX,0.0,,6525.0
2025-07-08 10:33:57,3000.0,3021.75,Put VEX 4,VEX,0.0,,6525.0
2025-07-08 10:33:57,3200.0,3223.25,Call CEX 5,CEX,0.0,,6525.0
2025-07-08 10:33:57,3200.0,3223.25,Put CEX 5,CEX,0.0,,6525.0
2025-07-08 10:33:57,3200.0,3223.25,Call VEX 5,VEX,0.0,,6525.0
2025-07-08 10:33:57,3200.0,3223.25,Put VEX 5,VEX,0.0,,6525.0
2025-07-08 10:33:57,6000.0,6043.75,Put DEX 4,DEX,-4.645,,6525.0
2025-07-08 10:33:57,6035.0,6079.0,Put DEX 3,DEX,-6.428,,6525.0
2025-07-08 10:33:57,6035.0,6079.0,Put GEX 3,GEX,-12363.092,,6525.0
2025-07-08 10:33:57,6050.0,6094.0,Put DEX 2,DEX,-7.082,,6525.0
2025-07-08 10:33:57,6050.0,6094.0,Put GEX 2,GEX,-14749.799,,6525.0
2025-07-08 10:33:57,6075.0,6119.25,Put DEX 5,DEX,-3.58,,6525.0
2025-07-08 10:33:57,6075.0,6119.25,Put GEX 5,GEX,-8643.424,,6525.0
2025-07-08 10:33:57,6100.0,6144.5,Put DEX 1,DEX,-8.907,,6525.0
2025-07-08 10:33:57,6100.0,6144.5,Put GEX 1,GEX,-25455.837,,6525.0
2025-07-08 10:33:57,6125.0,6169.5,Call DEX 2,DEX,5.18,,6525.0
2025-07-08 10:33:57,6200.0,6245.25,Put GEX 4,GEX,-9583.91,,6525.0
2025-07-08 10:33:57,6225.0,6270.25,Call GEX 5,GEX,17885.019,,6525.0
2025-07-08 10:33:57,6250.0,6295.5,Call GEX 4,GEX,18819.022,,6525.0
2025-07-08 10:33:57,6275.0,6320.75,Call DEX 1,DEX,21.259,,6525.0
2025-07-08 10:33:57,6275.0,6320.75,Call GEX 1,GEX,158199.179,,6525.0
2025-07-08 10:33:57,6285.0,6330.75,Call DEX 4,DEX,3.138,,6525.0
2025-07-08 10:33:57,6285.0,6330.75,Call GEX 2,GEX,21194.621,,6525.0
2025-07-08 10:33:57,6300.0,6346.0,Call GEX 3,GEX,19206.47,,6525.0
2025-07-08 10:33:57,6350.0,6396.25,Call DEX 3,DEX,3.156,,6525.0
2025-07-08 10:33:57,6400.0,6446.5,Call DEX 5,DEX,2.978,,6525.0
2025-07-08 10:35:37,2400.0,2417.5,Call CEX 1,CEX,0.0,,6800.0
2025-07-08 10:35:37,2400.0,2417.5,Put CEX 1,CEX,0.0,,6800.0
2025-07-08 10:35:37,2400.0,2417.5,Call VEX 1,VEX,0.0,,6800.0
2025-07-08 10:35:37,2400.0,2417.5,Put VEX 1,VEX,0.0,,6800.0
2025-07-08 10:35:37,2600.0,2618.75,Call CEX 2,CEX,0.0,,6800.0
2025-07-08 10:35:37,2600.0,2618.75,Put CEX 2,CEX,0.0,,6800.0
2025-07-08 10:35:37,2600.0,2618.75,Call VEX 2,VEX,0.0,,6800.0
2025-07-08 10:35:37,2600.0,2618.75,Put VEX 2,VEX,0.0,,6800.0
2025-07-08 10:35:37,2800.0,2820.25,Call CEX 3,CEX,0.0,,6800.0
2025-07-08 10:35:37,2800.0,2820.25,Put CEX 3,CEX,0.0,,6800.0
2025-07-08 10:35:37,2800.0,2820.25,Call VEX 3,VEX,0.0,,6800.0
2025-07-08 10:35:37,2800.0,2820.25,Put VEX 3,VEX,0.0,,6800.0
2025-07-08 10:35:37,3000.0,3021.75,Call CEX 4,CEX,0.0,,6800.0
2025-07-08 10:35:37,3000.0,3021.75,Put CEX 4,CEX,0.0,,6800.0
2025-07-08 10:35:37,3000.0,3021.75,Call VEX 4,VEX,0.0,,6800.0
2025-07-08 10:35:37,3000.0,3021.75,Put VEX 4,VEX,0.0,,6800.0
2025-07-08 10:35:37,3200.0,3223.25,Call CEX 5,CEX,0.0,,6800.0
2025-07-08 10:35:37,3200.0,3223.25,Put CEX 5,CEX,0.0,,6800.0
2025-07-08 10:35:37,3200.0,3223.25,Call VEX 5,VEX,0.0,,6800.0
2025-07-08 10:35:37,3200.0,3223.25,Put VEX 5,VEX,0.0,,6800.0
2025-07-08 10:35:37,6000.0,6043.5,Put DEX 4,DEX,-4.644,,6800.0
2025-07-08 10:35:37,6035.0,6078.75,Put DEX 3,DEX,-6.427,,6800.0
2025-07-08 10:35:37,6035.0,6078.75,Put GEX 4,GEX,-12500.583,,6800.0
2025-07-08 10:35:37,6050.0,6093.75,Put DEX 2,DEX,-7.083,,6800.0
2025-07-08 10:35:37,6050.0,6093.75,Put GEX 2,GEX,-14923.414,,6800.0
2025-07-08 10:35:37,6075.0,6119.0,Put DEX 5,DEX,-3.581,,6800.0
2025-07-08 10:35:37,6075.0,6119.0,Put GEX 5,GEX,-8758.909,,6800.0
2025-07-08 10:35:37,6100.0,6144.25,Put DEX 1,DEX,-8.912,,6800.0
2025-07-08 10:35:37,6100.0,6144.25,Put GEX 1,GEX,-25861.388,,6800.0
2025-07-08 10:35:37,6150.0,6194.5,Put GEX 3,GEX,-12781.459,,6800.0
2025-07-08 10:35:37,6175.0,6219.75,Call DEX 5,DEX,2.877,,6800.0
2025-07-08 10:35:37,6225.0,6270.0,Call GEX 3,GEX,19706.035,,6800.0
2025-07-08 10:35:37,6250.0,6295.25,Call GEX 4,GEX,19510.89,,6800.0
2025-07-08 10:35:37,6275.0,6320.5,Call DEX 1,DEX,21.03,,6800.0
2025-07-08 10:35:37,6275.0,6320.5,Call GEX 1,GEX,153637.316,,6800.0
2025-07-08 10:35:37,6285.0,6330.5,Call DEX 3,DEX,3.118,,6800.0
2025-07-08 10:35:37,6285.0,6330.5,Call GEX 2,GEX,20579.375,,6800.0
2025-07-08 10:35:37,6300.0,6345.75,Call GEX 5,GEX,19158.196,,6800.0
2025-07-08 10:35:37,6350.0,6396.0,Call DEX 2,DEX,3.156,,6800.0
2025-07-08 10:35:37,6400.0,6446.5,Call DEX 4,DEX,2.977,,6800.0
2025-07-08 10:37:17,2400.0,2417.5,Call CEX 1,CEX,0.0,,6525.0
2025-07-08 10:37:17,2400.0,2417.5,Put CEX 1,CEX,0.0,,6525.0
2025-07-08 10:37:17,2400.0,2417.5,Call VEX 1,VEX,0.0,,6525.0
2025-07-08 10:37:17,2400.0,2417.5,Put VEX 1,VEX,0.0,,6525.0
2025-07-08 10:37:17,2600.0,2619.0,Call CEX 2,CEX,0.0,,6525.0
2025-07-08 10:37:17,2600.0,2619.0,Put CEX 2,CEX,0.0,,6525.0
2025-07-08 10:37:17,2600.0,2619.0,Call VEX 2,VEX,0.0,,6525.0
2025-07-08 10:37:17,2600.0,2619.0,Put VEX 2,VEX,0.0,,6525.0
2025-07-08 10:37:17,2800.0,2820.5,Call CEX 3,CEX,0.0,,6525.0
2025-07-08 10:37:17,2800.0,2820.5,Put CEX 3,CEX,0.0,,6525.0
2025-07-08 10:37:17,2800.0,2820.5,Call VEX 3,VEX,0.0,,6525.0
2025-07-08 10:37:17,2800.0,2820.5,Put VEX 3,VEX,0.0,,6525.0
2025-07-08 10:37:17,3000.0,3022.0,Call CEX 4,CEX,0.0,,6525.0
2025-07-08 10:37:17,3000.0,3022.0,Put CEX 4,CEX,0.0,,6525.0
2025-07-08 10:37:17,3000.0,3022.0,Call VEX 4,VEX,0.0,,6525.0
2025-07-08 10:37:17,3000.0,3022.0,Put VEX 4,VEX,0.0,,6525.0
2025-07-08 10:37:17,3200.0,3223.25,Call CEX 5,CEX,0.0,,6525.0
2025-07-08 10:37:17,3200.0,3223.25,Put CEX 5,CEX,0.0,,6525.0
2025-07-08 10:37:17,3200.0,3223.25,Call VEX 5,VEX,0.0,,6525.0
2025-07-08 10:37:17,3200.0,3223.25,Put VEX 5,VEX,0.0,,6525.0
2025-07-08 10:37:17,6025.0,6069.0,Put DEX 5,DEX,-2.23,,6525.0
2025-07-08 10:37:17,6035.0,6079.0,Put DEX 2,DEX,-6.368,,6525.0
2025-07-08 10:37:17,6035.0,6079.0,Put GEX 4,GEX,-12648.748,,6525.0
2025-07-08 10:37:17,6050.0,6094.25,Put DEX 1,DEX,-6.899,,6525.0
2025-07-08 10:37:17,6050.0,6094.25,Put GEX 2,GEX,-14998.11,,6525.0
2025-07-08 10:37:17,6075.0,6119.25,Put DEX 4,DEX,-3.041,,6525.0
2025-07-08 10:37:17,6100.0,6144.5,Put DEX 3,DEX,-5.845,,6525.0
2025-07-08 10:37:17,6100.0,6144.5,Put GEX 1,GEX,-21851.888,,6525.0
2025-07-08 10:37:17,6125.0,6169.75,Call DEX 2,DEX,5.036,,6525.0
2025-07-08 10:37:17,6150.0,6194.75,Put GEX 5,GEX,-9312.176,,6525.0
2025-07-08 10:37:17,6200.0,6245.25,Put GEX 3,GEX,-14889.805,,6525.0
2025-07-08 10:37:17,6225.0,6270.5,Call GEX 5,GEX,15105.976,,6525.0
2025-07-08 10:37:17,6250.0,6295.5,Call GEX 4,GEX,15740.01,,6525.0
2025-07-08 10:37:17,6275.0,6320.75,Call DEX 1,DEX,20.947,,6525.0
2025-07-08 10:37:17,6275.0,6320.75,Call GEX 1,GEX,143581.712,,6525.0
2025-07-08 10:37:17,6285.0,6330.75,Call DEX 4,DEX,3.105,,6525.0
2025-07-08 10:37:17,6285.0,6330.75,Call GEX 2,GEX,19380.47,,6525.0
2025-07-08 10:37:17,6300.0,6346.0,Call GEX 3,GEX,16865.7,,6525.0
2025-07-08 10:37:17,6350.0,6396.25,Call DEX 3,DEX,3.246,,6525.0
2025-07-08 10:37:17,6400.0,6446.75,Call DEX 5,DEX,2.985,,6525.0
2025-07-08 10:38:57,2400.0,2417.5,Call CEX 1,CEX,0.0,,6525.0
2025-07-08 10:38:57,2400.0,2417.5,Put CEX 1,CEX,0.0,,6525.0
2025-07-08 10:38:57,2400.0,2417.5,Call VEX 1,VEX,0.0,,6525.0
2025-07-08 10:38:57,2400.0,2417.5,Put VEX 1,VEX,0.0,,6525.0
2025-07-08 10:38:57,2600.0,2618.75,Call CEX 2,CEX,0.0,,6525.0
2025-07-08 10:38:57,2600.0,2618.75,Put CEX 2,CEX,0.0,,6525.0
2025-07-08 10:38:57,2600.0,2618.75,Call VEX 2,VEX,0.0,,6525.0
2025-07-08 10:38:57,2600.0,2618.75,Put VEX 2,VEX,0.0,,6525.0
2025-07-08 10:38:57,2800.0,2820.25,Call CEX 3,CEX,0.0,,6525.0
2025-07-08 10:38:57,2800.0,2820.25,Put CEX 3,CEX,0.0,,6525.0
2025-07-08 10:38:57,2800.0,2820.25,Call VEX 3,VEX,0.0,,6525.0
2025-07-08 10:38:57,2800.0,2820.25,Put VEX 3,VEX,0.0,,6525.0
2025-07-08 10:38:57,3000.0,3021.75,Call CEX 4,CEX,0.0,,6525.0
2025-07-08 10:38:57,3000.0,3021.75,Put CEX 4,CEX,0.0,,6525.0
2025-07-08 10:38:57,3000.0,3021.75,Call VEX 4,VEX,0.0,,6525.0
2025-07-08 10:38:57,3000.0,3021.75,Put VEX 4,VEX,0.0,,6525.0
2025-07-08 10:38:57,3200.0,3223.25,Call CEX 5,CEX,0.0,,6525.0
2025-07-08 10:38:57,3200.0,3223.25,Put CEX 5,CEX,0.0,,6525.0
2025-07-08 10:38:57,3200.0,3223.25,Call VEX 5,VEX,0.0,,6525.0
2025-07-08 10:38:57,3200.0,3223.25,Put VEX 5,VEX,0.0,,6525.0
2025-07-08 10:38:57,6025.0,6068.75,Put DEX 5,DEX,-2.23,,6525.0
2025-07-08 10:38:57,6035.0,6078.75,Put DEX 2,DEX,-6.368,,6525.0
2025-07-08 10:38:57,6035.0,6078.75,Put GEX 3,GEX,-12603.337,,6525.0
2025-07-08 10:38:57,6050.0,6093.75,Put DEX 1,DEX,-6.899,,6525.0
2025-07-08 10:38:57,6050.0,6093.75,Put GEX 2,GEX,-14932.89,,6525.0
2025-07-08 10:38:57,6075.0,6119.0,Put DEX 4,DEX,-3.038,,6525.0
2025-07-08 10:38:57,6100.0,6144.25,Put DEX 3,DEX,-5.817,,6525.0
2025-07-08 10:38:57,6100.0,6144.25,Put GEX 1,GEX,-21624.847,,6525.0
2025-07-08 10:38:57,6125.0,6169.25,Call DEX 2,DEX,5.11,,6525.0
2025-07-08 10:38:57,6150.0,6194.5,Put GEX 5,GEX,-9073.81,,6525.0
2025-07-08 10:38:57,6200.0,6245.0,Put GEX 4,GEX,-12116.617,,6525.0
2025-07-08 10:38:57,6225.0,6270.0,Call GEX 5,GEX,16583.385,,6525.0
2025-07-08 10:38:57,6250.0,6295.25,Call GEX 4,GEX,16886.72,,6525.0
2025-07-08 10:38:57,6275.0,6320.5,Call DEX 1,DEX,20.949,,6525.0
2025-07-08 10:38:57,6275.0,6320.5,Call GEX 1,GEX,145911.244,,6525.0
2025-07-08 10:38:57,6285.0,6330.5,Call DEX 4,DEX,3.108,,6525.0
2025-07-08 10:38:57,6285.0,6330.5,Call GEX 2,GEX,19649.753,,6525.0
2025-07-08 10:38:57,6300.0,6345.75,Call GEX 3,GEX,17549.766,,6525.0
2025-07-08 10:38:57,6350.0,6396.0,Call DEX 3,DEX,3.154,,6525.0
2025-07-08 10:38:57,6400.0,6446.25,Call DEX 5,DEX,2.976,,6525.0
2025-07-08 10:40:37,2400.0,2417.5,Call CEX 1,CEX,0.0,,6525.0
2025-07-08 10:40:37,2400.0,2417.5,Put CEX 1,CEX,0.0,,6525.0
2025-07-08 10:40:37,2400.0,2417.5,Call VEX 1,VEX,0.0,,6525.0
2025-07-08 10:40:37,2400.0,2417.5,Put VEX 1,VEX,0.0,,6525.0
2025-07-08 10:40:37,2600.0,2619.0,Call CEX 2,CEX,0.0,,6525.0
2025-07-08 10:40:37,2600.0,2619.0,Put CEX 2,CEX,0.0,,6525.0
2025-07-08 10:40:37,2600.0,2619.0,Call VEX 2,VEX,0.0,,6525.0
2025-07-08 10:40:37,2600.0,2619.0,Put VEX 2,VEX,0.0,,6525.0
2025-07-08 10:40:37,2800.0,2820.5,Call CEX 3,CEX,0.0,,6525.0
2025-07-08 10:40:37,2800.0,2820.5,Put CEX 3,CEX,0.0,,6525.0
2025-07-08 10:40:37,2800.0,2820.5,Call VEX 3,VEX,0.0,,6525.0
2025-07-08 10:40:37,2800.0,2820.5,Put VEX 3,VEX,0.0,,6525.0
2025-07-08 10:40:37,3000.0,3021.75,Call CEX 4,CEX,0.0,,6525.0
2025-07-08 10:40:37,3000.0,3021.75,Put CEX 4,CEX,0.0,,6525.0
2025-07-08 10:40:37,3000.0,3021.75,Call VEX 4,VEX,0.0,,6525.0
2025-07-08 10:40:37,3000.0,3021.75,Put VEX 4,VEX,0.0,,6525.0
2025-07-08 10:40:37,3200.0,3223.25,Call CEX 5,CEX,0.0,,6525.0
2025-07-08 10:40:37,3200.0,3223.25,Put CEX 5,CEX,0.0,,6525.0
2025-07-08 10:40:37,3200.0,3223.25,Call VEX 5,VEX,0.0,,6525.0
2025-07-08 10:40:37,3200.0,3223.25,Put VEX 5,VEX,0.0,,6525.0
2025-07-08 10:40:37,6025.0,6069.0,Put DEX 5,DEX,-2.23,,6525.0
2025-07-08 10:40:37,6035.0,6079.0,Put DEX 2,DEX,-6.368,,6525.0
2025-07-08 10:40:37,6035.0,6079.0,Put GEX 3,GEX,-12614.862,,6525.0
2025-07-08 10:40:37,6050.0,6094.0,Put DEX 1,DEX,-6.899,,6525.0
2025-07-08 10:40:37,6050.0,6094.0,Put GEX 2,GEX,-14948.136,,6525.0
2025-07-08 10:40:37,6075.0,6119.25,Put DEX 4,DEX,-3.038,,6525.0
2025-07-08 10:40:37,6100.0,6144.5,Put DEX 3,DEX,-5.824,,6525.0
2025-07-08 10:40:37,6100.0,6144.5,Put GEX 1,GEX,-21658.17,,6525.0
2025-07-08 10:40:37,6125.0,6169.75,Call DEX 2,DEX,5.105,,6525.0
2025-07-08 10:40:37,6150.0,6194.75,Put GEX 5,GEX,-9097.067,,6525.0
2025-07-08 10:40:37,6200.0,6245.25,Put GEX 4,GEX,-12073.242,,6525.0
2025-07-08 10:40:37,6225.0,6270.25,Call GEX 5,GEX,16490.686,,6525.0
2025-07-08 10:40:37,6250.0,6295.5,Call GEX 4,GEX,16789.941,,6525.0
2025-07-08 10:40:37,6275.0,6320.75,Call DEX 1,DEX,20.933,,6525.0
2025-07-08 10:40:37,6275.0,6320.75,Call GEX 1,GEX,145558.346,,6525.0
2025-07-08 10:40:37,6285.0,6330.75,Call DEX 4,DEX,3.107,,6525.0
2025-07-08 10:40:37,6285.0,6330.75,Call GEX 2,GEX,19591.046,,6525.0
2025-07-08 10:40:37,6300.0,6346.0,Call GEX 3,GEX,17476.333,,6525.0
2025-07-08 10:40:37,6350.0,6396.25,Call DEX 3,DEX,3.153,,6525.0
2025-07-08 10:40:37,6400.0,6446.75,Call DEX 5,DEX,2.976,,6525.0
2025-07-08 10:42:18,2400.0,2417.5,Call CEX 1,CEX,0.0,,6800.0
2025-07-08 10:42:18,2400.0,2417.5,Put CEX 1,CEX,0.0,,6800.0
2025-07-08 10:42:18,2400.0,2417.5,Call VEX 1,VEX,0.0,,6800.0
2025-07-08 10:42:18,2400.0,2417.5,Put VEX 1,VEX,0.0,,6800.0
2025-07-08 10:42:18,2600.0,2619.0,Call CEX 2,CEX,0.0,,6800.0
2025-07-08 10:42:18,2600.0,2619.0,Put CEX 2,CEX,0.0,,6800.0
2025-07-08 10:42:18,2600.0,2619.0,Call VEX 2,VEX,0.0,,6800.0
2025-07-08 10:42:18,2600.0,2619.0,Put VEX 2,VEX,0.0,,6800.0
2025-07-08 10:42:18,2800.0,2820.5,Call CEX 3,CEX,0.0,,6800.0
2025-07-08 10:42:18,2800.0,2820.5,Put CEX 3,CEX,0.0,,6800.0
2025-07-08 10:42:18,2800.0,2820.5,Call VEX 3,VEX,0.0,,6800.0
2025-07-08 10:42:18,2800.0,2820.5,Put VEX 3,VEX,0.0,,6800.0
2025-07-08 10:42:18,3000.0,3022.0,Call CEX 4,CEX,0.0,,6800.0
2025-07-08 10:42:18,3000.0,3022.0,Put CEX 4,CEX,0.0,,6800.0
2025-07-08 10:42:18,3000.0,3022.0,Call VEX 4,VEX,0.0,,6800.0
2025-07-08 10:42:18,3000.0,3022.0,Put VEX 4,VEX,0.0,,6800.0
2025-07-08 10:42:18,3200.0,3223.25,Call CEX 5,CEX,0.0,,6800.0
2025-07-08 10:42:18,3200.0,3223.25,Put CEX 5,CEX,0.0,,6800.0
2025-07-08 10:42:18,3200.0,3223.25,Call VEX 5,VEX,0.0,,6800.0
2025-07-08 10:42:18,3200.0,3223.25,Put VEX 5,VEX,0.0,,6800.0
2025-07-08 10:42:18,6000.0,6043.75,Put DEX 4,DEX,-4.644,,6800.0
2025-07-08 10:42:18,6035.0,6079.0,Put DEX 2,DEX,-6.426,,6800.0
2025-07-08 10:42:18,6035.0,6079.0,Put GEX 3,GEX,-12626.918,,6800.0
2025-07-08 10:42:18,6050.0,6094.25,Put DEX 1,DEX,-7.08,,6800.0
2025-07-08 10:42:18,6050.0,6094.25,Put GEX 2,GEX,-15091.754,,6800.0
2025-07-08 10:42:18,6075.0,6119.25,Put DEX 5,DEX,-3.581,,6800.0
2025-07-08 10:42:18,6100.0,6144.5,Put DEX 3,DEX,-5.804,,6800.0
2025-07-08 10:42:18,6100.0,6144.5,Put GEX 1,GEX,-21483.294,,6800.0
2025-07-08 10:42:18,6125.0,6169.75,Call DEX 2,DEX,5.145,,6800.0
2025-07-08 10:42:18,6150.0,6195.0,Put GEX 5,GEX,-8950.726,,6800.0
2025-07-08 10:42:18,6200.0,6245.25,Put GEX 4,GEX,-10659.878,,6800.0
2025-07-08 10:42:18,6225.0,6270.5,Call GEX 5,GEX,17379.933,,6800.0
2025-07-08 10:42:18,6250.0,6295.75,Call GEX 4,GEX,17530.56,,6800.0
2025-07-08 10:42:18,6275.0,6320.75,Call DEX 1,DEX,20.943,,6800.0
2025-07-08 10:42:18,6275.0,6320.75,Call GEX 1,GEX,147820.028,,6800.0
2025-07-08 10:42:18,6285.0,6331.0,Call DEX 4,DEX,3.108,,6800.0
2025-07-08 10:42:18,6285.0,6331.0,Call GEX 2,GEX,19862.356,,6800.0
2025-07-08 10:42:18,6300.0,6346.0,Call GEX 3,GEX,17935.351,,6800.0
2025-07-08 10:42:18,6350.0,6396.25,Call DEX 3,DEX,3.154,,6800.0
2025-07-08 10:42:18,6400.0,6446.75,Call DEX 5,DEX,2.976,,6800.0
2025-07-08 10:43:59,2400.0,2417.5,Call CEX 1,CEX,0.0,,6525.0
2025-07-08 10:43:59,2400.0,2417.5,Put CEX 1,CEX,0.0,,6525.0
2025-07-08 10:43:59,2400.0,2417.5,Call VEX 1,VEX,0.0,,6525.0
2025-07-08 10:43:59,2400.0,2417.5,Put VEX 1,VEX,0.0,,6525.0
2025-07-08 10:43:59,2600.0,2619.0,Call CEX 2,CEX,0.0,,6525.0
2025-07-08 10:43:59,2600.0,2619.0,Put CEX 2,CEX,0.0,,6525.0
2025-07-08 10:43:59,2600.0,2619.0,Call VEX 2,VEX,0.0,,6525.0
2025-07-08 10:43:59,2600.0,2619.0,Put VEX 2,VEX,0.0,,6525.0
2025-07-08 10:43:59,2800.0,2820.5,Call CEX 3,CEX,0.0,,6525.0
2025-07-08 10:43:59,2800.0,2820.5,Put CEX 3,CEX,0.0,,6525.0
2025-07-08 10:43:59,2800.0,2820.5,Call VEX 3,VEX,0.0,,6525.0
2025-07-08 10:43:59,2800.0,2820.5,Put VEX 3,VEX,0.0,,6525.0
2025-07-08 10:43:59,3000.0,3022.0,Call CEX 4,CEX,0.0,,6525.0
2025-07-08 10:43:59,3000.0,3022.0,Put CEX 4,CEX,0.0,,6525.0
2025-07-08 10:43:59,3000.0,3022.0,Call VEX 4,VEX,0.0,,6525.0
2025-07-08 10:43:59,3000.0,3022.0,Put VEX 4,VEX,0.0,,6525.0
2025-07-08 10:43:59,3200.0,3223.25,Call CEX 5,CEX,0.0,,6525.0
2025-07-08 10:43:59,3200.0,3223.25,Put CEX 5,CEX,0.0,,6525.0
2025-07-08 10:43:59,3200.0,3223.25,Call VEX 5,VEX,0.0,,6525.0
2025-07-08 10:43:59,3200.0,3223.25,Put VEX 5,VEX,0.0,,6525.0
2025-07-08 10:43:59,6025.0,6069.0,Put DEX 5,DEX,-2.23,,6525.0
2025-07-08 10:43:59,6035.0,6079.0,Put DEX 2,DEX,-6.426,,6525.0
2025-07-08 10:43:59,6035.0,6079.0,Put GEX 3,GEX,-12695.801,,6525.0
2025-07-08 10:43:59,6050.0,6094.25,Put DEX 1,DEX,-6.897,,6525.0
2025-07-08 10:43:59,6050.0,6094.25,Put GEX 2,GEX,-14980.526,,6525.0
2025-07-08 10:43:59,6075.0,6119.25,Put DEX 4,DEX,-3.036,,6525.0
2025-07-08 10:43:59,6100.0,6144.5,Put DEX 3,DEX,-5.811,,6525.0
2025-07-08 10:43:59,6100.0,6144.5,Put GEX 1,GEX,-21687.29,,6525.0
2025-07-08 10:43:59,6125.0,6169.75,Call DEX 2,DEX,5.124,,6525.0
2025-07-08 10:43:59,6150.0,6194.75,Put GEX 5,GEX,-9069.69,,6525.0
2025-07-08 10:43:59,6200.0,6245.25,Put GEX 4,GEX,-11334.111,,6525.0
2025-07-08 10:43:59,6225.0,6270.5,Call GEX 5,GEX,17017.412,,6525.0
2025-07-08 10:43:59,6250.0,6295.5,Call GEX 4,GEX,17139.763,,6525.0
2025-07-08 10:43:59,6275.0,6320.75,Call DEX 1,DEX,20.868,,6525.0
2025-07-08 10:43:59,6275.0,6320.75,Call GEX 1,GEX,145377.379,,6525.0
2025-07-08 10:43:59,6285.0,6330.75,Call DEX 4,DEX,3.1,,6525.0
2025-07-08 10:43:59,6285.0,6330.75,Call GEX 2,GEX,19557.003,,6525.0
2025-07-08 10:43:59,6300.0,6346.0,Call GEX 3,GEX,17518.212,,6525.0
2025-07-08 10:43:59,6350.0,6396.25,Call DEX 3,DEX,3.153,,6525.0
2025-07-08 10:43:59,6400.0,6446.75,Call DEX 5,DEX,2.976,,6525.0
2025-07-08 10:45:39,2400.0,2417.75,Call CEX 1,CEX,0.0,,6525.0
2025-07-08 10:45:39,2400.0,2417.75,Put CEX 1,CEX,0.0,,6525.0
2025-07-08 10:45:39,2400.0,2417.75,Call VEX 1,VEX,0.0,,6525.0
2025-07-08 10:45:39,2400.0,2417.75,Put VEX 1,VEX,0.0,,6525.0
2025-07-08 10:45:39,2600.0,2619.25,Call CEX 2,CEX,0.0,,6525.0
2025-07-08 10:45:39,2600.0,2619.25,Put CEX 2,CEX,0.0,,6525.0
2025-07-08 10:45:39,2600.0,2619.25,Call VEX 2,VEX,0.0,,6525.0
2025-07-08 10:45:39,2600.0,2619.25,Put VEX 2,VEX,0.0,,6525.0
2025-07-08 10:45:39,2800.0,2820.75,Call CEX 3,CEX,0.0,,6525.0
2025-07-08 10:45:39,2800.0,2820.75,Put CEX 3,CEX,0.0,,6525.0
2025-07-08 10:45:39,2800.0,2820.75,Call VEX 3,VEX,0.0,,6525.0
2025-07-08 10:45:39,2800.0,2820.75,Put VEX 3,VEX,0.0,,6525.0
2025-07-08 10:45:39,3000.0,3022.0,Call CEX 4,CEX,0.0,,6525.0
2025-07-08 10:45:39,3000.0,3022.0,Put CEX 4,CEX,0.0,,6525.0
2025-07-08 10:45:39,3000.0,3022.0,Call VEX 4,VEX,0.0,,6525.0
2025-07-08 10:45:39,3000.0,3022.0,Put VEX 4,VEX,0.0,,6525.0
2025-07-08 10:45:39,3200.0,3223.5,Call CEX 5,CEX,0.0,,6525.0
2025-07-08 10:45:39,3200.0,3223.5,Put CEX 5,CEX,0.0,,6525.0
2025-07-08 10:45:39,3200.0,3223.5,Call VEX 5,VEX,0.0,,6525.0
2025-07-08 10:45:39,3200.0,3223.5,Put VEX 5,VEX,0.0,,6525.0
2025-07-08 10:45:39,6025.0,6069.5,Put DEX 5,DEX,-2.231,,6525.0
2025-07-08 10:45:39,6035.0,6079.5,Put DEX 2,DEX,-6.367,,6525.0
2025-07-08 10:45:39,6035.0,6079.5,Put GEX 4,GEX,-12668.769,,6525.0
2025-07-08 10:45:39,6050.0,6094.5,Put DEX 1,DEX,-6.898,,6525.0
2025-07-08 10:45:39,6050.0,6094.5,Put GEX 3,GEX,-15025.051,,6525.0
2025-07-08 10:45:39,6075.0,6119.75,Put DEX 4,DEX,-3.042,,6525.0
2025-07-08 10:45:39,6100.0,6145.0,Put DEX 3,DEX,-5.856,,6525.0
2025-07-08 10:45:39,6100.0,6145.0,Put GEX 1,GEX,-21973.525,,6525.0
2025-07-08 10:45:39,6125.0,6170.0,Call DEX 3,DEX,5.003,,6525.0
2025-07-08 10:45:39,6150.0,6195.25,Put GEX 5,GEX,-9448.297,,6525.0
2025-07-08 10:45:39,6200.0,6245.75,Put GEX 2,GEX,-16511.843,,6525.0
2025-07-08 10:45:39,6225.0,6270.75,Call GEX 5,GEX,14342.948,,6525.0
2025-07-08 10:45:39,6250.0,6296.0,Call GEX 4,GEX,15172.48,,6525.0
2025-07-08 10:45:39,6275.0,6321.25,Call DEX 1,DEX,20.911,,6525.0
2025-07-08 10:45:39,6275.0,6321.25,Call GEX 1,GEX,142992.112,,6525.0
2025-07-08 10:45:39,6285.0,6331.25,Call DEX 5,DEX,3.102,,6525.0
2025-07-08 10:45:39,6285.0,6331.25,Call GEX 3,GEX,19286.368,,6525.0
2025-07-08 10:45:39,6300.0,6346.5,Call DEX 2,DEX,5.813,,6525.0
2025-07-08 10:45:39,6300.0,6346.5,Call GEX 2,GEX,29741.346,,6525.0
2025-07-08 10:45:39,6350.0,6396.75,Call DEX 4,DEX,3.246,,6525.0
2025-07-08 10:47:19,2400.0,2417.5,Call CEX 1,CEX,0.0,,6525.0
2025-07-08 10:47:19,2400.0,2417.5,Put CEX 1,CEX,0.0,,6525.0
2025-07-08 10:47:19,2400.0,2417.5,Call VEX 1,VEX,0.0,,6525.0
2025-07-08 10:47:19,2400.0,2417.5,Put VEX 1,VEX,0.0,,6525.0
2025-07-08 10:47:19,2600.0,2619.0,Call CEX 2,CEX,0.0,,6525.0
2025-07-08 10:47:19,2600.0,2619.0,Put CEX 2,CEX,0.0,,6525.0
2025-07-08 10:47:19,2600.0,2619.0,Call VEX 2,VEX,0.0,,6525.0
2025-07-08 10:47:19,2600.0,2619.0,Put VEX 2,VEX,0.0,,6525.0
2025-07-08 10:47:19,2800.0,2820.5,Call CEX 3,CEX,0.0,,6525.0
2025-07-08 10:47:19,2800.0,2820.5,Put CEX 3,CEX,0.0,,6525.0
2025-07-08 10:47:19,2800.0,2820.5,Call VEX 3,VEX,0.0,,6525.0
2025-07-08 10:47:19,2800.0,2820.5,Put VEX 3,VEX,0.0,,6525.0
2025-07-08 10:47:19,3000.0,3022.0,Call CEX 4,CEX,0.0,,6525.0
2025-07-08 10:47:19,3000.0,3022.0,Put CEX 4,CEX,0.0,,6525.0
2025-07-08 10:47:19,3000.0,3022.0,Call VEX 4,VEX,0.0,,6525.0
2025-07-08 10:47:19,3000.0,3022.0,Put VEX 4,VEX,0.0,,6525.0
2025-07-08 10:47:19,3200.0,3223.5,Call CEX 5,CEX,0.0,,6525.0
2025-07-08 10:47:19,3200.0,3223.5,Put CEX 5,CEX,0.0,,6525.0
2025-07-08 10:47:19,3200.0,3223.5,Call VEX 5,VEX,0.0,,6525.0
2025-07-08 10:47:19,3200.0,3223.5,Put VEX 5,VEX,0.0,,6525.0
2025-07-08 10:47:19,6025.0,6069.0,Put DEX 5,DEX,-2.23,,6525.0
2025-07-08 10:47:19,6035.0,6079.0,Put DEX 2,DEX,-6.368,,6525.0
2025-07-08 10:47:19,6035.0,6079.0,Put GEX 3,GEX,-12537.289,,6525.0
2025-07-08 10:47:19,6050.0,6094.25,Put DEX 1,DEX,-6.897,,6525.0
2025-07-08 10:47:19,6050.0,6094.25,Put GEX 2,GEX,-14851.898,,6525.0
2025-07-08 10:47:19,6075.0,6119.5,Put DEX 4,DEX,-3.036,,6525.0
2025-07-08 10:47:19,6100.0,6144.5,Put DEX 3,DEX,-5.806,,6525.0
2025-07-08 10:47:19,6100.0,6144.5,Put GEX 1,GEX,-21434.223,,6525.0
2025-07-08 10:47:19,6125.0,6169.75,Call DEX 2,DEX,5.129,,6525.0
2025-07-08 10:47:19,6150.0,6195.0,Put GEX 5,GEX,-8944.76,,6525.0
2025-07-08 10:47:19,6200.0,6245.25,Put GEX 4,GEX,-11105.171,,6525.0
2025-07-08 10:47:19,6225.0,6270.5,Call GEX 5,GEX,17337.39,,6525.0
2025-07-08 10:47:19,6250.0,6295.75,Call GEX 4,GEX,17649.861,,6525.0
2025-07-08 10:47:19,6275.0,6320.75,Call DEX 1,DEX,20.943,,6525.0
2025-07-08 10:47:19,6275.0,6320.75,Call GEX 1,GEX,149392.353,,6525.0
2025-07-08 10:47:19,6285.0,6331.0,Call DEX 4,DEX,3.107,,6525.0
2025-07-08 10:47:19,6285.0,6331.0,Call GEX 2,GEX,20043.408,,6525.0
2025-07-08 10:47:19,6300.0,6346.0,Call GEX 3,GEX,17898.776,,6525.0
2025-07-08 10:47:19,6350.0,6396.5,Call DEX 3,DEX,3.154,,6525.0
2025-07-08 10:47:19,6400.0,6446.75,Call DEX 5,DEX,2.976,,6525.0
2025-07-08 10:49:01,2400.0,2417.5,Call CEX 1,CEX,0.0,,6525.0
2025-07-08 10:49:01,2400.0,2417.5,Put CEX 1,CEX,0.0,,6525.0
2025-07-08 10:49:01,2400.0,2417.5,Call VEX 1,VEX,0.0,,6525.0
2025-07-08 10:49:01,2400.0,2417.5,Put VEX 1,VEX,0.0,,6525.0
2025-07-08 10:49:01,2600.0,2619.0,Call CEX 2,CEX,0.0,,6525.0
2025-07-08 10:49:01,2600.0,2619.0,Put CEX 2,CEX,0.0,,6525.0
2025-07-08 10:49:01,2600.0,2619.0,Call VEX 2,VEX,0.0,,6525.0
2025-07-08 10:49:01,2600.0,2619.0,Put VEX 2,VEX,0.0,,6525.0
2025-07-08 10:49:01,2800.0,2820.5,Call CEX 3,CEX,0.0,,6525.0
2025-07-08 10:49:01,2800.0,2820.5,Put CEX 3,CEX,0.0,,6525.0
2025-07-08 10:49:01,2800.0,2820.5,Call VEX 3,VEX,0.0,,6525.0
2025-07-08 10:49:01,2800.0,2820.5,Put VEX 3,VEX,0.0,,6525.0
2025-07-08 10:49:01,3000.0,3022.0,Call CEX 4,CEX,0.0,,6525.0
2025-07-08 10:49:01,3000.0,3022.0,Put CEX 4,CEX,0.0,,6525.0
2025-07-08 10:49:01,3000.0,3022.0,Call VEX 4,VEX,0.0,,6525.0
2025-07-08 10:49:01,3000.0,3022.0,Put VEX 4,VEX,0.0,,6525.0
2025-07-08 10:49:01,3200.0,3223.5,Call CEX 5,CEX,0.0,,6525.0
2025-07-08 10:49:01,3200.0,3223.5,Put CEX 5,CEX,0.0,,6525.0
2025-07-08 10:49:01,3200.0,3223.5,Call VEX 5,VEX,0.0,,6525.0
2025-07-08 10:49:01,3200.0,3223.5,Put VEX 5,VEX,0.0,,6525.0
2025-07-08 10:49:01,6025.0,6069.0,Put DEX 5,DEX,-2.231,,6525.0
2025-07-08 10:49:01,6035.0,6079.0,Put DEX 2,DEX,-6.368,,6525.0
2025-07-08 10:49:01,6035.0,6079.0,Put GEX 4,GEX,-12609.183,,6525.0
2025-07-08 10:49:01,6050.0,6094.25,Put DEX 1,DEX,-6.899,,6525.0
2025-07-08 10:49:01,6050.0,6094.25,Put GEX 3,GEX,-14947.678,,6525.0
2025-07-08 10:49:01,6075.0,6119.5,Put DEX 4,DEX,-3.041,,6525.0
2025-07-08 10:49:01,6100.0,6144.5,Put DEX 3,DEX,-5.847,,6525.0
2025-07-08 10:49:01,6100.0,6144.5,Put GEX 1,GEX,-21780.61,,6525.0
2025-07-08 10:49:01,6125.0,6169.75,Call DEX 3,DEX,5.027,,6525.0
2025-07-08 10:49:01,6150.0,6195.0,Put GEX 5,GEX,-9313.669,,6525.0
2025-07-08 10:49:01,6200.0,6245.25,Put GEX 2,GEX,-15377.26,,6525.0
2025-07-08 10:49:01,6225.0,6270.5,Call GEX 5,GEX,15010.403,,6525.0
2025-07-08 10:49:01,6250.0,6295.75,Call GEX 4,GEX,15831.102,,6525.0
2025-07-08 10:49:01,6275.0,6320.75,Call DEX 1,DEX,20.938,,6525.0
2025-07-08 10:49:01,6275.0,6320.75,Call GEX 1,GEX,145558.34,,6525.0
2025-07-08 10:49:01,6285.0,6331.0,Call DEX 5,DEX,3.104,,6525.0
2025-07-08 10:49:01,6285.0,6331.0,Call GEX 3,GEX,19592.335,,6525.0
2025-07-08 10:49:01,6300.0,6346.0,Call DEX 2,DEX,5.818,,6525.0
2025-07-08 10:49:01,6300.0,6346.0,Call GEX 2,GEX,30096.434,,6525.0
2025-07-08 10:49:01,6350.0,6396.5,Call DEX 4,DEX,3.247,,6525.0
2025-07-08 10:50:44,2400.0,2417.5,Call CEX 1,CEX,0.0,,6525.0
2025-07-08 10:50:44,2400.0,2417.5,Put CEX 1,CEX,0.0,,6525.0
2025-07-08 10:50:44,2400.0,2417.5,Call VEX 1,VEX,0.0,,6525.0
2025-07-08 10:50:44,2400.0,2417.5,Put VEX 1,VEX,0.0,,6525.0
2025-07-08 10:50:44,2600.0,2619.0,Call CEX 2,CEX,0.0,,6525.0
2025-07-08 10:50:44,2600.0,2619.0,Put CEX 2,CEX,0.0,,6525.0
2025-07-08 10:50:44,2600.0,2619.0,Call VEX 2,VEX,0.0,,6525.0
2025-07-08 10:50:44,2600.0,2619.0,Put VEX 2,VEX,0.0,,6525.0
2025-07-08 10:50:44,2800.0,2820.5,Call CEX 3,CEX,0.0,,6525.0
2025-07-08 10:50:44,2800.0,2820.5,Put CEX 3,CEX,0.0,,6525.0
2025-07-08 10:50:44,2800.0,2820.5,Call VEX 3,VEX,0.0,,6525.0
2025-07-08 10:50:44,2800.0,2820.5,Put VEX 3,VEX,0.0,,6525.0
2025-07-08 10:50:44,3000.0,3022.0,Call CEX 4,CEX,0.0,,6525.0
2025-07-08 10:50:44,3000.0,3022.0,Put CEX 4,CEX,0.0,,6525.0
2025-07-08 10:50:44,3000.0,3022.0,Call VEX 4,VEX,0.0,,6525.0
2025-07-08 10:50:44,3000.0,3022.0,Put VEX 4,VEX,0.0,,6525.0
2025-07-08 10:50:44,3200.0,3223.5,Call CEX 5,CEX,0.0,,6525.0
2025-07-08 10:50:44,3200.0,3223.5,Put CEX 5,CEX,0.0,,6525.0
2025-07-08 10:50:44,3200.0,3223.5,Call VEX 5,VEX,0.0,,6525.0
2025-07-08 10:50:44,3200.0,3223.5,Put VEX 5,VEX,0.0,,6525.0
2025-07-08 10:50:44,6025.0,6069.0,Put DEX 5,DEX,-2.23,,6525.0
2025-07-08 10:50:44,6035.0,6079.0,Put DEX 2,DEX,-6.368,,6525.0
2025-07-08 10:50:44,6035.0,6079.0,Put GEX 4,GEX,-12514.755,,6525.0
2025-07-08 10:50:44,6050.0,6094.25,Put DEX 1,DEX,-6.899,,6525.0
2025-07-08 10:50:44,6050.0,6094.25,Put GEX 2,GEX,-14823.93,,6525.0
2025-07-08 10:50:44,6075.0,6119.5,Put DEX 4,DEX,-3.037,,6525.0
2025-07-08 10:50:44,6100.0,6144.5,Put DEX 3,DEX,-5.816,,6525.0
2025-07-08 10:50:44,6100.0,6144.5,Put GEX 1,GEX,-21454.218,,6525.0
2025-07-08 10:50:44,6125.0,6169.75,Call DEX 2,DEX,5.101,,6525.0
2025-07-08 10:50:44,6150.0,6195.0,Put GEX 5,GEX,-9018.323,,6525.0
2025-07-08 10:50:44,6200.0,6245.25,Put GEX 3,GEX,-12829.969,,6525.0
2025-07-08 10:50:44,6225.0,6270.5,Call GEX 5,GEX,16587.258,,6525.0
2025-07-08 10:50:44,6250.0,6295.75,Call GEX 4,GEX,17240.884,,6525.0
2025-07-08 10:50:44,6275.0,6320.75,Call DEX 1,DEX,20.971,,6525.0
2025-07-08 10:50:44,6275.0,6320.75,Call GEX 1,GEX,150083.678,,6525.0
2025-07-08 10:50:44,6285.0,6331.0,Call DEX 4,DEX,3.108,,6525.0
2025-07-08 10:50:44,6285.0,6331.0,Call GEX 2,GEX,20135.294,,6525.0
2025-07-08 10:50:44,6300.0,6346.0,Call GEX 3,GEX,17736.023,,6525.0
2025-07-08 10:50:44,6350.0,6396.5,Call DEX 3,DEX,3.154,,6525.0
2025-07-08 10:50:44,6400.0,6446.75,Call DEX 5,DEX,2.976,,6525.0
2025-07-08 10:52:24,2400.0,2417.75,Call CEX 1,CEX,0.0,,6525.0
2025-07-08 10:52:24,2400.0,2417.75,Put CEX 1,CEX,0.0,,6525.0
2025-07-08 10:52:24,2400.0,2417.75,Call VEX 1,VEX,0.0,,6525.0
2025-07-08 10:52:24,2400.0,2417.75,Put VEX 1,VEX,0.0,,6525.0
2025-07-08 10:52:24,2600.0,2619.25,Call CEX 2,CEX,0.0,,6525.0
2025-07-08 10:52:24,2600.0,2619.25,Put CEX 2,CEX,0.0,,6525.0
2025-07-08 10:52:24,2600.0,2619.25,Call VEX 2,VEX,0.0,,6525.0
2025-07-08 10:52:24,2600.0,2619.25,Put VEX 2,VEX,0.0,,6525.0
2025-07-08 10:52:24,2800.0,2820.75,Call CEX 3,CEX,0.0,,6525.0
2025-07-08 10:52:24,2800.0,2820.75,Put CEX 3,CEX,0.0,,6525.0
2025-07-08 10:52:24,2800.0,2820.75,Call VEX 3,VEX,0.0,,6525.0
2025-07-08 10:52:24,2800.0,2820.75,Put VEX 3,VEX,0.0,,6525.0
2025-07-08 10:52:24,3000.0,3022.25,Call CEX 4,CEX,0.0,,6525.0
2025-07-08 10:52:24,3000.0,3022.25,Put CEX 4,CEX,0.0,,6525.0
2025-07-08 10:52:24,3000.0,3022.25,Call VEX 4,VEX,0.0,,6525.0
2025-07-08 10:52:24,3000.0,3022.25,Put VEX 4,VEX,0.0,,6525.0
2025-07-08 10:52:24,3200.0,3223.5,Call CEX 5,CEX,0.0,,6525.0
2025-07-08 10:52:24,3200.0,3223.5,Put CEX 5,CEX,0.0,,6525.0
2025-07-08 10:52:24,3200.0,3223.5,Call VEX 5,VEX,0.0,,6525.0
2025-07-08 10:52:24,3200.0,3223.5,Put VEX 5,VEX,0.0,,6525.0
2025-07-08 10:52:24,6025.0,6069.5,Put DEX 5,DEX,-2.23,,6525.0
2025-07-08 10:52:24,6035.0,6079.5,Put DEX 2,DEX,-6.367,,6525.0
2025-07-08 10:52:24,6035.0,6079.5,Put GEX 4,GEX,-12566.125,,6525.0
2025-07-08 10:52:24,6050.0,6094.75,Put DEX 1,DEX,-6.899,,6525.0
2025-07-08 10:52:24,6050.0,6094.75,Put GEX 3,GEX,-14887.301,,6525.0
2025-07-08 10:52:24,6075.0,6119.75,Put DEX 4,DEX,-3.04,,6525.0
2025-07-08 10:52:24,6100.0,6145.0,Put DEX 3,DEX,-5.836,,6525.0
2025-07-08 10:52:24,6100.0,6145.0,Put GEX 1,GEX,-21654.362,,6525.0
2025-07-08 10:52:24,6125.0,6170.25,Call DEX 2,DEX,5.042,,6525.0
2025-07-08 10:52:24,6150.0,6195.5,Put GEX 5,GEX,-9230.041,,6525.0
2025-07-08 10:52:24,6200.0,6245.75,Put GEX 2,GEX,-15150.494,,6525.0
2025-07-08 10:52:24,6225.0,6271.0,Call GEX 5,GEX,15376.687,,6525.0
2025-07-08 10:52:24,6250.0,6296.25,Call GEX 4,GEX,16241.055,,6525.0
2025-07-08 10:52:24,6275.0,6321.25,Call DEX 1,DEX,20.957,,6525.0
2025-07-08 10:52:24,6275.0,6321.25,Call GEX 1,GEX,147644.984,,6525.0
2025-07-08 10:52:24,6285.0,6331.5,Call DEX 4,DEX,3.104,,6525.0
2025-07-08 10:52:24,6285.0,6331.5,Call GEX 2,GEX,19857.642,,6525.0
2025-07-08 10:52:24,6300.0,6346.5,Call GEX 3,GEX,17185.095,,6525.0
2025-07-08 10:52:24,6350.0,6396.75,Call DEX 3,DEX,3.247,,6525.0
2025-07-08 10:52:24,6400.0,6447.25,Call DEX 5,DEX,2.983,,6525.0
2025-07-08 10:54:04,2400.0,2417.5,Call CEX 1,CEX,0.0,,6525.0
2025-07-08 10:54:04,2400.0,2417.5,Put CEX 1,CEX,0.0,,6525.0
2025-07-08 10:54:04,2400.0,2417.5,Call VEX 1,VEX,0.0,,6525.0
2025-07-08 10:54:04,2400.0,2417.5,Put VEX 1,VEX,0.0,,6525.0
2025-07-08 10:54:04,2600.0,2619.0,Call CEX 2,CEX,0.0,,6525.0
2025-07-08 10:54:04,2600.0,2619.0,Put CEX 2,CEX,0.0,,6525.0
2025-07-08 10:54:04,2600.0,2619.0,Call VEX 2,VEX,0.0,,6525.0
2025-07-08 10:54:04,2600.0,2619.0,Put VEX 2,VEX,0.0,,6525.0
2025-07-08 10:54:04,2800.0,2820.5,Call CEX 3,CEX,0.0,,6525.0
2025-07-08 10:54:04,2800.0,2820.5,Put CEX 3,CEX,0.0,,6525.0
2025-07-08 10:54:04,2800.0,2820.5,Call VEX 3,VEX,0.0,,6525.0
2025-07-08 10:54:04,2800.0,2820.5,Put VEX 3,VEX,0.0,,6525.0
2025-07-08 10:54:04,3000.0,3022.0,Call CEX 4,CEX,0.0,,6525.0
2025-07-08 10:54:04,3000.0,3022.0,Put CEX 4,CEX,0.0,,6525.0
2025-07-08 10:54:04,3000.0,3022.0,Call VEX 4,VEX,0.0,,6525.0
2025-07-08 10:54:04,3000.0,3022.0,Put VEX 4,VEX,0.0,,6525.0
2025-07-08 10:54:04,3200.0,3223.5,Call CEX 5,CEX,0.0,,6525.0
2025-07-08 10:54:04,3200.0,3223.5,Put CEX 5,CEX,0.0,,6525.0
2025-07-08 10:54:04,3200.0,3223.5,Call VEX 5,VEX,0.0,,6525.0
2025-07-08 10:54:04,3200.0,3223.5,Put VEX 5,VEX,0.0,,6525.0
2025-07-08 10:54:04,6025.0,6069.25,Put DEX 5,DEX,-2.232,,6525.0
2025-07-08 10:54:04,6035.0,6079.25,Put DEX 2,DEX,-6.368,,6525.0
2025-07-08 10:54:04,6035.0,6079.25,Put GEX 4,GEX,-12348.609,,6525.0
2025-07-08 10:54:04,6050.0,6094.25,Put DEX 1,DEX,-6.901,,6525.0
2025-07-08 10:54:04,6050.0,6094.25,Put GEX 3,GEX,-14608.646,,6525.0
2025-07-08 10:54:04,6075.0,6119.5,Put DEX 4,DEX,-3.041,,6525.0
2025-07-08 10:54:04,6100.0,6144.75,Put DEX 3,DEX,-5.84,,6525.0
2025-07-08 10:54:04,6100.0,6144.75,Put GEX 1,GEX,-21155.972,,6525.0
2025-07-08 10:54:04,6125.0,6169.75,Call DEX 3,DEX,5.029,,6525.0
2025-07-08 10:54:04,6150.0,6195.0,Put GEX 5,GEX,-8972.971,,6525.0
2025-07-08 10:54:04,6200.0,6245.5,Put GEX 2,GEX,-15696.342,,6525.0
2025-07-08 10:54:04,6225.0,6270.5,Call GEX 5,GEX,14438.054,,6525.0
2025-07-08 10:54:04,6250.0,6295.75,Call GEX 4,GEX,16176.891,,6525.0
2025-07-08 10:54:04,6275.0,6321.0,Call DEX 1,DEX,21.266,,6525.0
2025-07-08 10:54:04,6275.0,6321.0,Call GEX 1,GEX,155182.232,,6525.0
2025-07-08 10:54:04,6285.0,6331.0,Call DEX 5,DEX,3.133,,6525.0
2025-07-08 10:54:04,6285.0,6331.0,Call GEX 3,GEX,20846.971,,6525.0
2025-07-08 10:54:04,6300.0,6346.25,Call DEX 2,DEX,5.84,,6525.0
2025-07-08 10:54:04,6300.0,6346.25,Call GEX 2,GEX,31829.065,,6525.0
2025-07-08 10:54:04,6350.0,6396.5,Call DEX 4,DEX,3.249,,6525.0
2025-07-08 10:55:45,2400.0,2417.5,Call CEX 1,CEX,0.0,,6525.0
2025-07-08 10:55:45,2400.0,2417.5,Put CEX 1,CEX,0.0,,6525.0
2025-07-08 10:55:45,2400.0,2417.5,Call VEX 1,VEX,0.0,,6525.0
2025-07-08 10:55:45,2400.0,2417.5,Put VEX 1,VEX,0.0,,6525.0
2025-07-08 10:55:45,2600.0,2619.0,Call CEX 2,CEX,0.0,,6525.0
2025-07-08 10:55:45,2600.0,2619.0,Put CEX 2,CEX,0.0,,6525.0
2025-07-08 10:55:45,2600.0,2619.0,Call VEX 2,VEX,0.0,,6525.0
2025-07-08 10:55:45,2600.0,2619.0,Put VEX 2,VEX,0.0,,6525.0
2025-07-08 10:55:45,2800.0,2820.5,Call CEX 3,CEX,0.0,,6525.0
2025-07-08 10:55:45,2800.0,2820.5,Put CEX 3,CEX,0.0,,6525.0
2025-07-08 10:55:45,2800.0,2820.5,Call VEX 3,VEX,0.0,,6525.0
2025-07-08 10:55:45,2800.0,2820.5,Put VEX 3,VEX,0.0,,6525.0
2025-07-08 10:55:45,3000.0,3022.0,Call CEX 4,CEX,0.0,,6525.0
2025-07-08 10:55:45,3000.0,3022.0,Put CEX 4,CEX,0.0,,6525.0
2025-07-08 10:55:45,3000.0,3022.0,Call VEX 4,VEX,0.0,,6525.0
2025-07-08 10:55:45,3000.0,3022.0,Put VEX 4,VEX,0.0,,6525.0
2025-07-08 10:55:45,3200.0,3223.5,Call CEX 5,CEX,0.0,,6525.0
2025-07-08 10:55:45,3200.0,3223.5,Put CEX 5,CEX,0.0,,6525.0
2025-07-08 10:55:45,3200.0,3223.5,Call VEX 5,VEX,0.0,,6525.0
2025-07-08 10:55:45,3200.0,3223.5,Put VEX 5,VEX,0.0,,6525.0
2025-07-08 10:55:45,6025.0,6069.0,Put DEX 5,DEX,-2.231,,6525.0
2025-07-08 10:55:45,6035.0,6079.25,Put DEX 2,DEX,-6.369,,6525.0
2025-07-08 10:55:45,6035.0,6079.25,Put GEX 4,GEX,-12223.233,,6525.0
2025-07-08 10:55:45,6050.0,6094.25,Put DEX 1,DEX,-6.898,,6525.0
2025-07-08 10:55:45,6050.0,6094.25,Put GEX 2,GEX,-14454.156,,6525.0
2025-07-08 10:55:45,6075.0,6119.5,Put DEX 4,DEX,-3.036,,6525.0
2025-07-08 10:55:45,6100.0,6144.5,Put DEX 3,DEX,-5.809,,6525.0
2025-07-08 10:55:45,6100.0,6144.5,Put GEX 1,GEX,-20720.939,,6525.0
2025-07-08 10:55:45,6125.0,6169.75,Call DEX 2,DEX,5.109,,6525.0
2025-07-08 10:55:45,6150.0,6195.0,Put GEX 5,GEX,-8589.991,,6525.0
2025-07-08 10:55:45,6200.0,6245.25,Put GEX 3,GEX,-12272.732,,6525.0
2025-07-08 10:55:45,6225.0,6270.5,Call GEX 5,GEX,16381.474,,6525.0
2025-07-08 10:55:45,6250.0,6295.75,Call GEX 4,GEX,18016.021,,6525.0
2025-07-08 10:55:45,6275.0,6321.0,Call DEX 1,DEX,21.418,,6525.0
2025-07-08 10:55:45,6275.0,6321.0,Call GEX 1,GEX,161050.673,,6525.0
2025-07-08 10:55:45,6285.0,6331.0,Call DEX 4,DEX,3.151,,6525.0
2025-07-08 10:55:45,6285.0,6331.0,Call GEX 2,GEX,21594.062,,6525.0
2025-07-08 10:55:45,6300.0,6346.0,Call GEX 3,GEX,18930.961,,6525.0
2025-07-08 10:55:45,6350.0,6396.5,Call DEX 3,DEX,3.155,,6525.0
2025-07-08 10:55:45,6400.0,6446.75,Call DEX 5,DEX,2.986,,6525.0
2025-07-08 10:57:25,2400.0,2417.5,Call CEX 1,CEX,0.0,,6525.0
2025-07-08 10:57:25,2400.0,2417.5,Put CEX 1,CEX,0.0,,6525.0
2025-07-08 10:57:25,2400.0,2417.5,Call VEX 1,VEX,0.0,,6525.0
2025-07-08 10:57:25,2400.0,2417.5,Put VEX 1,VEX,0.0,,6525.0
2025-07-08 10:57:25,2600.0,2619.0,Call CEX 2,CEX,0.0,,6525.0
2025-07-08 10:57:25,2600.0,2619.0,Put CEX 2,CEX,0.0,,6525.0
2025-07-08 10:57:25,2600.0,2619.0,Call VEX 2,VEX,0.0,,6525.0
2025-07-08 10:57:25,2600.0,2619.0,Put VEX 2,VEX,0.0,,6525.0
2025-07-08 10:57:25,2800.0,2820.5,Call CEX 3,CEX,0.0,,6525.0
2025-07-08 10:57:25,2800.0,2820.5,Put CEX 3,CEX,0.0,,6525.0
2025-07-08 10:57:25,2800.0,2820.5,Call VEX 3,VEX,0.0,,6525.0
2025-07-08 10:57:25,2800.0,2820.5,Put VEX 3,VEX,0.0,,6525.0
2025-07-08 10:57:25,3000.0,3022.0,Call CEX 4,CEX,0.0,,6525.0
2025-07-08 10:57:25,3000.0,3022.0,Put CEX 4,CEX,0.0,,6525.0
2025-07-08 10:57:25,3000.0,3022.0,Call VEX 4,VEX,0.0,,6525.0
2025-07-08 10:57:25,3000.0,3022.0,Put VEX 4,VEX,0.0,,6525.0
2025-07-08 10:57:25,3200.0,3223.5,Call CEX 5,CEX,0.0,,6525.0
2025-07-08 10:57:25,3200.0,3223.5,Put CEX 5,CEX,0.0,,6525.0
2025-07-08 10:57:25,3200.0,3223.5,Call VEX 5,VEX,0.0,,6525.0
2025-07-08 10:57:25,3200.0,3223.5,Put VEX 5,VEX,0.0,,6525.0
2025-07-08 10:57:25,6025.0,6069.0,Put DEX 5,DEX,-2.23,,6525.0
2025-07-08 10:57:25,6035.0,6079.25,Put DEX 2,DEX,-6.369,,6525.0
2025-07-08 10:57:25,6035.0,6079.25,Put GEX 4,GEX,-12219.585,,6525.0
2025-07-08 10:57:25,6050.0,6094.25,Put DEX 1,DEX,-6.898,,6525.0
2025-07-08 10:57:25,6050.0,6094.25,Put GEX 2,GEX,-14450.65,,6525.0
2025-07-08 10:57:25,6075.0,6119.5,Put DEX 4,DEX,-3.038,,6525.0
2025-07-08 10:57:25,6100.0,6144.75,Put DEX 3,DEX,-5.824,,6525.0
2025-07-08 10:57:25,6100.0,6144.75,Put GEX 1,GEX,-20766.522,,6525.0
2025-07-08 10:57:25,6125.0,6169.75,Call DEX 2,DEX,5.078,,6525.0
2025-07-08 10:57:25,6150.0,6195.0,Put GEX 5,GEX,-8677.985,,6525.0
2025-07-08 10:57:25,6200.0,6245.5,Put GEX 3,GEX,-13647.012,,6525.0
2025-07-08 10:57:25,6225.0,6270.5,Call GEX 5,GEX,15434.95,,6525.0
2025-07-08 10:57:25,6250.0,6295.75,Call GEX 4,GEX,17280.636,,6525.0
2025-07-08 10:57:25,6275.0,6321.0,Call DEX 1,DEX,21.403,,6525.0
2025-07-08 10:57:25,6275.0,6321.0,Call GEX 1,GEX,161377.755,,6525.0
2025-07-08 10:57:25,6285.0,6331.0,Call DEX 4,DEX,3.146,,6525.0
2025-07-08 10:57:25,6285.0,6331.0,Call GEX 2,GEX,21644.726,,6525.0
2025-07-08 10:57:25,6300.0,6346.0,Call GEX 3,GEX,18537.915,,6525.0
2025-07-08 10:57:25,6350.0,6396.5,Call DEX 3,DEX,3.25,,6525.0
2025-07-08 10:57:25,6400.0,6446.75,Call DEX 5,DEX,2.978,,6525.0
2025-07-08 10:59:04,2400.0,2417.5,Call CEX 1,CEX,0.0,,6800.0
2025-07-08 10:59:04,2400.0,2417.5,Put CEX 1,CEX,0.0,,6800.0
2025-07-08 10:59:04,2400.0,2417.5,Call VEX 1,VEX,0.0,,6800.0
2025-07-08 10:59:04,2400.0,2417.5,Put VEX 1,VEX,0.0,,6800.0
2025-07-08 10:59:04,2600.0,2619.0,Call CEX 2,CEX,0.0,,6800.0
2025-07-08 10:59:04,2600.0,2619.0,Put CEX 2,CEX,0.0,,6800.0
2025-07-08 10:59:04,2600.0,2619.0,Call VEX 2,VEX,0.0,,6800.0
2025-07-08 10:59:04,2600.0,2619.0,Put VEX 2,VEX,0.0,,6800.0
2025-07-08 10:59:04,2800.0,2820.5,Call CEX 3,CEX,0.0,,6800.0
2025-07-08 10:59:04,2800.0,2820.5,Put CEX 3,CEX,0.0,,6800.0
2025-07-08 10:59:04,2800.0,2820.5,Call VEX 3,VEX,0.0,,6800.0
2025-07-08 10:59:04,2800.0,2820.5,Put VEX 3,VEX,0.0,,6800.0
2025-07-08 10:59:04,3000.0,3022.0,Call CEX 4,CEX,0.0,,6800.0
2025-07-08 10:59:04,3000.0,3022.0,Put CEX 4,CEX,0.0,,6800.0
2025-07-08 10:59:04,3000.0,3022.0,Call VEX 4,VEX,0.0,,6800.0
2025-07-08 10:59:04,3000.0,3022.0,Put VEX 4,VEX,0.0,,6800.0
2025-07-08 10:59:04,3200.0,3223.25,Call CEX 5,CEX,0.0,,6800.0
2025-07-08 10:59:04,3200.0,3223.25,Put CEX 5,CEX,0.0,,6800.0
2025-07-08 10:59:04,3200.0,3223.25,Call VEX 5,VEX,0.0,,6800.0
2025-07-08 10:59:04,3200.0,3223.25,Put VEX 5,VEX,0.0,,6800.0
2025-07-08 10:59:04,6000.0,6043.75,Put DEX 4,DEX,-4.645,,6800.0
2025-07-08 10:59:04,6035.0,6079.0,Put DEX 3,DEX,-6.428,,6800.0
2025-07-08 10:59:04,6035.0,6079.0,Put GEX 3,GEX,-12159.465,,6800.0
2025-07-08 10:59:04,6050.0,6094.25,Put DEX 2,DEX,-7.081,,6800.0
2025-07-08 10:59:04,6050.0,6094.25,Put GEX 2,GEX,-14490.874,,6800.0
2025-07-08 10:59:04,6075.0,6119.25,Put DEX 5,DEX,-3.579,,6800.0
2025-07-08 10:59:04,6075.0,6119.25,Put GEX 5,GEX,-8467.517,,6800.0
2025-07-08 10:59:04,6100.0,6144.5,Put DEX 1,DEX,-8.898,,6800.0
2025-07-08 10:59:04,6100.0,6144.5,Put GEX 1,GEX,-24861.602,,6800.0
2025-07-08 10:59:04,6125.0,6169.75,Call DEX 2,DEX,5.18,,6800.0
2025-07-08 10:59:04,6200.0,6245.25,Put GEX 4,GEX,-10064.931,,6800.0
2025-07-08 10:59:04,6225.0,6270.5,Call GEX 5,GEX,17720.402,,6800.0
2025-07-08 10:59:04,6250.0,6295.75,Call GEX 4,GEX,19565.56,,6800.0
2025-07-08 10:59:04,6275.0,6320.75,Call DEX 1,DEX,21.474,,6800.0
2025-07-08 10:59:04,6275.0,6320.75,Call GEX 1,GEX,168745.273,,6800.0
2025-07-08 10:59:04,6285.0,6331.0,Call DEX 4,DEX,3.156,,6800.0
2025-07-08 10:59:04,6285.0,6331.0,Call GEX 2,GEX,22498.61,,6800.0
2025-07-08 10:59:04,6300.0,6346.0,Call GEX 3,GEX,20121.489,,6800.0
2025-07-08 10:59:04,6350.0,6396.25,Call DEX 3,DEX,3.157,,6800.0
2025-07-08 10:59:04,6400.0,6446.75,Call DEX 5,DEX,2.978,,6800.0
2025-07-08 11:00:45,2400.0,2417.5,Call CEX 1,CEX,0.0,,6525.0
2025-07-08 11:00:45,2400.0,2417.5,Put CEX 1,CEX,0.0,,6525.0
2025-07-08 11:00:45,2400.0,2417.5,Call VEX 1,VEX,0.0,,6525.0
2025-07-08 11:00:45,2400.0,2417.5,Put VEX 1,VEX,0.0,,6525.0
2025-07-08 11:00:45,2600.0,2619.0,Call CEX 2,CEX,0.0,,6525.0
2025-07-08 11:00:45,2600.0,2619.0,Put CEX 2,CEX,0.0,,6525.0
2025-07-08 11:00:45,2600.0,2619.0,Call VEX 2,VEX,0.0,,6525.0
2025-07-08 11:00:45,2600.0,2619.0,Put VEX 2,VEX,0.0,,6525.0
2025-07-08 11:00:45,2800.0,2820.5,Call CEX 3,CEX,0.0,,6525.0
2025-07-08 11:00:45,2800.0,2820.5,Put CEX 3,CEX,0.0,,6525.0
2025-07-08 11:00:45,2800.0,2820.5,Call VEX 3,VEX,0.0,,6525.0
2025-07-08 11:00:45,2800.0,2820.5,Put VEX 3,VEX,0.0,,6525.0
2025-07-08 11:00:45,3000.0,3022.0,Call CEX 4,CEX,0.0,,6525.0
2025-07-08 11:00:45,3000.0,3022.0,Put CEX 4,CEX,0.0,,6525.0
2025-07-08 11:00:45,3000.0,3022.0,Call VEX 4,VEX,0.0,,6525.0
2025-07-08 11:00:45,3000.0,3022.0,Put VEX 4,VEX,0.0,,6525.0
2025-07-08 11:00:45,3200.0,3223.5,Call CEX 5,CEX,0.0,,6525.0
2025-07-08 11:00:45,3200.0,3223.5,Put CEX 5,CEX,0.0,,6525.0
2025-07-08 11:00:45,3200.0,3223.5,Call VEX 5,VEX,0.0,,6525.0
2025-07-08 11:00:45,3200.0,3223.5,Put VEX 5,VEX,0.0,,6525.0
2025-07-08 11:00:45,6025.0,6069.25,Put DEX 5,DEX,-2.231,,6525.0
2025-07-08 11:00:45,6035.0,6079.25,Put DEX 2,DEX,-6.37,,6525.0
2025-07-08 11:00:45,6035.0,6079.25,Put GEX 4,GEX,-12185.999,,6525.0
2025-07-08 11:00:45,6050.0,6094.5,Put DEX 1,DEX,-6.898,,6525.0
2025-07-08 11:00:45,6050.0,6094.5,Put GEX 2,GEX,-14407.679,,6525.0
2025-07-08 11:00:45,6075.0,6119.5,Put DEX 4,DEX,-3.038,,6525.0
2025-07-08 11:00:45,6100.0,6144.75,Put DEX 3,DEX,-5.824,,6525.0
2025-07-08 11:00:45,6100.0,6144.75,Put GEX 1,GEX,-20700.265,,6525.0
2025-07-08 11:00:45,6125.0,6170.0,Call DEX 2,DEX,5.073,,6525.0
2025-07-08 11:00:45,6150.0,6195.0,Put GEX 5,GEX,-8655.805,,6525.0
2025-07-08 11:00:45,6200.0,6245.5,Put GEX 3,GEX,-13850.992,,6525.0
2025-07-08 11:00:45,6225.0,6270.75,Call GEX 5,GEX,15294.7,,6525.0
2025-07-08 11:00:45,6250.0,6295.75,Call GEX 4,GEX,17333.861,,6525.0
2025-07-08 11:00:45,6275.0,6321.0,Call DEX 1,DEX,21.435,,6525.0
2025-07-08 11:00:45,6275.0,6321.0,Call GEX 1,GEX,163128.711,,6525.0
2025-07-08 11:00:45,6285.0,6331.0,Call DEX 4,DEX,3.149,,6525.0
2025-07-08 11:00:45,6285.0,6331.0,Call GEX 2,GEX,21845.742,,6525.0
2025-07-08 11:00:45,6300.0,6346.25,Call GEX 3,GEX,18652.314,,6525.0
2025-07-08 11:00:45,6350.0,6396.5,Call DEX 3,DEX,3.25,,6525.0
2025-07-08 11:00:45,6400.0,6447.0,Call DEX 5,DEX,2.986,,6525.0
2025-07-08 11:02:25,2400.0,2417.5,Call CEX 1,CEX,0.0,,6525.0
2025-07-08 11:02:25,2400.0,2417.5,Put CEX 1,CEX,0.0,,6525.0
2025-07-08 11:02:25,2400.0,2417.5,Call VEX 1,VEX,0.0,,6525.0
2025-07-08 11:02:25,2400.0,2417.5,Put VEX 1,VEX,0.0,,6525.0
2025-07-08 11:02:25,2600.0,2619.0,Call CEX 2,CEX,0.0,,6525.0
2025-07-08 11:02:25,2600.0,2619.0,Put CEX 2,CEX,0.0,,6525.0
2025-07-08 11:02:25,2600.0,2619.0,Call VEX 2,VEX,0.0,,6525.0
2025-07-08 11:02:25,2600.0,2619.0,Put VEX 2,VEX,0.0,,6525.0
2025-07-08 11:02:25,2800.0,2820.5,Call CEX 3,CEX,0.0,,6525.0
2025-07-08 11:02:25,2800.0,2820.5,Put CEX 3,CEX,0.0,,6525.0
2025-07-08 11:02:25,2800.0,2820.5,Call VEX 3,VEX,0.0,,6525.0
2025-07-08 11:02:25,2800.0,2820.5,Put VEX 3,VEX,0.0,,6525.0
2025-07-08 11:02:25,3000.0,3022.0,Call CEX 4,CEX,0.0,,6525.0
2025-07-08 11:02:25,3000.0,3022.0,Put CEX 4,CEX,0.0,,6525.0
2025-07-08 11:02:25,3000.0,3022.0,Call VEX 4,VEX,0.0,,6525.0
2025-07-08 11:02:25,3000.0,3022.0,Put VEX 4,VEX,0.0,,6525.0
2025-07-08 11:02:25,3200.0,3223.25,Call CEX 5,CEX,0.0,,6525.0
2025-07-08 11:02:25,3200.0,3223.25,Put CEX 5,CEX,0.0,,6525.0
2025-07-08 11:02:25,3200.0,3223.25,Call VEX 5,VEX,0.0,,6525.0
2025-07-08 11:02:25,3200.0,3223.25,Put VEX 5,VEX,0.0,,6525.0
2025-07-08 11:02:25,6025.0,6069.0,Put DEX 5,DEX,-2.23,,6525.0
2025-07-08 11:02:25,6035.0,6079.0,Put DEX 2,DEX,-6.37,,6525.0
2025-07-08 11:02:25,6035.0,6079.0,Put GEX 3,GEX,-12196.859,,6525.0
2025-07-08 11:02:25,6050.0,6094.25,Put DEX 1,DEX,-6.897,,6525.0
2025-07-08 11:02:25,6050.0,6094.25,Put GEX 2,GEX,-14419.052,,6525.0
2025-07-08 11:02:25,6075.0,6119.25,Put DEX 4,DEX,-3.034,,6525.0
2025-07-08 11:02:25,6100.0,6144.5,Put DEX 3,DEX,-5.795,,6525.0
2025-07-08 11:02:25,6100.0,6144.5,Put GEX 1,GEX,-20598.645,,6525.0
2025-07-08 11:02:25,6125.0,6169.75,Call DEX 2,DEX,5.153,,6525.0
2025-07-08 11:02:25,6150.0,6194.75,Put GEX 5,GEX,-8481.75,,6525.0
2025-07-08 11:02:25,6200.0,6245.25,Put GEX 4,GEX,-10862.774,,6525.0
2025-07-08 11:02:25,6225.0,6270.5,Call GEX 5,GEX,17492.487,,6525.0
2025-07-08 11:02:25,6250.0,6295.5,Call GEX 4,GEX,19058.966,,6525.0
2025-07-08 11:02:25,6275.0,6320.75,Call DEX 1,DEX,21.317,,6525.0
2025-07-08 11:02:25,6275.0,6320.75,Call GEX 1,GEX,164523.713,,6525.0
2025-07-08 11:02:25,6285.0,6330.75,Call DEX 4,DEX,3.14,,6525.0
2025-07-08 11:02:25,6285.0,6330.75,Call GEX 2,GEX,21939.1,,6525.0
2025-07-08 11:02:25,6300.0,6346.0,Call GEX 3,GEX,19435.844,,6525.0
2025-07-08 11:02:25,6350.0,6396.25,Call DEX 3,DEX,3.157,,6525.0
2025-07-08 11:02:25,6400.0,6446.75,Call DEX 5,DEX,2.978,,6525.0
2025-07-08 11:04:06,2400.0,2417.75,Call CEX 1,CEX,0.0,,6525.0
2025-07-08 11:04:06,2400.0,2417.75,Put CEX 1,CEX,0.0,,6525.0
2025-07-08 11:04:06,2400.0,2417.75,Call VEX 1,VEX,0.0,,6525.0
2025-07-08 11:04:06,2400.0,2417.75,Put VEX 1,VEX,0.0,,6525.0
2025-07-08 11:04:06,2600.0,2619.25,Call CEX 2,CEX,0.0,,6525.0
2025-07-08 11:04:06,2600.0,2619.25,Put CEX 2,CEX,0.0,,6525.0
2025-07-08 11:04:06,2600.0,2619.25,Call VEX 2,VEX,0.0,,6525.0
2025-07-08 11:04:06,2600.0,2619.25,Put VEX 2,VEX,0.0,,6525.0
2025-07-08 11:04:06,2800.0,2820.75,Call CEX 3,CEX,0.0,,6525.0
2025-07-08 11:04:06,2800.0,2820.75,Put CEX 3,CEX,0.0,,6525.0
2025-07-08 11:04:06,2800.0,2820.75,Call VEX 3,VEX,0.0,,6525.0
2025-07-08 11:04:06,2800.0,2820.75,Put VEX 3,VEX,0.0,,6525.0
2025-07-08 11:04:06,3000.0,3022.25,Call CEX 4,CEX,0.0,,6525.0
2025-07-08 11:04:06,3000.0,3022.25,Put CEX 4,CEX,0.0,,6525.0
2025-07-08 11:04:06,3000.0,3022.25,Call VEX 4,VEX,0.0,,6525.0
2025-07-08 11:04:06,3000.0,3022.25,Put VEX 4,VEX,0.0,,6525.0
2025-07-08 11:04:06,3200.0,3223.75,Call CEX 5,CEX,0.0,,6525.0
2025-07-08 11:04:06,3200.0,3223.75,Put CEX 5,CEX,0.0,,6525.0
2025-07-08 11:04:06,3200.0,3223.75,Call VEX 5,VEX,0.0,,6525.0
2025-07-08 11:04:06,3200.0,3223.75,Put VEX 5,VEX,0.0,,6525.0
2025-07-08 11:04:06,6000.0,6044.5,Put DEX 4,DEX,-4.644,,6525.0
2025-07-08 11:04:06,6035.0,6079.75,Put DEX 3,DEX,-6.428,,6525.0
2025-07-08 11:04:06,6035.0,6079.75,Put GEX 3,GEX,-12253.019,,6525.0
2025-07-08 11:04:06,6050.0,6094.75,Put DEX 2,DEX,-7.082,,6525.0
2025-07-08 11:04:06,6050.0,6094.75,Put GEX 2,GEX,-14607.477,,6525.0
2025-07-08 11:04:06,6075.0,6120.0,Put DEX 5,DEX,-3.578,,6525.0
2025-07-08 11:04:06,6075.0,6120.0,Put GEX 5,GEX,-8549.483,,6525.0
2025-07-08 11:04:06,6100.0,6145.25,Put DEX 1,DEX,-8.898,,6525.0
2025-07-08 11:04:06,6100.0,6145.25,Put GEX 1,GEX,-25147.449,,6525.0
2025-07-08 11:04:06,6175.0,6220.75,Call DEX 5,DEX,2.892,,6525.0
2025-07-08 11:04:06,6200.0,6246.0,Put GEX 4,GEX,-9406.801,,6525.0
2025-07-08 11:04:06,6225.0,6271.25,Call GEX 5,GEX,18550.887,,6525.0
2025-07-08 11:04:06,6250.0,6296.25,Call GEX 3,GEX,19862.072,,6525.0
2025-07-08 11:04:06,6275.0,6321.5,Call DEX 1,DEX,21.272,,6525.0
2025-07-08 11:04:06,6275.0,6321.5,Call GEX 1,GEX,165403.853,,6525.0
2025-07-08 11:04:06,6285.0,6331.5,Call DEX 3,DEX,3.135,,6525.0
2025-07-08 11:04:06,6285.0,6331.5,Call GEX 2,GEX,22026.683,,6525.0
2025-07-08 11:04:06,6300.0,6346.75,Call GEX 4,GEX,19774.266,,6525.0
2025-07-08 11:04:06,6350.0,6397.0,Call DEX 2,DEX,3.157,,6525.0
2025-07-08 11:04:06,6400.0,6447.5,Call DEX 4,DEX,2.978,,6525.0
2025-07-08 11:05:45,2400.0,2417.5,Call CEX 1,CEX,0.0,,6525.0
2025-07-08 11:05:45,2400.0,2417.5,Put CEX 1,CEX,0.0,,6525.0
2025-07-08 11:05:45,2400.0,2417.5,Call VEX 1,VEX,0.0,,6525.0
2025-07-08 11:05:45,2400.0,2417.5,Put VEX 1,VEX,0.0,,6525.0
2025-07-08 11:05:45,2600.0,2619.0,Call CEX 2,CEX,0.0,,6525.0
2025-07-08 11:05:45,2600.0,2619.0,Put CEX 2,CEX,0.0,,6525.0
2025-07-08 11:05:45,2600.0,2619.0,Call VEX 2,VEX,0.0,,6525.0
2025-07-08 11:05:45,2600.0,2619.0,Put VEX 2,VEX,0.0,,6525.0
2025-07-08 11:05:45,2800.0,2820.5,Call CEX 3,CEX,0.0,,6525.0
2025-07-08 11:05:45,2800.0,2820.5,Put CEX 3,CEX,0.0,,6525.0
2025-07-08 11:05:45,2800.0,2820.5,Call VEX 3,VEX,0.0,,6525.0
2025-07-08 11:05:45,2800.0,2820.5,Put VEX 3,VEX,0.0,,6525.0
2025-07-08 11:05:45,3000.0,3022.0,Call CEX 4,CEX,0.0,,6525.0
2025-07-08 11:05:45,3000.0,3022.0,Put CEX 4,CEX,0.0,,6525.0
2025-07-08 11:05:45,3000.0,3022.0,Call VEX 4,VEX,0.0,,6525.0
2025-07-08 11:05:45,3000.0,3022.0,Put VEX 4,VEX,0.0,,6525.0
2025-07-08 11:05:45,3200.0,3223.5,Call CEX 5,CEX,0.0,,6525.0
2025-07-08 11:05:45,3200.0,3223.5,Put CEX 5,CEX,0.0,,6525.0
2025-07-08 11:05:45,3200.0,3223.5,Call VEX 5,VEX,0.0,,6525.0
2025-07-08 11:05:45,3200.0,3223.5,Put VEX 5,VEX,0.0,,6525.0
2025-07-08 11:05:45,6000.0,6044.0,Put DEX 4,DEX,-4.644,,6525.0
2025-07-08 11:05:45,6035.0,6079.25,Put DEX 2,DEX,-6.369,,6525.0
2025-07-08 11:05:45,6035.0,6079.25,Put GEX 4,GEX,-12226.393,,6525.0
2025-07-08 11:05:45,6050.0,6094.25,Put DEX 1,DEX,-6.898,,6525.0
2025-07-08 11:05:45,6050.0,6094.25,Put GEX 2,GEX,-14458.118,,6525.0
2025-07-08 11:05:45,6075.0,6119.5,Put DEX 5,DEX,-3.035,,6525.0
2025-07-08 11:05:45,6100.0,6144.75,Put DEX 3,DEX,-5.803,,6525.0
2025-07-08 11:05:45,6100.0,6144.75,Put GEX 1,GEX,-20704.691,,6525.0
2025-07-08 11:05:45,6125.0,6170.0,Call DEX 2,DEX,5.122,,6525.0
2025-07-08 11:05:45,6150.0,6195.0,Put GEX 5,GEX,-8685.09,,6525.0
2025-07-08 11:05:45,6200.0,6245.5,Put GEX 3,GEX,-12887.043,,6525.0
2025-07-08 11:05:45,6225.0,6270.75,Call GEX 5,GEX,16412.292,,6525.0
2025-07-08 11:05:45,6250.0,6295.75,Call GEX 4,GEX,18106.104,,6525.0
2025-07-08 11:05:45,6275.0,6321.0,Call DEX 1,DEX,21.306,,6525.0
2025-07-08 11:05:45,6275.0,6321.0,Call GEX 1,GEX,162503.996,,6525.0
2025-07-08 11:05:45,6285.0,6331.0,Call DEX 4,DEX,3.139,,6525.0
2025-07-08 11:05:45,6285.0,6331.0,Call GEX 2,GEX,21693.796,,6525.0
2025-07-08 11:05:45,6300.0,6346.25,Call GEX 3,GEX,18858.269,,6525.0
2025-07-08 11:05:45,6350.0,6396.5,Call DEX 3,DEX,3.156,,6525.0
2025-07-08 11:05:45,6400.0,6447.0,Call DEX 5,DEX,2.978,,6525.0
2025-07-08 11:07:25,2400.0,2418.0,Call CEX 1,CEX,0.0,,6525.0
2025-07-08 11:07:25,2400.0,2418.0,Put CEX 1,CEX,0.0,,6525.0
2025-07-08 11:07:25,2400.0,2418.0,Call VEX 1,VEX,0.0,,6525.0
2025-07-08 11:07:25,2400.0,2418.0,Put VEX 1,VEX,0.0,,6525.0
2025-07-08 11:07:25,2600.0,2619.5,Call CEX 2,CEX,0.0,,6525.0
2025-07-08 11:07:25,2600.0,2619.5,Put CEX 2,CEX,0.0,,6525.0
2025-07-08 11:07:25,2600.0,2619.5,Call VEX 2,VEX,0.0,,6525.0
2025-07-08 11:07:25,2600.0,2619.5,Put VEX 2,VEX,0.0,,6525.0
2025-07-08 11:07:25,2800.0,2820.75,Call CEX 3,CEX,0.0,,6525.0
2025-07-08 11:07:25,2800.0,2820.75,Put CEX 3,CEX,0.0,,6525.0
2025-07-08 11:07:25,2800.0,2820.75,Call VEX 3,VEX,0.0,,6525.0
2025-07-08 11:07:25,2800.0,2820.75,Put VEX 3,VEX,0.0,,6525.0
2025-07-08 11:07:25,3000.0,3022.25,Call CEX 4,CEX,0.0,,6525.0
2025-07-08 11:07:25,3000.0,3022.25,Put CEX 4,CEX,0.0,,6525.0
2025-07-08 11:07:25,3000.0,3022.25,Call VEX 4,VEX,0.0,,6525.0
2025-07-08 11:07:25,3000.0,3022.25,Put VEX 4,VEX,0.0,,6525.0
2025-07-08 11:07:25,3200.0,3223.75,Call CEX 5,CEX,0.0,,6525.0
2025-07-08 11:07:25,3200.0,3223.75,Put CEX 5,CEX,0.0,,6525.0
2025-07-08 11:07:25,3200.0,3223.75,Call VEX 5,VEX,0.0,,6525.0
2025-07-08 11:07:25,3200.0,3223.75,Put VEX 5,VEX,0.0,,6525.0
2025-07-08 11:07:25,6025.0,6070.0,Put DEX 5,DEX,-2.23,,6525.0
2025-07-08 11:07:25,6035.0,6080.0,Put DEX 2,DEX,-6.369,,6525.0
2025-07-08 11:07:25,6035.0,6080.0,Put GEX 4,GEX,-12225.813,,6525.0
2025-07-08 11:07:25,6050.0,6095.0,Put DEX 1,DEX,-6.898,,6525.0
2025-07-08 11:07:25,6050.0,6095.0,Put GEX 2,GEX,-14458.211,,6525.0
2025-07-08 11:07:25,6075.0,6120.25,Put DEX 4,DEX,-3.037,,6525.0
2025-07-08 11:07:25,6100.0,6145.5,Put DEX 3,DEX,-5.817,,6525.0
2025-07-08 11:07:25,6100.0,6145.5,Put GEX 1,GEX,-20772.027,,6525.0
2025-07-08 11:07:25,6125.0,6170.75,Call DEX 2,DEX,5.094,,6525.0
2025-07-08 11:07:25,6150.0,6195.75,Put GEX 5,GEX,-8665.475,,6525.0
2025-07-08 11:07:25,6200.0,6246.25,Put GEX 3,GEX,-13413.925,,6525.0
2025-07-08 11:07:25,6225.0,6271.5,Call GEX 5,GEX,16129.039,,6525.0
2025-07-08 11:07:25,6250.0,6296.5,Call GEX 4,GEX,17947.231,,6525.0
2025-07-08 11:07:25,6275.0,6321.75,Call DEX 1,DEX,21.317,,6525.0
2025-07-08 11:07:25,6275.0,6321.75,Call GEX 1,GEX,162358.415,,6525.0
2025-07-08 11:07:25,6285.0,6331.75,Call DEX 4,DEX,3.138,,6525.0
2025-07-08 11:07:25,6285.0,6331.75,Call GEX 2,GEX,21695.528,,6525.0
2025-07-08 11:07:25,6300.0,6347.0,Call GEX 3,GEX,18734.802,,6525.0
2025-07-08 11:07:25,6350.0,6397.25,Call DEX 3,DEX,3.155,,6525.0
2025-07-08 11:07:25,6400.0,6447.75,Call DEX 5,DEX,2.978,,6525.0
2025-07-08 11:09:06,2400.0,2417.75,Call CEX 1,CEX,0.0,,6525.0
2025-07-08 11:09:06,2400.0,2417.75,Put CEX 1,CEX,0.0,,6525.0
2025-07-08 11:09:06,2400.0,2417.75,Call VEX 1,VEX,0.0,,6525.0
2025-07-08 11:09:06,2400.0,2417.75,Put VEX 1,VEX,0.0,,6525.0
2025-07-08 11:09:06,2600.0,2619.25,Call CEX 2,CEX,0.0,,6525.0
2025-07-08 11:09:06,2600.0,2619.25,Put CEX 2,CEX,0.0,,6525.0
2025-07-08 11:09:06,2600.0,2619.25,Call VEX 2,VEX,0.0,,6525.0
2025-07-08 11:09:06,2600.0,2619.25,Put VEX 2,VEX,0.0,,6525.0
2025-07-08 11:09:06,2800.0,2820.75,Call CEX 3,CEX,0.0,,6525.0
2025-07-08 11:09:06,2800.0,2820.75,Put CEX 3,CEX,0.0,,6525.0
2025-07-08 11:09:06,2800.0,2820.75,Call VEX 3,VEX,0.0,,6525.0
2025-07-08 11:09:06,2800.0,2820.75,Put VEX 3,VEX,0.0,,6525.0
2025-07-08 11:09:06,3000.0,3022.25,Call CEX 4,CEX,0.0,,6525.0
2025-07-08 11:09:06,3000.0,3022.25,Put CEX 4,CEX,0.0,,6525.0
2025-07-08 11:09:06,3000.0,3022.25,Call VEX 4,VEX,0.0,,6525.0
2025-07-08 11:09:06,3000.0,3022.25,Put VEX 4,VEX,0.0,,6525.0
2025-07-08 11:09:06,3200.0,3223.5,Call CEX 5,CEX,0.0,,6525.0
2025-07-08 11:09:06,3200.0,3223.5,Put CEX 5,CEX,0.0,,6525.0
2025-07-08 11:09:06,3200.0,3223.5,Call VEX 5,VEX,0.0,,6525.0
2025-07-08 11:09:06,3200.0,3223.5,Put VEX 5,VEX,0.0,,6525.0
2025-07-08 11:09:06,6025.0,6069.5,Put DEX 5,DEX,-2.231,,6525.0
2025-07-08 11:09:06,6035.0,6079.5,Put DEX 2,DEX,-6.37,,6525.0
2025-07-08 11:09:06,6035.0,6079.5,Put GEX 4,GEX,-12196.423,,6525.0
2025-07-08 11:09:06,6050.0,6094.75,Put DEX 1,DEX,-6.898,,6525.0
2025-07-08 11:09:06,6050.0,6094.75,Put GEX 2,GEX,-14419.571,,6525.0
2025-07-08 11:09:06,6075.0,6119.75,Put DEX 4,DEX,-3.035,,6525.0
2025-07-08 11:09:06,6100.0,6145.0,Put DEX 3,DEX,-5.805,,6525.0
2025-07-08 11:09:06,6100.0,6145.0,Put GEX 1,GEX,-20656.15,,6525.0
2025-07-08 11:09:06,6125.0,6170.25,Call DEX 2,DEX,5.119,,6525.0
2025-07-08 11:09:06,6150.0,6195.5,Put GEX 5,GEX,-8575.426,,6525.0
2025-07-08 11:09:06,6200.0,6245.75,Put GEX 3,GEX,-12375.643,,6525.0
2025-07-08 11:09:06,6225.0,6271.0,Call GEX 5,GEX,16634.721,,6525.0
2025-07-08 11:09:06,6250.0,6296.25,Call GEX 4,GEX,18422.72,,6525.0
2025-07-08 11:09:06,6275.0,6321.25,Call DEX 1,DEX,21.338,,6525.0
2025-07-08 11:09:06,6275.0,6321.25,Call GEX 1,GEX,164111.43,,6525.0
2025-07-08 11:09:06,6285.0,6331.5,Call DEX 4,DEX,3.14,,6525.0
2025-07-08 11:09:06,6285.0,6331.5,Call GEX 2,GEX,21903.917,,6525.0
2025-07-08 11:09:06,6300.0,6346.5,Call GEX 3,GEX,19095.039,,6525.0
2025-07-08 11:09:06,6350.0,6397.0,Call DEX 3,DEX,3.156,,6525.0
2025-07-08 11:09:06,6400.0,6447.25,Call DEX 5,DEX,2.978,,6525.0
2025-07-08 11:10:46,2400.0,2417.75,Call CEX 1,CEX,0.0,,6525.0
2025-07-08 11:10:46,2400.0,2417.75,Put CEX 1,CEX,0.0,,6525.0
2025-07-08 11:10:46,2400.0,2417.75,Call VEX 1,VEX,0.0,,6525.0
2025-07-08 11:10:46,2400.0,2417.75,Put VEX 1,VEX,0.0,,6525.0
2025-07-08 11:10:46,2600.0,2619.0,Call CEX 2,CEX,0.0,,6525.0
2025-07-08 11:10:46,2600.0,2619.0,Put CEX 2,CEX,0.0,,6525.0
2025-07-08 11:10:46,2600.0,2619.0,Call VEX 2,VEX,0.0,,6525.0
2025-07-08 11:10:46,2600.0,2619.0,Put VEX 2,VEX,0.0,,6525.0
2025-07-08 11:10:46,2800.0,2820.5,Call CEX 3,CEX,0.0,,6525.0
2025-07-08 11:10:46,2800.0,2820.5,Put CEX 3,CEX,0.0,,6525.0
2025-07-08 11:10:46,2800.0,2820.5,Call VEX 3,VEX,0.0,,6525.0
2025-07-08 11:10:46,2800.0,2820.5,Put VEX 3,VEX,0.0,,6525.0
2025-07-08 11:10:46,3000.0,3022.0,Call CEX 4,CEX,0.0,,6525.0
2025-07-08 11:10:46,3000.0,3022.0,Put CEX 4,CEX,0.0,,6525.0
2025-07-08 11:10:46,3000.0,3022.0,Call VEX 4,VEX,0.0,,6525.0
2025-07-08 11:10:46,3000.0,3022.0,Put VEX 4,VEX,0.0,,6525.0
2025-07-08 11:10:46,3200.0,3223.5,Call CEX 5,CEX,0.0,,6525.0
2025-07-08 11:10:46,3200.0,3223.5,Put CEX 5,CEX,0.0,,6525.0
2025-07-08 11:10:46,3200.0,3223.5,Call VEX 5,VEX,0.0,,6525.0
2025-07-08 11:10:46,3200.0,3223.5,Put VEX 5,VEX,0.0,,6525.0
2025-07-08 11:10:46,6025.0,6069.25,Put DEX 5,DEX,-2.23,,6525.0
2025-07-08 11:10:46,6035.0,6079.25,Put DEX 2,DEX,-6.368,,6525.0
2025-07-08 11:10:46,6035.0,6079.25,Put GEX 4,GEX,-12233.884,,6525.0
2025-07-08 11:10:46,6050.0,6094.5,Put DEX 1,DEX,-6.899,,6525.0
2025-07-08 11:10:46,6050.0,6094.5,Put GEX 3,GEX,-14465.24,,6525.0
2025-07-08 11:10:46,6075.0,6119.75,Put DEX 4,DEX,-3.039,,6525.0
2025-07-08 11:10:46,6100.0,6144.75,Put DEX 3,DEX,-5.83,,6525.0
2025-07-08 11:10:46,6100.0,6144.75,Put GEX 1,GEX,-20834.295,,6525.0
2025-07-08 11:10:46,6125.0,6170.0,Call DEX 3,DEX,5.06,,6525.0
2025-07-08 11:10:46,6150.0,6195.25,Put GEX 5,GEX,-8770.474,,6525.0
2025-07-08 11:10:46,6200.0,6245.5,Put GEX 2,GEX,-14905.918,,6525.0
2025-07-08 11:10:46,6225.0,6270.75,Call GEX 5,GEX,15143.499,,6525.0
2025-07-08 11:10:46,6250.0,6296.0,Call GEX 4,GEX,17046.026,,6525.0
2025-07-08 11:10:46,6275.0,6321.0,Call DEX 1,DEX,21.346,,6525.0
2025-07-08 11:10:46,6275.0,6321.0,Call GEX 1,GEX,161454.424,,6525.0
2025-07-08 11:10:46,6285.0,6331.25,Call DEX 5,DEX,3.138,,6525.0
2025-07-08 11:10:46,6285.0,6331.25,Call GEX 3,GEX,21624.824,,6525.0
2025-07-08 11:10:46,6300.0,6346.25,Call DEX 2,DEX,5.841,,6525.0
2025-07-08 11:10:46,6300.0,6346.25,Call GEX 2,GEX,32779.495,,6525.0
2025-07-08 11:10:46,6350.0,6396.75,Call DEX 4,DEX,3.249,,6525.0
2025-07-08 11:12:27,2400.0,2417.75,Call CEX 1,CEX,0.0,,6525.0
2025-07-08 11:12:27,2400.0,2417.75,Put CEX 1,CEX,0.0,,6525.0
2025-07-08 11:12:27,2400.0,2417.75,Call VEX 1,VEX,0.0,,6525.0
2025-07-08 11:12:27,2400.0,2417.75,Put VEX 1,VEX,0.0,,6525.0
2025-07-08 11:12:27,2600.0,2619.25,Call CEX 2,CEX,0.0,,6525.0
2025-07-08 11:12:27,2600.0,2619.25,Put CEX 2,CEX,0.0,,6525.0
2025-07-08 11:12:27,2600.0,2619.25,Call VEX 2,VEX,0.0,,6525.0
2025-07-08 11:12:27,2600.0,2619.25,Put VEX 2,VEX,0.0,,6525.0
2025-07-08 11:12:27,2800.0,2820.5,Call CEX 3,CEX,0.0,,6525.0
2025-07-08 11:12:27,2800.0,2820.5,Put CEX 3,CEX,0.0,,6525.0
2025-07-08 11:12:27,2800.0,2820.5,Call VEX 3,VEX,0.0,,6525.0
2025-07-08 11:12:27,2800.0,2820.5,Put VEX 3,VEX,0.0,,6525.0
2025-07-08 11:12:27,3000.0,3022.0,Call CEX 4,CEX,0.0,,6525.0
2025-07-08 11:12:27,3000.0,3022.0,Put CEX 4,CEX,0.0,,6525.0
2025-07-08 11:12:27,3000.0,3022.0,Call VEX 4,VEX,0.0,,6525.0
2025-07-08 11:12:27,3000.0,3022.0,Put VEX 4,VEX,0.0,,6525.0
2025-07-08 11:12:27,3200.0,3223.5,Call CEX 5,CEX,0.0,,6525.0
2025-07-08 11:12:27,3200.0,3223.5,Put CEX 5,CEX,0.0,,6525.0
2025-07-08 11:12:27,3200.0,3223.5,Call VEX 5,VEX,0.0,,6525.0
2025-07-08 11:12:27,3200.0,3223.5,Put VEX 5,VEX,0.0,,6525.0
2025-07-08 11:12:27,6025.0,6069.5,Put DEX 5,DEX,-2.231,,6525.0
2025-07-08 11:12:27,6035.0,6079.5,Put DEX 2,DEX,-6.369,,6525.0
2025-07-08 11:12:27,6035.0,6079.5,Put GEX 4,GEX,-12161.965,,6525.0
2025-07-08 11:12:27,6050.0,6094.5,Put DEX 1,DEX,-6.898,,6525.0
2025-07-08 11:12:27,6050.0,6094.5,Put GEX 2,GEX,-14372.454,,6525.0
2025-07-08 11:12:27,6075.0,6119.75,Put DEX 4,DEX,-3.039,,6525.0
2025-07-08 11:12:27,6100.0,6145.0,Put DEX 3,DEX,-5.82,,6525.0
2025-07-08 11:12:27,6100.0,6145.0,Put GEX 1,GEX,-20616.37,,6525.0
2025-07-08 11:12:27,6125.0,6170.0,Call DEX 2,DEX,5.081,,6525.0
2025-07-08 11:12:27,6150.0,6195.25,Put GEX 5,GEX,-8601.789,,6525.0
2025-07-08 11:12:27,6200.0,6245.75,Put GEX 3,GEX,-13656.28,,6525.0
2025-07-08 11:12:27,6225.0,6270.75,Call GEX 5,GEX,15792.13,,6525.0
2025-07-08 11:12:27,6250.0,6296.0,Call GEX 4,GEX,17839.423,,6525.0
2025-07-08 11:12:27,6275.0,6321.25,Call DEX 1,DEX,21.429,,6525.0
2025-07-08 11:12:27,6275.0,6321.25,Call GEX 1,GEX,165160.142,,6525.0
2025-07-08 11:12:27,6285.0,6331.25,Call DEX 4,DEX,3.147,,6525.0
2025-07-08 11:12:27,6285.0,6331.25,Call GEX 2,GEX,22083.561,,6525.0
2025-07-08 11:12:27,6300.0,6346.5,Call GEX 3,GEX,18934.037,,6525.0
2025-07-08 11:12:27,6350.0,6396.75,Call DEX 3,DEX,3.25,,6525.0
2025-07-08 11:12:27,6400.0,6447.25,Call DEX 5,DEX,2.979,,6525.0
2025-07-08 11:14:08,2400.0,2417.75,Call CEX 1,CEX,0.0,,6525.0
2025-07-08 11:14:08,2400.0,2417.75,Put CEX 1,CEX,0.0,,6525.0
2025-07-08 11:14:08,2400.0,2417.75,Call VEX 1,VEX,0.0,,6525.0
2025-07-08 11:14:08,2400.0,2417.75,Put VEX 1,VEX,0.0,,6525.0
2025-07-08 11:14:08,2600.0,2619.25,Call CEX 2,CEX,0.0,,6525.0
2025-07-08 11:14:08,2600.0,2619.25,Put CEX 2,CEX,0.0,,6525.0
2025-07-08 11:14:08,2600.0,2619.25,Call VEX 2,VEX,0.0,,6525.0
2025-07-08 11:14:08,2600.0,2619.25,Put VEX 2,VEX,0.0,,6525.0
2025-07-08 11:14:08,2800.0,2820.5,Call CEX 3,CEX,0.0,,6525.0
2025-07-08 11:14:08,2800.0,2820.5,Put CEX 3,CEX,0.0,,6525.0
2025-07-08 11:14:08,2800.0,2820.5,Call VEX 3,VEX,0.0,,6525.0
2025-07-08 11:14:08,2800.0,2820.5,Put VEX 3,VEX,0.0,,6525.0
2025-07-08 11:14:08,3000.0,3022.0,Call CEX 4,CEX,0.0,,6525.0
2025-07-08 11:14:08,3000.0,3022.0,Put CEX 4,CEX,0.0,,6525.0
2025-07-08 11:14:08,3000.0,3022.0,Call VEX 4,VEX,0.0,,6525.0
2025-07-08 11:14:08,3000.0,3022.0,Put VEX 4,VEX,0.0,,6525.0
2025-07-08 11:14:08,3200.0,3223.5,Call CEX 5,CEX,0.0,,6525.0
2025-07-08 11:14:08,3200.0,3223.5,Put CEX 5,CEX,0.0,,6525.0
2025-07-08 11:14:08,3200.0,3223.5,Call VEX 5,VEX,0.0,,6525.0
2025-07-08 11:14:08,3200.0,3223.5,Put VEX 5,VEX,0.0,,6525.0
2025-07-08 11:14:08,6025.0,6069.25,Put DEX 5,DEX,-2.231,,6525.0
2025-07-08 11:14:08,6035.0,6079.5,Put DEX 2,DEX,-6.369,,6525.0
2025-07-08 11:14:08,6035.0,6079.5,Put GEX 4,GEX,-12124.784,,6525.0
2025-07-08 11:14:08,6050.0,6094.5,Put DEX 1,DEX,-6.899,,6525.0
2025-07-08 11:14:08,6050.0,6094.5,Put GEX 2,GEX,-14324.364,,6525.0
2025-07-08 11:14:08,6075.0,6119.75,Put DEX 4,DEX,-3.037,,6525.0
2025-07-08 11:14:08,6100.0,6145.0,Put DEX 3,DEX,-5.811,,6525.0
2025-07-08 11:14:08,6100.0,6145.0,Put GEX 1,GEX,-20509.972,,6525.0
2025-07-08 11:14:08,6125.0,6170.0,Call DEX 2,DEX,5.104,,6525.0
2025-07-08 11:14:08,6150.0,6195.25,Put GEX 5,GEX,-8521.288,,6525.0
2025-07-08 11:14:08,6200.0,6245.75,Put GEX 3,GEX,-12957.748,,6525.0
2025-07-08 11:14:08,6225.0,6270.75,Call GEX 5,GEX,16374.678,,6525.0
2025-07-08 11:14:08,6250.0,6296.0,Call GEX 4,GEX,18444.476,,6525.0
2025-07-08 11:14:08,6275.0,6321.25,Call DEX 1,DEX,21.429,,6525.0
2025-07-08 11:14:08,6275.0,6321.25,Call GEX 1,GEX,167862.813,,6525.0
2025-07-08 11:14:08,6285.0,6331.25,Call DEX 4,DEX,3.145,,6525.0
2025-07-08 11:14:08,6285.0,6331.25,Call GEX 2,GEX,22398.931,,6525.0
2025-07-08 11:14:08,6300.0,6346.5,Call GEX 3,GEX,19321.279,,6525.0
2025-07-08 11:14:08,6350.0,6396.75,Call DEX 3,DEX,3.156,,6525.0
2025-07-08 11:14:08,6400.0,6447.0,Call DEX 5,DEX,2.979,,6525.0
2025-07-08 11:15:48,2400.0,2417.75,Call CEX 1,CEX,0.0,,6800.0
2025-07-08 11:15:48,2400.0,2417.75,Put CEX 1,CEX,0.0,,6800.0
2025-07-08 11:15:48,2400.0,2417.75,Call VEX 1,VEX,0.0,,6800.0
2025-07-08 11:15:48,2400.0,2417.75,Put VEX 1,VEX,0.0,,6800.0
2025-07-08 11:15:48,2600.0,2619.0,Call CEX 2,CEX,0.0,,6800.0
2025-07-08 11:15:48,2600.0,2619.0,Put CEX 2,CEX,0.0,,6800.0
2025-07-08 11:15:48,2600.0,2619.0,Call VEX 2,VEX,0.0,,6800.0
2025-07-08 11:15:48,2600.0,2619.0,Put VEX 2,VEX,0.0,,6800.0
2025-07-08 11:15:48,2800.0,2820.5,Call CEX 3,CEX,0.0,,6800.0
2025-07-08 11:15:48,2800.0,2820.5,Put CEX 3,CEX,0.0,,6800.0
2025-07-08 11:15:48,2800.0,2820.5,Call VEX 3,VEX,0.0,,6800.0
2025-07-08 11:15:48,2800.0,2820.5,Put VEX 3,VEX,0.0,,6800.0
2025-07-08 11:15:48,3000.0,3022.0,Call CEX 4,CEX,0.0,,6800.0
2025-07-08 11:15:48,3000.0,3022.0,Put CEX 4,CEX,0.0,,6800.0
2025-07-08 11:15:48,3000.0,3022.0,Call VEX 4,VEX,0.0,,6800.0
2025-07-08 11:15:48,3000.0,3022.0,Put VEX 4,VEX,0.0,,6800.0
2025-07-08 11:15:48,3200.0,3223.5,Call CEX 5,CEX,0.0,,6800.0
2025-07-08 11:15:48,3200.0,3223.5,Put CEX 5,CEX,0.0,,6800.0
2025-07-08 11:15:48,3200.0,3223.5,Call VEX 5,VEX,0.0,,6800.0
2025-07-08 11:15:48,3200.0,3223.5,Put VEX 5,VEX,0.0,,6800.0
2025-07-08 11:15:48,6025.0,6069.25,Put DEX 5,DEX,-2.23,,6800.0
2025-07-08 11:15:48,6035.0,6079.25,Put DEX 2,DEX,-6.369,,6800.0
2025-07-08 11:15:48,6035.0,6079.25,Put GEX 3,GEX,-12093.917,,6800.0
2025-07-08 11:15:48,6050.0,6094.5,Put DEX 1,DEX,-6.898,,6800.0
2025-07-08 11:15:48,6050.0,6094.5,Put GEX 2,GEX,-14283.489,,6800.0
2025-07-08 11:15:48,6075.0,6119.75,Put DEX 4,DEX,-3.035,,6800.0
2025-07-08 11:15:48,6100.0,6144.75,Put DEX 3,DEX,-5.791,,6800.0
2025-07-08 11:15:48,6100.0,6144.75,Put GEX 1,GEX,-20358.622,,6800.0
2025-07-08 11:15:48,6125.0,6170.0,Call DEX 2,DEX,5.145,,6800.0
2025-07-08 11:15:48,6150.0,6195.25,Put GEX 5,GEX,-8299.587,,6800.0
2025-07-08 11:15:48,6200.0,6245.5,Put GEX 4,GEX,-9852.022,,6800.0
2025-07-08 11:15:48,6225.0,6270.75,Call GEX 5,GEX,18667.746,,6800.0
2025-07-08 11:15:48,6250.0,6296.0,Call GEX 3,GEX,20470.333,,6800.0
2025-07-08 11:15:48,6275.0,6321.0,Call DEX 1,DEX,21.358,,6800.0
2025-07-08 11:15:48,6275.0,6321.0,Call GEX 1,GEX,171644.051,,6800.0
2025-07-08 11:15:48,6285.0,6331.25,Call DEX 4,DEX,3.139,,6800.0
2025-07-08 11:15:48,6285.0,6331.25,Call GEX 2,GEX,22782.072,,6800.0
2025-07-08 11:15:48,6300.0,6346.25,Call GEX 4,GEX,20245.934,,6800.0
2025-07-08 11:15:48,6350.0,6396.75,Call DEX 3,DEX,3.157,,6800.0
2025-07-08 11:15:48,6400.0,6447.0,Call DEX 5,DEX,2.979,,6800.0
2025-07-08 11:17:28,2400.0,2417.5,Call CEX 1,CEX,0.0,,6525.0
2025-07-08 11:17:28,2400.0,2417.5,Put CEX 1,CEX,0.0,,6525.0
2025-07-08 11:17:28,2400.0,2417.5,Call VEX 1,VEX,0.0,,6525.0
2025-07-08 11:17:28,2400.0,2417.5,Put VEX 1,VEX,0.0,,6525.0
2025-07-08 11:17:28,2600.0,2619.0,Call CEX 2,CEX,0.0,,6525.0
2025-07-08 11:17:28,2600.0,2619.0,Put CEX 2,CEX,0.0,,6525.0
2025-07-08 11:17:28,2600.0,2619.0,Call VEX 2,VEX,0.0,,6525.0
2025-07-08 11:17:28,2600.0,2619.0,Put VEX 2,VEX,0.0,,6525.0
2025-07-08 11:17:28,2800.0,2820.5,Call CEX 3,CEX,0.0,,6525.0
2025-07-08 11:17:28,2800.0,2820.5,Put CEX 3,CEX,0.0,,6525.0
2025-07-08 11:17:28,2800.0,2820.5,Call VEX 3,VEX,0.0,,6525.0
2025-07-08 11:17:28,2800.0,2820.5,Put VEX 3,VEX,0.0,,6525.0
2025-07-08 11:17:28,3000.0,3021.75,Call CEX 4,CEX,0.0,,6525.0
2025-07-08 11:17:28,3000.0,3021.75,Put CEX 4,CEX,0.0,,6525.0
2025-07-08 11:17:28,3000.0,3021.75,Call VEX 4,VEX,0.0,,6525.0
2025-07-08 11:17:28,3000.0,3021.75,Put VEX 4,VEX,0.0,,6525.0
2025-07-08 11:17:28,3200.0,3223.25,Call CEX 5,CEX,0.0,,6525.0
2025-07-08 11:17:28,3200.0,3223.25,Put CEX 5,CEX,0.0,,6525.0
2025-07-08 11:17:28,3200.0,3223.25,Call VEX 5,VEX,0.0,,6525.0
2025-07-08 11:17:28,3200.0,3223.25,Put VEX 5,VEX,0.0,,6525.0
2025-07-08 11:17:28,6025.0,6068.75,Put DEX 5,DEX,-2.23,,6525.0
2025-07-08 11:17:28,6035.0,6079.0,Put DEX 2,DEX,-6.369,,6525.0
2025-07-08 11:17:28,6035.0,6079.0,Put GEX 3,GEX,-12146.913,,6525.0
2025-07-08 11:17:28,6050.0,6094.0,Put DEX 1,DEX,-6.898,,6525.0
2025-07-08 11:17:28,6050.0,6094.0,Put GEX 2,GEX,-14351.825,,6525.0
2025-07-08 11:17:28,6075.0,6119.25,Put DEX 4,DEX,-3.036,,6525.0
2025-07-08 11:17:28,6100.0,6144.5,Put DEX 3,DEX,-5.8,,6525.0
2025-07-08 11:17:28,6100.0,6144.5,Put GEX 1,GEX,-20522.844,,6525.0
2025-07-08 11:17:28,6125.0,6169.5,Call DEX 2,DEX,5.131,,6525.0
2025-07-08 11:17:28,6150.0,6194.75,Put GEX 5,GEX,-8496.934,,6525.0
2025-07-08 11:17:28,6200.0,6245.25,Put GEX 4,GEX,-12123.976,,6525.0
2025-07-08 11:17:28,6225.0,6270.25,Call GEX 5,GEX,17154.815,,6525.0
2025-07-08 11:17:28,6250.0,6295.5,Call GEX 4,GEX,19073.104,,6525.0
2025-07-08 11:17:28,6275.0,6320.75,Call DEX 1,DEX,21.319,,6525.0
2025-07-08 11:17:28,6275.0,6320.75,Call GEX 1,GEX,168132.928,,6525.0
2025-07-08 11:17:28,6285.0,6330.75,Call DEX 4,DEX,3.135,,6525.0
2025-07-08 11:17:28,6285.0,6330.75,Call GEX 2,GEX,22368.353,,6525.0
2025-07-08 11:17:28,6300.0,6345.75,Call GEX 3,GEX,19476.755,,6525.0
2025-07-08 11:17:28,6350.0,6396.25,Call DEX 3,DEX,3.156,,6525.0
2025-07-08 11:17:28,6400.0,6446.5,Call DEX 5,DEX,2.979,,6525.0
2025-07-08 11:19:08,2400.0,2417.5,Call CEX 1,CEX,0.0,,6525.0
2025-07-08 11:19:08,2400.0,2417.5,Put CEX 1,CEX,0.0,,6525.0
2025-07-08 11:19:08,2400.0,2417.5,Call VEX 1,VEX,0.0,,6525.0
2025-07-08 11:19:08,2400.0,2417.5,Put VEX 1,VEX,0.0,,6525.0
2025-07-08 11:19:08,2600.0,2619.0,Call CEX 2,CEX,0.0,,6525.0
2025-07-08 11:19:08,2600.0,2619.0,Put CEX 2,CEX,0.0,,6525.0
2025-07-08 11:19:08,2600.0,2619.0,Call VEX 2,VEX,0.0,,6525.0
2025-07-08 11:19:08,2600.0,2619.0,Put VEX 2,VEX,0.0,,6525.0
2025-07-08 11:19:08,2800.0,2820.5,Call CEX 3,CEX,0.0,,6525.0
2025-07-08 11:19:08,2800.0,2820.5,Put CEX 3,CEX,0.0,,6525.0
2025-07-08 11:19:08,2800.0,2820.5,Call VEX 3,VEX,0.0,,6525.0
2025-07-08 11:19:08,2800.0,2820.5,Put VEX 3,VEX,0.0,,6525.0
2025-07-08 11:19:08,3000.0,3022.0,Call CEX 4,CEX,0.0,,6525.0
2025-07-08 11:19:08,3000.0,3022.0,Put CEX 4,CEX,0.0,,6525.0
2025-07-08 11:19:08,3000.0,3022.0,Call VEX 4,VEX,0.0,,6525.0
2025-07-08 11:19:08,3000.0,3022.0,Put VEX 4,VEX,0.0,,6525.0
2025-07-08 11:19:08,3200.0,3223.5,Call CEX 5,CEX,0.0,,6525.0
2025-07-08 11:19:08,3200.0,3223.5,Put CEX 5,CEX,0.0,,6525.0
2025-07-08 11:19:08,3200.0,3223.5,Call VEX 5,VEX,0.0,,6525.0
2025-07-08 11:19:08,3200.0,3223.5,Put VEX 5,VEX,0.0,,6525.0
2025-07-08 11:19:08,6025.0,6069.25,Put DEX 5,DEX,-2.23,,6525.0
2025-07-08 11:19:08,6035.0,6079.25,Put DEX 2,DEX,-6.369,,6525.0
2025-07-08 11:19:08,6035.0,6079.25,Put GEX 4,GEX,-12166.224,,6525.0
2025-07-08 11:19:08,6050.0,6094.5,Put DEX 1,DEX,-6.898,,6525.0
2025-07-08 11:19:08,6050.0,6094.5,Put GEX 2,GEX,-14377.624,,6525.0
2025-07-08 11:19:08,6075.0,6119.5,Put DEX 4,DEX,-3.038,,6525.0
2025-07-08 11:19:08,6100.0,6144.75,Put DEX 3,DEX,-5.814,,6525.0
2025-07-08 11:19:08,6100.0,6144.75,Put GEX 1,GEX,-20621.684,,6525.0
2025-07-08 11:19:08,6125.0,6170.0,Call DEX 2,DEX,5.095,,6525.0
2025-07-08 11:19:08,6150.0,6195.25,Put GEX 5,GEX,-8606.6,,6525.0
2025-07-08 11:19:08,6200.0,6245.5,Put GEX 3,GEX,-13375.505,,6525.0
2025-07-08 11:19:08,6225.0,6270.75,Call GEX 5,GEX,16261.833,,6525.0
2025-07-08 11:19:08,6250.0,6295.75,Call GEX 4,GEX,18303.036,,6525.0
2025-07-08 11:19:08,6275.0,6321.0,Call DEX 1,DEX,21.329,,6525.0
2025-07-08 11:19:08,6275.0,6321.0,Call GEX 1,GEX,166479.235,,6525.0
2025-07-08 11:19:08,6285.0,6331.0,Call DEX 4,DEX,3.135,,6525.0
2025-07-08 11:19:08,6285.0,6331.0,Call GEX 2,GEX,22191.739,,6525.0
2025-07-08 11:19:08,6300.0,6346.25,Call GEX 3,GEX,19024.933,,6525.0
2025-07-08 11:19:08,6350.0,6396.5,Call DEX 3,DEX,3.155,,6525.0
2025-07-08 11:19:08,6400.0,6447.0,Call DEX 5,DEX,2.979,,6525.0
2025-07-08 11:20:47,2400.0,2417.5,Call CEX 1,CEX,0.0,,6525.0
2025-07-08 11:20:47,2400.0,2417.5,Put CEX 1,CEX,0.0,,6525.0
2025-07-08 11:20:47,2400.0,2417.5,Call VEX 1,VEX,0.0,,6525.0
2025-07-08 11:20:47,2400.0,2417.5,Put VEX 1,VEX,0.0,,6525.0
2025-07-08 11:20:47,2600.0,2619.0,Call CEX 2,CEX,0.0,,6525.0
2025-07-08 11:20:47,2600.0,2619.0,Put CEX 2,CEX,0.0,,6525.0
2025-07-08 11:20:47,2600.0,2619.0,Call VEX 2,VEX,0.0,,6525.0
2025-07-08 11:20:47,2600.0,2619.0,Put VEX 2,VEX,0.0,,6525.0
2025-07-08 11:20:47,2800.0,2820.5,Call CEX 3,CEX,0.0,,6525.0
2025-07-08 11:20:47,2800.0,2820.5,Put CEX 3,CEX,0.0,,6525.0
2025-07-08 11:20:47,2800.0,2820.5,Call VEX 3,VEX,0.0,,6525.0
2025-07-08 11:20:47,2800.0,2820.5,Put VEX 3,VEX,0.0,,6525.0
2025-07-08 11:20:47,3000.0,3022.0,Call CEX 4,CEX,0.0,,6525.0
2025-07-08 11:20:47,3000.0,3022.0,Put CEX 4,CEX,0.0,,6525.0
2025-07-08 11:20:47,3000.0,3022.0,Call VEX 4,VEX,0.0,,6525.0
2025-07-08 11:20:47,3000.0,3022.0,Put VEX 4,VEX,0.0,,6525.0
2025-07-08 11:20:47,3200.0,3223.25,Call CEX 5,CEX,0.0,,6525.0
2025-07-08 11:20:47,3200.0,3223.25,Put CEX 5,CEX,0.0,,6525.0
2025-07-08 11:20:47,3200.0,3223.25,Call VEX 5,VEX,0.0,,6525.0
2025-07-08 11:20:47,3200.0,3223.25,Put VEX 5,VEX,0.0,,6525.0
2025-07-08 11:20:47,6000.0,6043.75,Put DEX 4,DEX,-4.645,,6525.0
2025-07-08 11:20:47,6035.0,6079.0,Put DEX 2,DEX,-6.427,,6525.0
2025-07-08 11:20:47,6035.0,6079.0,Put GEX 3,GEX,-12170.719,,6525.0
2025-07-08 11:20:47,6050.0,6094.25,Put DEX 1,DEX,-6.898,,6525.0
2025-07-08 11:20:47,6050.0,6094.25,Put GEX 2,GEX,-14309.448,,6525.0
2025-07-08 11:20:47,6075.0,6119.25,Put DEX 5,DEX,-3.034,,6525.0
2025-07-08 11:20:47,6100.0,6144.5,Put DEX 3,DEX,-5.787,,6525.0
2025-07-08 11:20:47,6100.0,6144.5,Put GEX 1,GEX,-20396.114,,6525.0
2025-07-08 11:20:47,6125.0,6169.75,Call DEX 2,DEX,5.166,,6525.0
2025-07-08 11:20:47,6150.0,6195.0,Put GEX 5,GEX,-8381.289,,6525.0
2025-07-08 11:20:47,6200.0,6245.25,Put GEX 4,GEX,-10772.813,,6525.0
2025-07-08 11:20:47,6225.0,6270.5,Call GEX 5,GEX,18135.136,,6525.0
2025-07-08 11:20:47,6250.0,6295.5,Call GEX 3,GEX,19937.983,,6525.0
2025-07-08 11:20:47,6275.0,6320.75,Call DEX 1,DEX,21.318,,6525.0
2025-07-08 11:20:47,6275.0,6320.75,Call GEX 1,GEX,170667.53,,6525.0
2025-07-08 11:20:47,6285.0,6331.0,Call DEX 4,DEX,3.136,,6525.0
2025-07-08 11:20:47,6285.0,6331.0,Call GEX 2,GEX,22642.436,,6525.0
2025-07-08 11:20:47,6300.0,6346.0,Call GEX 4,GEX,19912.15,,6525.0
2025-07-08 11:20:47,6350.0,6396.25,Call DEX 3,DEX,3.156,,6525.0
2025-07-08 11:20:47,6400.0,6446.75,Call DEX 5,DEX,2.979,,6525.0
2025-07-08 11:22:26,2400.0,2417.5,Call CEX 1,CEX,0.0,,6800.0
2025-07-08 11:22:26,2400.0,2417.5,Put CEX 1,CEX,0.0,,6800.0
2025-07-08 11:22:26,2400.0,2417.5,Call VEX 1,VEX,0.0,,6800.0
2025-07-08 11:22:26,2400.0,2417.5,Put VEX 1,VEX,0.0,,6800.0
2025-07-08 11:22:26,2600.0,2619.0,Call CEX 2,CEX,0.0,,6800.0
2025-07-08 11:22:26,2600.0,2619.0,Put CEX 2,CEX,0.0,,6800.0
2025-07-08 11:22:26,2600.0,2619.0,Call VEX 2,VEX,0.0,,6800.0
2025-07-08 11:22:26,2600.0,2619.0,Put VEX 2,VEX,0.0,,6800.0
2025-07-08 11:22:26,2800.0,2820.5,Call CEX 3,CEX,0.0,,6800.0
2025-07-08 11:22:26,2800.0,2820.5,Put CEX 3,CEX,0.0,,6800.0
2025-07-08 11:22:26,2800.0,2820.5,Call VEX 3,VEX,0.0,,6800.0
2025-07-08 11:22:26,2800.0,2820.5,Put VEX 3,VEX,0.0,,6800.0
2025-07-08 11:22:26,3000.0,3022.0,Call CEX 4,CEX,0.0,,6800.0
2025-07-08 11:22:26,3000.0,3022.0,Put CEX 4,CEX,0.0,,6800.0
2025-07-08 11:22:26,3000.0,3022.0,Call VEX 4,VEX,0.0,,6800.0
2025-07-08 11:22:26,3000.0,3022.0,Put VEX 4,VEX,0.0,,6800.0
2025-07-08 11:22:26,3200.0,3223.5,Call CEX 5,CEX,0.0,,6800.0
2025-07-08 11:22:26,3200.0,3223.5,Put CEX 5,CEX,0.0,,6800.0
2025-07-08 11:22:26,3200.0,3223.5,Call VEX 5,VEX,0.0,,6800.0
2025-07-08 11:22:26,3200.0,3223.5,Put VEX 5,VEX,0.0,,6800.0
2025-07-08 11:22:26,6000.0,6044.0,Put DEX 4,DEX,-4.644,,6800.0
2025-07-08 11:22:26,6035.0,6079.25,Put DEX 3,DEX,-6.426,,6800.0
2025-07-08 11:22:26,6035.0,6079.25,Put GEX 3,GEX,-12303.801,,6800.0
2025-07-08 11:22:26,6050.0,6094.25,Put DEX 2,DEX,-7.08,,6800.0
2025-07-08 11:22:26,6050.0,6094.25,Put GEX 2,GEX,-14673.091,,6800.0
2025-07-08 11:22:26,6075.0,6119.5,Put DEX 5,DEX,-3.578,,6800.0
2025-07-08 11:22:26,6075.0,6119.5,Put GEX 5,GEX,-8591.184,,6800.0
2025-07-08 11:22:26,6100.0,6144.75,Put DEX 1,DEX,-8.895,,6800.0
2025-07-08 11:22:26,6100.0,6144.75,Put GEX 1,GEX,-25303.4,,6800.0
2025-07-08 11:22:26,6175.0,6220.25,Call DEX 5,DEX,2.916,,6800.0
2025-07-08 11:22:26,6200.0,6245.5,Put GEX 4,GEX,-8896.412,,6800.0
2025-07-08 11:22:26,6225.0,6270.5,Call GEX 4,GEX,19758.586,,6800.0
2025-07-08 11:22:26,6250.0,6295.75,Call GEX 3,GEX,20526.867,,6800.0
2025-07-08 11:22:26,6275.0,6321.0,Call DEX 1,DEX,21.069,,6800.0
2025-07-08 11:22:26,6275.0,6321.0,Call GEX 1,GEX,165330.475,,6800.0
2025-07-08 11:22:26,6285.0,6331.0,Call DEX 3,DEX,3.115,,6800.0
2025-07-08 11:22:26,6285.0,6331.0,Call GEX 2,GEX,21908.751,,6800.0
2025-07-08 11:22:26,6300.0,6346.25,Call GEX 5,GEX,19723.794,,6800.0
2025-07-08 11:22:26,6350.0,6396.5,Call DEX 2,DEX,3.156,,6800.0
2025-07-08 11:22:26,6400.0,6447.0,Call DEX 4,DEX,2.978,,6800.0
2025-07-08 11:24:06,2400.0,2417.75,Call CEX 1,CEX,0.0,,6800.0
2025-07-08 11:24:06,2400.0,2417.75,Put CEX 1,CEX,0.0,,6800.0
2025-07-08 11:24:06,2400.0,2417.75,Call VEX 1,VEX,0.0,,6800.0
2025-07-08 11:24:06,2400.0,2417.75,Put VEX 1,VEX,0.0,,6800.0
2025-07-08 11:24:06,2600.0,2619.25,Call CEX 2,CEX,0.0,,6800.0
2025-07-08 11:24:06,2600.0,2619.25,Put CEX 2,CEX,0.0,,6800.0
2025-07-08 11:24:06,2600.0,2619.25,Call VEX 2,VEX,0.0,,6800.0
2025-07-08 11:24:06,2600.0,2619.25,Put VEX 2,VEX,0.0,,6800.0
2025-07-08 11:24:06,2800.0,2820.5,Call CEX 3,CEX,0.0,,6800.0
2025-07-08 11:24:06,2800.0,2820.5,Put CEX 3,CEX,0.0,,6800.0
2025-07-08 11:24:06,2800.0,2820.5,Call VEX 3,VEX,0.0,,6800.0
2025-07-08 11:24:06,2800.0,2820.5,Put VEX 3,VEX,0.0,,6800.0
2025-07-08 11:24:06,3000.0,3022.0,Call CEX 4,CEX,0.0,,6800.0
2025-07-08 11:24:06,3000.0,3022.0,Put CEX 4,CEX,0.0,,6800.0
2025-07-08 11:24:06,3000.0,3022.0,Call VEX 4,VEX,0.0,,6800.0
2025-07-08 11:24:06,3000.0,3022.0,Put VEX 4,VEX,0.0,,6800.0
2025-07-08 11:24:06,3200.0,3223.5,Call CEX 5,CEX,0.0,,6800.0
2025-07-08 11:24:06,3200.0,3223.5,Put CEX 5,CEX,0.0,,6800.0
2025-07-08 11:24:06,3200.0,3223.5,Call VEX 5,VEX,0.0,,6800.0
2025-07-08 11:24:06,3200.0,3223.5,Put VEX 5,VEX,0.0,,6800.0
2025-07-08 11:24:06,6025.0,6069.25,Put DEX 5,DEX,-2.23,,6800.0
2025-07-08 11:24:06,6035.0,6079.5,Put DEX 2,DEX,-6.368,,6800.0
2025-07-08 11:24:06,6035.0,6079.5,Put GEX 3,GEX,-12287.469,,6800.0
2025-07-08 11:24:06,6050.0,6094.5,Put DEX 1,DEX,-6.896,,6800.0
2025-07-08 11:24:06,6050.0,6094.5,Put GEX 2,GEX,-14531.682,,6800.0
2025-07-08 11:24:06,6075.0,6119.75,Put DEX 4,DEX,-3.035,,6800.0
2025-07-08 11:24:06,6100.0,6145.0,Put DEX 3,DEX,-5.798,,6800.0
2025-07-08 11:24:06,6100.0,6145.0,Put GEX 1,GEX,-20868.51,,6800.0
2025-07-08 11:24:06,6125.0,6170.0,Call DEX 2,DEX,5.132,,6800.0
2025-07-08 11:24:06,6150.0,6195.25,Put GEX 5,GEX,-8690.414,,6800.0
2025-07-08 11:24:06,6200.0,6245.5,Put GEX 4,GEX,-12107.086,,6800.0
2025-07-08 11:24:06,6225.0,6270.75,Call GEX 5,GEX,17701.694,,6800.0
2025-07-08 11:24:06,6250.0,6296.0,Call GEX 3,GEX,18987.477,,6800.0
2025-07-08 11:24:06,6275.0,6321.25,Call DEX 1,DEX,21.066,,6800.0
2025-07-08 11:24:06,6275.0,6321.25,Call GEX 1,GEX,162443.077,,6800.0
2025-07-08 11:24:06,6285.0,6331.25,Call DEX 4,DEX,3.111,,6800.0
2025-07-08 11:24:06,6285.0,6331.25,Call GEX 2,GEX,21607.589,,6800.0
2025-07-08 11:24:06,6300.0,6346.25,Call GEX 4,GEX,18715.501,,6800.0
2025-07-08 11:24:06,6350.0,6396.75,Call DEX 3,DEX,3.155,,6800.0
2025-07-08 11:24:06,6400.0,6447.0,Call DEX 5,DEX,2.978,,6800.0
2025-07-08 11:25:45,2400.0,2417.5,Call CEX 1,CEX,0.0,,6525.0
2025-07-08 11:25:45,2400.0,2417.5,Put CEX 1,CEX,0.0,,6525.0
2025-07-08 11:25:45,2400.0,2417.5,Call VEX 1,VEX,0.0,,6525.0
2025-07-08 11:25:45,2400.0,2417.5,Put VEX 1,VEX,0.0,,6525.0
2025-07-08 11:25:45,2600.0,2619.0,Call CEX 2,CEX,0.0,,6525.0
2025-07-08 11:25:45,2600.0,2619.0,Put CEX 2,CEX,0.0,,6525.0
2025-07-08 11:25:45,2600.0,2619.0,Call VEX 2,VEX,0.0,,6525.0
2025-07-08 11:25:45,2600.0,2619.0,Put VEX 2,VEX,0.0,,6525.0
2025-07-08 11:25:45,2800.0,2820.5,Call CEX 3,CEX,0.0,,6525.0
2025-07-08 11:25:45,2800.0,2820.5,Put CEX 3,CEX,0.0,,6525.0
2025-07-08 11:25:45,2800.0,2820.5,Call VEX 3,VEX,0.0,,6525.0
2025-07-08 11:25:45,2800.0,2820.5,Put VEX 3,VEX,0.0,,6525.0
2025-07-08 11:25:45,3000.0,3022.0,Call CEX 4,CEX,0.0,,6525.0
2025-07-08 11:25:45,3000.0,3022.0,Put CEX 4,CEX,0.0,,6525.0
2025-07-08 11:25:45,3000.0,3022.0,Call VEX 4,VEX,0.0,,6525.0
2025-07-08 11:25:45,3000.0,3022.0,Put VEX 4,VEX,0.0,,6525.0
2025-07-08 11:25:45,3200.0,3223.25,Call CEX 5,CEX,0.0,,6525.0
2025-07-08 11:25:45,3200.0,3223.25,Put CEX 5,CEX,0.0,,6525.0
2025-07-08 11:25:45,3200.0,3223.25,Call VEX 5,VEX,0.0,,6525.0
2025-07-08 11:25:45,3200.0,3223.25,Put VEX 5,VEX,0.0,,6525.0
2025-07-08 11:25:45,6025.0,6069.0,Put DEX 5,DEX,-2.231,,6525.0
2025-07-08 11:25:45,6035.0,6079.0,Put DEX 2,DEX,-6.368,,6525.0
2025-07-08 11:25:45,6035.0,6079.0,Put GEX 4,GEX,-12299.201,,6525.0
2025-07-08 11:25:45,6050.0,6094.25,Put DEX 1,DEX,-6.897,,6525.0
2025-07-08 11:25:45,6050.0,6094.25,Put GEX 2,GEX,-14548.13,,6525.0
2025-07-08 11:25:45,6075.0,6119.25,Put DEX 4,DEX,-3.038,,6525.0
2025-07-08 11:25:45,6100.0,6144.5,Put DEX 3,DEX,-5.822,,6525.0
2025-07-08 11:25:45,6100.0,6144.5,Put GEX 1,GEX,-20990.031,,6525.0
2025-07-08 11:25:45,6125.0,6169.75,Call DEX 2,DEX,5.069,,6525.0
2025-07-08 11:25:45,6150.0,6195.0,Put GEX 5,GEX,-8775.029,,6525.0
2025-07-08 11:25:45,6200.0,6245.25,Put GEX 3,GEX,-13401.979,,6525.0
2025-07-08 11:25:45,6225.0,6270.5,Call GEX 5,GEX,17008.768,,6525.0
2025-07-08 11:25:45,6250.0,6295.5,Call GEX 4,GEX,18371.246,,6525.0
2025-07-08 11:25:45,6275.0,6320.75,Call DEX 1,DEX,21.069,,6525.0
2025-07-08 11:25:45,6275.0,6320.75,Call GEX 1,GEX,161572.236,,6525.0
2025-07-08 11:25:45,6285.0,6331.0,Call DEX 4,DEX,3.112,,6525.0
2025-07-08 11:25:45,6285.0,6331.0,Call GEX 2,GEX,21498.55,,6525.0
2025-07-08 11:25:45,6300.0,6346.0,Call GEX 3,GEX,18630.397,,6525.0
2025-07-08 11:25:45,6350.0,6396.25,Call DEX 3,DEX,3.248,,6525.0
2025-07-08 11:25:45,6400.0,6446.75,Call DEX 5,DEX,2.986,,6525.0
2025-07-08 11:27:24,2400.0,2417.5,Call CEX 1,CEX,0.0,,6525.0
2025-07-08 11:27:24,2400.0,2417.5,Put CEX 1,CEX,0.0,,6525.0
2025-07-08 11:27:24,2400.0,2417.5,Call VEX 1,VEX,0.0,,6525.0
2025-07-08 11:27:24,2400.0,2417.5,Put VEX 1,VEX,0.0,,6525.0
2025-07-08 11:27:24,2600.0,2619.0,Call CEX 2,CEX,0.0,,6525.0
2025-07-08 11:27:24,2600.0,2619.0,Put CEX 2,CEX,0.0,,6525.0
2025-07-08 11:27:24,2600.0,2619.0,Call VEX 2,VEX,0.0,,6525.0
2025-07-08 11:27:24,2600.0,2619.0,Put VEX 2,VEX,0.0,,6525.0
2025-07-08 11:27:24,2800.0,2820.25,Call CEX 3,CEX,0.0,,6525.0
2025-07-08 11:27:24,2800.0,2820.25,Put CEX 3,CEX,0.0,,6525.0
2025-07-08 11:27:24,2800.0,2820.25,Call VEX 3,VEX,0.0,,6525.0
2025-07-08 11:27:24,2800.0,2820.25,Put VEX 3,VEX,0.0,,6525.0
2025-07-08 11:27:24,3000.0,3021.75,Call CEX 4,CEX,0.0,,6525.0
2025-07-08 11:27:24,3000.0,3021.75,Put CEX 4,CEX,0.0,,6525.0
2025-07-08 11:27:24,3000.0,3021.75,Call VEX 4,VEX,0.0,,6525.0
2025-07-08 11:27:24,3000.0,3021.75,Put VEX 4,VEX,0.0,,6525.0
2025-07-08 11:27:24,3200.0,3223.25,Call CEX 5,CEX,0.0,,6525.0
2025-07-08 11:27:24,3200.0,3223.25,Put CEX 5,CEX,0.0,,6525.0
2025-07-08 11:27:24,3200.0,3223.25,Call VEX 5,VEX,0.0,,6525.0
2025-07-08 11:27:24,3200.0,3223.25,Put VEX 5,VEX,0.0,,6525.0
2025-07-08 11:27:24,6025.0,6068.75,Put DEX 5,DEX,-2.23,,6525.0
2025-07-08 11:27:24,6035.0,6079.0,Put DEX 2,DEX,-6.366,,6525.0
2025-07-08 11:27:24,6035.0,6079.0,Put GEX 4,GEX,-12356.005,,6525.0
2025-07-08 11:27:24,6050.0,6094.0,Put DEX 1,DEX,-6.897,,6525.0
2025-07-08 11:27:24,6050.0,6094.0,Put GEX 2,GEX,-14615.895,,6525.0
2025-07-08 11:27:24,6075.0,6119.25,Put DEX 4,DEX,-3.036,,6525.0
2025-07-08 11:27:24,6100.0,6144.25,Put DEX 3,DEX,-5.806,,6525.0
2025-07-08 11:27:24,6100.0,6144.25,Put GEX 1,GEX,-21069.205,,6525.0
2025-07-08 11:27:24,6125.0,6169.5,Call DEX 2,DEX,5.108,,6525.0
2025-07-08 11:27:24,6150.0,6194.75,Put GEX 5,GEX,-8838.997,,6525.0
2025-07-08 11:27:24,6200.0,6245.0,Put GEX 3,GEX,-13237.937,,6525.0
2025-07-08 11:27:24,6225.0,6270.25,Call GEX 5,GEX,17149.622,,6525.0
2025-07-08 11:27:24,6250.0,6295.5,Call GEX 4,GEX,18362.929,,6525.0
2025-07-08 11:27:24,6275.0,6320.5,Call DEX 1,DEX,20.968,,6525.0
2025-07-08 11:27:24,6275.0,6320.5,Call GEX 1,GEX,159686.658,,6525.0
2025-07-08 11:27:24,6285.0,6330.75,Call DEX 4,DEX,3.104,,6525.0
2025-07-08 11:27:24,6285.0,6330.75,Call GEX 2,GEX,21220.427,,6525.0
2025-07-08 11:27:24,6300.0,6345.75,Call GEX 3,GEX,18416.386,,6525.0
2025-07-08 11:27:24,6350.0,6396.25,Call DEX 3,DEX,3.154,,6525.0
2025-07-08 11:27:24,6400.0,6446.5,Call DEX 5,DEX,2.978,,6525.0
2025-07-08 11:29:04,2400.0,2417.5,Call CEX 1,CEX,0.0,,6525.0
2025-07-08 11:29:04,2400.0,2417.5,Put CEX 1,CEX,0.0,,6525.0
2025-07-08 11:29:04,2400.0,2417.5,Call VEX 1,VEX,0.0,,6525.0
2025-07-08 11:29:04,2400.0,2417.5,Put VEX 1,VEX,0.0,,6525.0
2025-07-08 11:29:04,2600.0,2619.0,Call CEX 2,CEX,0.0,,6525.0
2025-07-08 11:29:04,2600.0,2619.0,Put CEX 2,CEX,0.0,,6525.0
2025-07-08 11:29:04,2600.0,2619.0,Call VEX 2,VEX,0.0,,6525.0
2025-07-08 11:29:04,2600.0,2619.0,Put VEX 2,VEX,0.0,,6525.0
2025-07-08 11:29:04,2800.0,2820.25,Call CEX 3,CEX,0.0,,6525.0
2025-07-08 11:29:04,2800.0,2820.25,Put CEX 3,CEX,0.0,,6525.0
2025-07-08 11:29:04,2800.0,2820.25,Call VEX 3,VEX,0.0,,6525.0
2025-07-08 11:29:04,2800.0,2820.25,Put VEX 3,VEX,0.0,,6525.0
2025-07-08 11:29:04,3000.0,3021.75,Call CEX 4,CEX,0.0,,6525.0
2025-07-08 11:29:04,3000.0,3021.75,Put CEX 4,CEX,0.0,,6525.0
2025-07-08 11:29:04,3000.0,3021.75,Call VEX 4,VEX,0.0,,6525.0
2025-07-08 11:29:04,3000.0,3021.75,Put VEX 4,VEX,0.0,,6525.0
2025-07-08 11:29:04,3200.0,3223.25,Call CEX 5,CEX,0.0,,6525.0
2025-07-08 11:29:04,3200.0,3223.25,Put CEX 5,CEX,0.0,,6525.0
2025-07-08 11:29:04,3200.0,3223.25,Call VEX 5,VEX,0.0,,6525.0
2025-07-08 11:29:04,3200.0,3223.25,Put VEX 5,VEX,0.0,,6525.0
2025-07-08 11:29:04,6025.0,6068.75,Put DEX 5,DEX,-2.23,,6525.0
2025-07-08 11:29:04,6035.0,6079.0,Put DEX 2,DEX,-6.367,,6525.0
2025-07-08 11:29:04,6035.0,6079.0,Put GEX 4,GEX,-12401.937,,6525.0
2025-07-08 11:29:04,6050.0,6094.0,Put DEX 1,DEX,-6.895,,6525.0
2025-07-08 11:29:04,6050.0,6094.0,Put GEX 2,GEX,-14678.622,,6525.0
2025-07-08 11:29:04,6075.0,6119.25,Put DEX 4,DEX,-3.035,,6525.0
2025-07-08 11:29:04,6100.0,6144.5,Put DEX 3,DEX,-5.803,,6525.0
2025-07-08 11:29:04,6100.0,6144.5,Put GEX 1,GEX,-21160.286,,6525.0
2025-07-08 11:29:04,6125.0,6169.5,Call DEX 2,DEX,5.125,,6525.0
2025-07-08 11:29:04,6150.0,6194.75,Put GEX 5,GEX,-8876.477,,6525.0
2025-07-08 11:29:04,6200.0,6245.0,Put GEX 3,GEX,-12409.282,,6525.0
2025-07-08 11:29:04,6225.0,6270.25,Call GEX 5,GEX,17922.373,,6525.0
2025-07-08 11:29:04,6250.0,6295.5,Call GEX 3,GEX,18778.218,,6525.0
2025-07-08 11:29:04,6275.0,6320.75,Call DEX 1,DEX,20.885,,6525.0
2025-07-08 11:29:04,6275.0,6320.75,Call GEX 1,GEX,157955.852,,6525.0
2025-07-08 11:29:04,6285.0,6330.75,Call DEX 4,DEX,3.097,,6525.0
2025-07-08 11:29:04,6285.0,6330.75,Call GEX 2,GEX,20986.328,,6525.0
2025-07-08 11:29:04,6300.0,6345.75,Call GEX 4,GEX,18422.146,,6525.0
2025-07-08 11:29:04,6350.0,6396.25,Call DEX 3,DEX,3.155,,6525.0
2025-07-08 11:29:04,6400.0,6446.5,Call DEX 5,DEX,2.978,,6525.0
2025-07-08 11:30:45,2400.0,2417.5,Call CEX 1,CEX,0.0,,6525.0
2025-07-08 11:30:45,2400.0,2417.5,Put CEX 1,CEX,0.0,,6525.0
2025-07-08 11:30:45,2400.0,2417.5,Call VEX 1,VEX,0.0,,6525.0
2025-07-08 11:30:45,2400.0,2417.5,Put VEX 1,VEX,0.0,,6525.0
2025-07-08 11:30:45,2600.0,2619.0,Call CEX 2,CEX,0.0,,6525.0
2025-07-08 11:30:45,2600.0,2619.0,Put CEX 2,CEX,0.0,,6525.0
2025-07-08 11:30:45,2600.0,2619.0,Call VEX 2,VEX,0.0,,6525.0
2025-07-08 11:30:45,2600.0,2619.0,Put VEX 2,VEX,0.0,,6525.0
2025-07-08 11:30:45,2800.0,2820.5,Call CEX 3,CEX,0.0,,6525.0
2025-07-08 11:30:45,2800.0,2820.5,Put CEX 3,CEX,0.0,,6525.0
2025-07-08 11:30:45,2800.0,2820.5,Call VEX 3,VEX,0.0,,6525.0
2025-07-08 11:30:45,2800.0,2820.5,Put VEX 3,VEX,0.0,,6525.0
2025-07-08 11:30:45,3000.0,3021.75,Call CEX 4,CEX,0.0,,6525.0
2025-07-08 11:30:45,3000.0,3021.75,Put CEX 4,CEX,0.0,,6525.0
2025-07-08 11:30:45,3000.0,3021.75,Call VEX 4,VEX,0.0,,6525.0
2025-07-08 11:30:45,3000.0,3021.75,Put VEX 4,VEX,0.0,,6525.0
2025-07-08 11:30:45,3200.0,3223.25,Call CEX 5,CEX,0.0,,6525.0
2025-07-08 11:30:45,3200.0,3223.25,Put CEX 5,CEX,0.0,,6525.0
2025-07-08 11:30:45,3200.0,3223.25,Call VEX 5,VEX,0.0,,6525.0
2025-07-08 11:30:45,3200.0,3223.25,Put VEX 5,VEX,0.0,,6525.0
2025-07-08 11:30:45,6025.0,6069.0,Put DEX 5,DEX,-2.229,,6525.0
2025-07-08 11:30:45,6035.0,6079.0,Put DEX 2,DEX,-6.367,,6525.0
2025-07-08 11:30:45,6035.0,6079.0,Put GEX 3,GEX,-12434.411,,6525.0
2025-07-08 11:30:45,6050.0,6094.0,Put DEX 1,DEX,-6.895,,6525.0
2025-07-08 11:30:45,6050.0,6094.0,Put GEX 2,GEX,-14719.966,,6525.0
2025-07-08 11:30:45,6075.0,6119.25,Put DEX 4,DEX,-3.034,,6525.0
2025-07-08 11:30:45,6100.0,6144.5,Put DEX 3,DEX,-5.796,,6525.0
2025-07-08 11:30:45,6100.0,6144.5,Put GEX 1,GEX,-21219.673,,6525.0
2025-07-08 11:30:45,6125.0,6169.75,Call DEX 2,DEX,5.14,,6525.0
2025-07-08 11:30:45,6150.0,6194.75,Put GEX 5,GEX,-8894.768,,6525.0
2025-07-08 11:30:45,6200.0,6245.25,Put GEX 4,GEX,-11919.584,,6525.0
2025-07-08 11:30:45,6225.0,6270.25,Call GEX 5,GEX,18294.424,,6525.0
2025-07-08 11:30:45,6250.0,6295.5,Call GEX 3,GEX,18910.847,,6525.0
2025-07-08 11:30:45,6275.0,6320.75,Call DEX 1,DEX,20.82,,6525.0
2025-07-08 11:30:45,6275.0,6320.75,Call GEX 1,GEX,156955.507,,6525.0
2025-07-08 11:30:45,6285.0,6330.75,Call DEX 4,DEX,3.09,,6525.0
2025-07-08 11:30:45,6285.0,6330.75,Call GEX 2,GEX,20853.708,,6525.0
2025-07-08 11:30:45,6300.0,6346.0,Call GEX 4,GEX,18389.513,,6525.0
2025-07-08 11:30:45,6350.0,6396.25,Call DEX 3,DEX,3.154,,6525.0
2025-07-08 11:30:45,6400.0,6446.75,Call DEX 5,DEX,2.978,,6525.0
2025-07-08 11:32:24,2400.0,2417.5,Call CEX 1,CEX,0.0,,6800.0
2025-07-08 11:32:24,2400.0,2417.5,Put CEX 1,CEX,0.0,,6800.0
2025-07-08 11:32:24,2400.0,2417.5,Call VEX 1,VEX,0.0,,6800.0
2025-07-08 11:32:24,2400.0,2417.5,Put VEX 1,VEX,0.0,,6800.0
2025-07-08 11:32:24,2600.0,2619.0,Call CEX 2,CEX,0.0,,6800.0
2025-07-08 11:32:24,2600.0,2619.0,Put CEX 2,CEX,0.0,,6800.0
2025-07-08 11:32:24,2600.0,2619.0,Call VEX 2,VEX,0.0,,6800.0
2025-07-08 11:32:24,2600.0,2619.0,Put VEX 2,VEX,0.0,,6800.0
2025-07-08 11:32:24,2800.0,2820.5,Call CEX 3,CEX,0.0,,6800.0
2025-07-08 11:32:24,2800.0,2820.5,Put CEX 3,CEX,0.0,,6800.0
2025-07-08 11:32:24,2800.0,2820.5,Call VEX 3,VEX,0.0,,6800.0
2025-07-08 11:32:24,2800.0,2820.5,Put VEX 3,VEX,0.0,,6800.0
2025-07-08 11:32:24,3000.0,3022.0,Call CEX 4,CEX,0.0,,6800.0
2025-07-08 11:32:24,3000.0,3022.0,Put CEX 4,CEX,0.0,,6800.0
2025-07-08 11:32:24,3000.0,3022.0,Call VEX 4,VEX,0.0,,6800.0
2025-07-08 11:32:24,3000.0,3022.0,Put VEX 4,VEX,0.0,,6800.0
2025-07-08 11:32:24,3200.0,3223.5,Call CEX 5,CEX,0.0,,6800.0
2025-07-08 11:32:24,3200.0,3223.5,Put CEX 5,CEX,0.0,,6800.0
2025-07-08 11:32:24,3200.0,3223.5,Call VEX 5,VEX,0.0,,6800.0
2025-07-08 11:32:24,3200.0,3223.5,Put VEX 5,VEX,0.0,,6800.0
2025-07-08 11:32:24,6000.0,6044.0,Put DEX 4,DEX,-4.643,,6800.0
2025-07-08 11:32:24,6035.0,6079.25,Put DEX 3,DEX,-6.424,,6800.0
2025-07-08 11:32:24,6035.0,6079.25,Put GEX 3,GEX,-12511.992,,6800.0
2025-07-08 11:32:24,6050.0,6094.25,Put DEX 2,DEX,-7.078,,6800.0
2025-07-08 11:32:24,6050.0,6094.25,Put GEX 2,GEX,-14942.614,,6800.0
2025-07-08 11:32:24,6075.0,6119.5,Put DEX 5,DEX,-3.577,,6800.0
2025-07-08 11:32:24,6075.0,6119.5,Put GEX 5,GEX,-8775.021,,6800.0
2025-07-08 11:32:24,6100.0,6144.5,Put DEX 1,DEX,-8.896,,6800.0
2025-07-08 11:32:24,6100.0,6144.5,Put GEX 1,GEX,-25939.313,,6800.0
2025-07-08 11:32:24,6175.0,6220.25,Call DEX 5,DEX,2.875,,6800.0
2025-07-08 11:32:24,6200.0,6245.25,Put GEX 4,GEX,-8956.691,,6800.0
2025-07-08 11:32:24,6225.0,6270.5,Call GEX 3,GEX,19993.904,,6800.0
2025-07-08 11:32:24,6250.0,6295.75,Call GEX 4,GEX,19804.348,,6800.0
2025-07-08 11:32:24,6275.0,6321.0,Call DEX 1,DEX,20.768,,6800.0
2025-07-08 11:32:24,6275.0,6321.0,Call GEX 1,GEX,156739.032,,6800.0
2025-07-08 11:32:24,6285.0,6331.0,Call DEX 3,DEX,3.087,,6800.0
2025-07-08 11:32:24,6285.0,6331.0,Call GEX 2,GEX,20804.402,,6800.0
2025-07-08 11:32:24,6300.0,6346.0,Call GEX 5,GEX,18857.407,,6800.0
2025-07-08 11:32:24,6350.0,6396.5,Call DEX 2,DEX,3.155,,6800.0
2025-07-08 11:32:24,6400.0,6446.75,Call DEX 4,DEX,2.977,,6800.0
2025-07-08 11:34:05,2400.0,2417.5,Call CEX 1,CEX,0.0,,6525.0
2025-07-08 11:34:05,2400.0,2417.5,Put CEX 1,CEX,0.0,,6525.0
2025-07-08 11:34:05,2400.0,2417.5,Call VEX 1,VEX,0.0,,6525.0
2025-07-08 11:34:05,2400.0,2417.5,Put VEX 1,VEX,0.0,,6525.0
2025-07-08 11:34:05,2600.0,2618.75,Call CEX 2,CEX,0.0,,6525.0
2025-07-08 11:34:05,2600.0,2618.75,Put CEX 2,CEX,0.0,,6525.0
2025-07-08 11:34:05,2600.0,2618.75,Call VEX 2,VEX,0.0,,6525.0
2025-07-08 11:34:05,2600.0,2618.75,Put VEX 2,VEX,0.0,,6525.0
2025-07-08 11:34:05,2800.0,2820.25,Call CEX 3,CEX,0.0,,6525.0
2025-07-08 11:34:05,2800.0,2820.25,Put CEX 3,CEX,0.0,,6525.0
2025-07-08 11:34:05,2800.0,2820.25,Call VEX 3,VEX,0.0,,6525.0
2025-07-08 11:34:05,2800.0,2820.25,Put VEX 3,VEX,0.0,,6525.0
2025-07-08 11:34:05,3000.0,3021.75,Call CEX 4,CEX,0.0,,6525.0
2025-07-08 11:34:05,3000.0,3021.75,Put CEX 4,CEX,0.0,,6525.0
2025-07-08 11:34:05,3000.0,3021.75,Call VEX 4,VEX,0.0,,6525.0
2025-07-08 11:34:05,3000.0,3021.75,Put VEX 4,VEX,0.0,,6525.0
2025-07-08 11:34:05,3200.0,3223.25,Call CEX 5,CEX,0.0,,6525.0
2025-07-08 11:34:05,3200.0,3223.25,Put CEX 5,CEX,0.0,,6525.0
2025-07-08 11:34:05,3200.0,3223.25,Call VEX 5,VEX,0.0,,6525.0
2025-07-08 11:34:05,3200.0,3223.25,Put VEX 5,VEX,0.0,,6525.0
2025-07-08 11:34:05,6025.0,6068.75,Put DEX 5,DEX,-2.229,,6525.0
2025-07-08 11:34:05,6035.0,6078.75,Put DEX 2,DEX,-6.366,,6525.0
2025-07-08 11:34:05,6035.0,6078.75,Put GEX 3,GEX,-12526.623,,6525.0
2025-07-08 11:34:05,6050.0,6094.0,Put DEX 1,DEX,-6.894,,6525.0
2025-07-08 11:34:05,6050.0,6094.0,Put GEX 2,GEX,-14838.478,,6525.0
2025-07-08 11:34:05,6075.0,6119.0,Put DEX 4,DEX,-3.034,,6525.0
2025-07-08 11:34:05,6100.0,6144.25,Put DEX 3,DEX,-5.799,,6525.0
2025-07-08 11:34:05,6100.0,6144.25,Put GEX 1,GEX,-21463.386,,6525.0
2025-07-08 11:34:05,6125.0,6169.5,Call DEX 2,DEX,5.133,,6525.0
2025-07-08 11:34:05,6150.0,6194.75,Put GEX 5,GEX,-9037.601,,6525.0
2025-07-08 11:34:05,6200.0,6245.0,Put GEX 4,GEX,-12330.712,,6525.0
2025-07-08 11:34:05,6225.0,6270.25,Call GEX 4,GEX,18007.313,,6525.0
2025-07-08 11:34:05,6250.0,6295.25,Call GEX 3,GEX,18317.257,,6525.0
2025-07-08 11:34:05,6275.0,6320.5,Call DEX 1,DEX,20.759,,6525.0
2025-07-08 11:34:05,6275.0,6320.5,Call GEX 1,GEX,152640.249,,6525.0
2025-07-08 11:34:05,6285.0,6330.5,Call DEX 4,DEX,3.085,,6525.0
2025-07-08 11:34:05,6285.0,6330.5,Call GEX 2,GEX,20338.739,,6525.0
2025-07-08 11:34:05,6300.0,6345.75,Call GEX 5,GEX,17935.656,,6525.0
2025-07-08 11:34:05,6350.0,6396.0,Call DEX 3,DEX,3.154,,6525.0
2025-07-08 11:34:05,6400.0,6446.5,Call DEX 5,DEX,2.977,,6525.0
2025-07-08 11:35:44,2400.0,2417.75,Call CEX 1,CEX,0.0,,6525.0
2025-07-08 11:35:44,2400.0,2417.75,Put CEX 1,CEX,0.0,,6525.0
2025-07-08 11:35:44,2400.0,2417.75,Call VEX 1,VEX,0.0,,6525.0
2025-07-08 11:35:44,2400.0,2417.75,Put VEX 1,VEX,0.0,,6525.0
2025-07-08 11:35:44,2600.0,2619.25,Call CEX 2,CEX,0.0,,6525.0
2025-07-08 11:35:44,2600.0,2619.25,Put CEX 2,CEX,0.0,,6525.0
2025-07-08 11:35:44,2600.0,2619.25,Call VEX 2,VEX,0.0,,6525.0
2025-07-08 11:35:44,2600.0,2619.25,Put VEX 2,VEX,0.0,,6525.0
2025-07-08 11:35:44,2800.0,2820.75,Call CEX 3,CEX,0.0,,6525.0
2025-07-08 11:35:44,2800.0,2820.75,Put CEX 3,CEX,0.0,,6525.0
2025-07-08 11:35:44,2800.0,2820.75,Call VEX 3,VEX,0.0,,6525.0
2025-07-08 11:35:44,2800.0,2820.75,Put VEX 3,VEX,0.0,,6525.0
2025-07-08 11:35:44,3000.0,3022.0,Call CEX 4,CEX,0.0,,6525.0
2025-07-08 11:35:44,3000.0,3022.0,Put CEX 4,CEX,0.0,,6525.0
2025-07-08 11:35:44,3000.0,3022.0,Call VEX 4,VEX,0.0,,6525.0
2025-07-08 11:35:44,3000.0,3022.0,Put VEX 4,VEX,0.0,,6525.0
2025-07-08 11:35:44,3200.0,3223.5,Call CEX 5,CEX,0.0,,6525.0
2025-07-08 11:35:44,3200.0,3223.5,Put CEX 5,CEX,0.0,,6525.0
2025-07-08 11:35:44,3200.0,3223.5,Call VEX 5,VEX,0.0,,6525.0
2025-07-08 11:35:44,3200.0,3223.5,Put VEX 5,VEX,0.0,,6525.0
2025-07-08 11:35:44,6025.0,6069.5,Put DEX 5,DEX,-2.229,,6525.0
2025-07-08 11:35:44,6035.0,6079.5,Put DEX 2,DEX,-6.366,,6525.0
2025-07-08 11:35:44,6035.0,6079.5,Put GEX 4,GEX,-12551.841,,6525.0
2025-07-08 11:35:44,6050.0,6094.5,Put DEX 1,DEX,-6.895,,6525.0
2025-07-08 11:35:44,6050.0,6094.5,Put GEX 2,GEX,-14872.658,,6525.0
2025-07-08 11:35:44,6075.0,6119.75,Put DEX 4,DEX,-3.037,,6525.0
2025-07-08 11:35:44,6100.0,6145.0,Put DEX 3,DEX,-5.82,,6525.0
2025-07-08 11:35:44,6100.0,6145.0,Put GEX 1,GEX,-21612.354,,6525.0
2025-07-08 11:35:44,6125.0,6170.0,Call DEX 2,DEX,5.076,,6525.0
2025-07-08 11:35:44,6150.0,6195.25,Put GEX 5,GEX,-9206.387,,6525.0
2025-07-08 11:35:44,6200.0,6245.75,Put GEX 3,GEX,-14739.592,,6525.0
2025-07-08 11:35:44,6225.0,6270.75,Call GEX 5,GEX,16680.563,,6525.0
2025-07-08 11:35:44,6250.0,6296.0,Call GEX 4,GEX,17342.294,,6525.0
2025-07-08 11:35:44,6275.0,6321.25,Call DEX 1,DEX,20.756,,6525.0
2025-07-08 11:35:44,6275.0,6321.25,Call GEX 1,GEX,151201.249,,6525.0
2025-07-08 11:35:44,6285.0,6331.25,Call DEX 4,DEX,3.084,,6525.0
2025-07-08 11:35:44,6285.0,6331.25,Call GEX 2,GEX,20161.69,,6525.0
2025-07-08 11:35:44,6300.0,6346.5,Call GEX 3,GEX,17476.157,,6525.0
2025-07-08 11:35:44,6350.0,6396.75,Call DEX 3,DEX,3.153,,6525.0
2025-07-08 11:35:44,6400.0,6447.25,Call DEX 5,DEX,2.984,,6525.0
2025-07-08 11:37:24,2400.0,2417.5,Call CEX 1,CEX,0.0,,6525.0
2025-07-08 11:37:24,2400.0,2417.5,Put CEX 1,CEX,0.0,,6525.0
2025-07-08 11:37:24,2400.0,2417.5,Call VEX 1,VEX,0.0,,6525.0
2025-07-08 11:37:24,2400.0,2417.5,Put VEX 1,VEX,0.0,,6525.0
2025-07-08 11:37:24,2600.0,2619.0,Call CEX 2,CEX,0.0,,6525.0
2025-07-08 11:37:24,2600.0,2619.0,Put CEX 2,CEX,0.0,,6525.0
2025-07-08 11:37:24,2600.0,2619.0,Call VEX 2,VEX,0.0,,6525.0
2025-07-08 11:37:24,2600.0,2619.0,Put VEX 2,VEX,0.0,,6525.0
2025-07-08 11:37:24,2800.0,2820.5,Call CEX 3,CEX,0.0,,6525.0
2025-07-08 11:37:24,2800.0,2820.5,Put CEX 3,CEX,0.0,,6525.0
2025-07-08 11:37:24,2800.0,2820.5,Call VEX 3,VEX,0.0,,6525.0
2025-07-08 11:37:24,2800.0,2820.5,Put VEX 3,VEX,0.0,,6525.0
2025-07-08 11:37:24,3000.0,3022.0,Call CEX 4,CEX,0.0,,6525.0
2025-07-08 11:37:24,3000.0,3022.0,Put CEX 4,CEX,0.0,,6525.0
2025-07-08 11:37:24,3000.0,3022.0,Call VEX 4,VEX,0.0,,6525.0
2025-07-08 11:37:24,3000.0,3022.0,Put VEX 4,VEX,0.0,,6525.0
2025-07-08 11:37:24,3200.0,3223.5,Call CEX 5,CEX,0.0,,6525.0
2025-07-08 11:37:24,3200.0,3223.5,Put CEX 5,CEX,0.0,,6525.0
2025-07-08 11:37:24,3200.0,3223.5,Call VEX 5,VEX,0.0,,6525.0
2025-07-08 11:37:24,3200.0,3223.5,Put VEX 5,VEX,0.0,,6525.0
2025-07-08 11:37:24,6025.0,6069.25,Put DEX 5,DEX,-2.23,,6525.0
2025-07-08 11:37:24,6035.0,6079.25,Put DEX 2,DEX,-6.366,,6525.0
2025-07-08 11:37:24,6035.0,6079.25,Put GEX 4,GEX,-12563.742,,6525.0
2025-07-08 11:37:24,6050.0,6094.25,Put DEX 1,DEX,-6.896,,6525.0
2025-07-08 11:37:24,6050.0,6094.25,Put GEX 3,GEX,-14889.171,,6525.0
2025-07-08 11:37:24,6075.0,6119.5,Put DEX 4,DEX,-3.039,,6525.0
2025-07-08 11:37:24,6100.0,6144.75,Put DEX 3,DEX,-5.834,,6525.0
2025-07-08 11:37:24,6100.0,6144.75,Put GEX 1,GEX,-21702.034,,6525.0
2025-07-08 11:37:24,6125.0,6169.75,Call DEX 3,DEX,5.038,,6525.0
2025-07-08 11:37:24,6150.0,6195.0,Put GEX 5,GEX,-9328.607,,6525.0
2025-07-08 11:37:24,6200.0,6245.5,Put GEX 2,GEX,-16161.681,,6525.0
2025-07-08 11:37:24,6225.0,6270.5,Call GEX 5,GEX,15682.391,,6525.0
2025-07-08 11:37:24,6250.0,6295.75,Call GEX 4,GEX,16599.854,,6525.0
2025-07-08 11:37:24,6275.0,6321.0,Call DEX 1,DEX,20.784,,6525.0
2025-07-08 11:37:24,6275.0,6321.0,Call GEX 1,GEX,150115.205,,6525.0
2025-07-08 11:37:24,6285.0,6331.0,Call DEX 5,DEX,3.084,,6525.0
2025-07-08 11:37:24,6285.0,6331.0,Call GEX 3,GEX,20066.676,,6525.0
2025-07-08 11:37:24,6300.0,6346.25,Call DEX 2,DEX,5.801,,6525.0
2025-07-08 11:37:24,6300.0,6346.25,Call GEX 2,GEX,30578.382,,6525.0
2025-07-08 11:37:24,6350.0,6396.5,Call DEX 4,DEX,3.247,,6525.0
2025-07-08 11:39:14,2400.0,2417.5,Call CEX 1,CEX,0.0,,6800.0
2025-07-08 11:39:14,2400.0,2417.5,Put CEX 1,CEX,0.0,,6800.0
2025-07-08 11:39:14,2400.0,2417.5,Call VEX 1,VEX,0.0,,6800.0
2025-07-08 11:39:14,2400.0,2417.5,Put VEX 1,VEX,0.0,,6800.0
2025-07-08 11:39:14,2600.0,2619.0,Call CEX 2,CEX,0.0,,6800.0
2025-07-08 11:39:14,2600.0,2619.0,Put CEX 2,CEX,0.0,,6800.0
2025-07-08 11:39:14,2600.0,2619.0,Call VEX 2,VEX,0.0,,6800.0
2025-07-08 11:39:14,2600.0,2619.0,Put VEX 2,VEX,0.0,,6800.0
2025-07-08 11:39:14,2800.0,2820.5,Call CEX 3,CEX,0.0,,6800.0
2025-07-08 11:39:14,2800.0,2820.5,Put CEX 3,CEX,0.0,,6800.0
2025-07-08 11:39:14,2800.0,2820.5,Call VEX 3,VEX,0.0,,6800.0
2025-07-08 11:39:14,2800.0,2820.5,Put VEX 3,VEX,0.0,,6800.0
2025-07-08 11:39:14,3000.0,3022.0,Call CEX 4,CEX,0.0,,6800.0
2025-07-08 11:39:14,3000.0,3022.0,Put CEX 4,CEX,0.0,,6800.0
2025-07-08 11:39:14,3000.0,3022.0,Call VEX 4,VEX,0.0,,6800.0
2025-07-08 11:39:14,3000.0,3022.0,Put VEX 4,VEX,0.0,,6800.0
2025-07-08 11:39:14,3200.0,3223.5,Call CEX 5,CEX,0.0,,6800.0
2025-07-08 11:39:14,3200.0,3223.5,Put CEX 5,CEX,0.0,,6800.0
2025-07-08 11:39:14,3200.0,3223.5,Call VEX 5,VEX,0.0,,6800.0
2025-07-08 11:39:14,3200.0,3223.5,Put VEX 5,VEX,0.0,,6800.0
2025-07-08 11:39:14,6025.0,6069.0,Put DEX 5,DEX,-2.229,,6800.0
2025-07-08 11:39:14,6035.0,6079.25,Put DEX 2,DEX,-6.367,,6800.0
2025-07-08 11:39:14,6035.0,6079.25,Put GEX 4,GEX,-12438.833,,6800.0
2025-07-08 11:39:14,6050.0,6094.25,Put DEX 1,DEX,-6.896,,6800.0
2025-07-08 11:39:14,6050.0,6094.25,Put GEX 2,GEX,-14726.317,,6800.0
2025-07-08 11:39:14,6075.0,6119.5,Put DEX 4,DEX,-3.036,,6800.0
2025-07-08 11:39:14,6100.0,6144.5,Put DEX 3,DEX,-5.804,,6800.0
2025-07-08 11:39:14,6100.0,6144.5,Put GEX 1,GEX,-21276.621,,6800.0
2025-07-08 11:39:14,6125.0,6169.75,Call DEX 2,DEX,5.116,,6800.0
2025-07-08 11:39:14,6150.0,6195.0,Put GEX 5,GEX,-8960.031,,6800.0
2025-07-08 11:39:14,6200.0,6245.25,Put GEX 3,GEX,-12891.187,,6800.0
2025-07-08 11:39:14,6225.0,6270.5,Call GEX 5,GEX,17560.418,,6800.0
2025-07-08 11:39:14,6250.0,6295.75,Call GEX 3,GEX,18274.416,,6800.0
2025-07-08 11:39:14,6275.0,6321.0,Call DEX 1,DEX,20.855,,6800.0
2025-07-08 11:39:14,6275.0,6321.0,Call GEX 1,GEX,156179.027,,6800.0
2025-07-08 11:39:14,6285.0,6331.0,Call DEX 4,DEX,3.093,,6800.0
2025-07-08 11:39:14,6285.0,6331.0,Call GEX 2,GEX,20779.853,,6800.0
2025-07-08 11:39:14,6300.0,6346.0,Call GEX 4,GEX,18184.699,,6800.0
2025-07-08 11:39:14,6350.0,6396.5,Call DEX 3,DEX,3.153,,6800.0
2025-07-08 11:39:14,6400.0,6446.75,Call DEX 5,DEX,2.976,,6800.0
2025-07-08 11:40:56,2400.0,2417.5,Call CEX 1,CEX,0.0,,6525.0
2025-07-08 11:40:56,2400.0,2417.5,Put CEX 1,CEX,0.0,,6525.0
2025-07-08 11:40:56,2400.0,2417.5,Call VEX 1,VEX,0.0,,6525.0
2025-07-08 11:40:56,2400.0,2417.5,Put VEX 1,VEX,0.0,,6525.0
2025-07-08 11:40:56,2600.0,2619.0,Call CEX 2,CEX,0.0,,6525.0
2025-07-08 11:40:56,2600.0,2619.0,Put CEX 2,CEX,0.0,,6525.0
2025-07-08 11:40:56,2600.0,2619.0,Call VEX 2,VEX,0.0,,6525.0
2025-07-08 11:40:56,2600.0,2619.0,Put VEX 2,VEX,0.0,,6525.0
2025-07-08 11:40:56,2800.0,2820.5,Call CEX 3,CEX,0.0,,6525.0
2025-07-08 11:40:56,2800.0,2820.5,Put CEX 3,CEX,0.0,,6525.0
2025-07-08 11:40:56,2800.0,2820.5,Call VEX 3,VEX,0.0,,6525.0
2025-07-08 11:40:56,2800.0,2820.5,Put VEX 3,VEX,0.0,,6525.0
2025-07-08 11:40:56,3000.0,3022.0,Call CEX 4,CEX,0.0,,6525.0
2025-07-08 11:40:56,3000.0,3022.0,Put CEX 4,CEX,0.0,,6525.0
2025-07-08 11:40:56,3000.0,3022.0,Call VEX 4,VEX,0.0,,6525.0
2025-07-08 11:40:56,3000.0,3022.0,Put VEX 4,VEX,0.0,,6525.0
2025-07-08 11:40:56,3200.0,3223.25,Call CEX 5,CEX,0.0,,6525.0
2025-07-08 11:40:56,3200.0,3223.25,Put CEX 5,CEX,0.0,,6525.0
2025-07-08 11:40:56,3200.0,3223.25,Call VEX 5,VEX,0.0,,6525.0
2025-07-08 11:40:56,3200.0,3223.25,Put VEX 5,VEX,0.0,,6525.0
2025-07-08 11:40:56,6025.0,6069.0,Put DEX 5,DEX,-2.23,,6525.0
2025-07-08 11:40:56,6035.0,6079.0,Put DEX 2,DEX,-6.365,,6525.0
2025-07-08 11:40:56,6035.0,6079.0,Put GEX 4,GEX,-12424.314,,6525.0
2025-07-08 11:40:56,6050.0,6094.0,Put DEX 1,DEX,-6.897,,6525.0
2025-07-08 11:40:56,6050.0,6094.0,Put GEX 3,GEX,-14705.986,,6525.0
2025-07-08 11:40:56,6075.0,6119.25,Put DEX 4,DEX,-3.039,,6525.0
2025-07-08 11:40:56,6100.0,6144.5,Put DEX 3,DEX,-5.835,,6525.0
2025-07-08 11:40:56,6100.0,6144.5,Put GEX 1,GEX,-21353.636,,6525.0
2025-07-08 11:40:56,6125.0,6169.75,Call DEX 3,DEX,5.031,,6525.0
2025-07-08 11:40:56,6150.0,6194.75,Put GEX 5,GEX,-9131.182,,6525.0
2025-07-08 11:40:56,6200.0,6245.25,Put GEX 2,GEX,-16466.685,,6525.0
2025-07-08 11:40:56,6225.0,6270.5,Call GEX 5,GEX,15201.783,,6525.0
2025-07-08 11:40:56,6250.0,6295.5,Call GEX 4,GEX,16760.508,,6525.0
2025-07-08 11:40:56,6275.0,6320.75,Call DEX 1,DEX,20.939,,6525.0
2025-07-08 11:40:56,6275.0,6320.75,Call GEX 1,GEX,155766.511,,6525.0
2025-07-08 11:40:56,6285.0,6330.75,Call DEX 5,DEX,3.095,,6525.0
2025-07-08 11:40:56,6285.0,6330.75,Call GEX 3,GEX,20793.427,,6525.0
2025-07-08 11:40:56,6300.0,6346.0,Call DEX 2,DEX,5.81,,6525.0
2025-07-08 11:40:56,6300.0,6346.0,Call GEX 2,GEX,31536.254,,6525.0
2025-07-08 11:40:56,6350.0,6396.25,Call DEX 4,DEX,3.247,,6525.0
2025-07-08 11:42:31,2400.0,2417.25,Call CEX 1,CEX,0.0,,6525.0
2025-07-08 11:42:31,2400.0,2417.25,Put CEX 1,CEX,0.0,,6525.0
2025-07-08 11:42:31,2400.0,2417.25,Call VEX 1,VEX,0.0,,6525.0
2025-07-08 11:42:31,2400.0,2417.25,Put VEX 1,VEX,0.0,,6525.0
2025-07-08 11:42:31,2600.0,2618.75,Call CEX 2,CEX,0.0,,6525.0
2025-07-08 11:42:31,2600.0,2618.75,Put CEX 2,CEX,0.0,,6525.0
2025-07-08 11:42:31,2600.0,2618.75,Call VEX 2,VEX,0.0,,6525.0
2025-07-08 11:42:31,2600.0,2618.75,Put VEX 2,VEX,0.0,,6525.0
2025-07-08 11:42:31,2800.0,2820.25,Call CEX 3,CEX,0.0,,6525.0
2025-07-08 11:42:31,2800.0,2820.25,Put CEX 3,CEX,0.0,,6525.0
2025-07-08 11:42:31,2800.0,2820.25,Call VEX 3,VEX,0.0,,6525.0
2025-07-08 11:42:31,2800.0,2820.25,Put VEX 3,VEX,0.0,,6525.0
2025-07-08 11:42:31,3000.0,3021.75,Call CEX 4,CEX,0.0,,6525.0
2025-07-08 11:42:31,3000.0,3021.75,Put CEX 4,CEX,0.0,,6525.0
2025-07-08 11:42:31,3000.0,3021.75,Call VEX 4,VEX,0.0,,6525.0
2025-07-08 11:42:31,3000.0,3021.75,Put VEX 4,VEX,0.0,,6525.0
2025-07-08 11:42:31,3200.0,3223.0,Call CEX 5,CEX,0.0,,6525.0
2025-07-08 11:42:31,3200.0,3223.0,Put CEX 5,CEX,0.0,,6525.0
2025-07-08 11:42:31,3200.0,3223.0,Call VEX 5,VEX,0.0,,6525.0
2025-07-08 11:42:31,3200.0,3223.0,Put VEX 5,VEX,0.0,,6525.0
2025-07-08 11:42:31,6000.0,6043.25,Put DEX 4,DEX,-4.643,,6525.0
2025-07-08 11:42:31,6035.0,6078.5,Put DEX 3,DEX,-6.424,,6525.0
2025-07-08 11:42:31,6035.0,6078.5,Put GEX 3,GEX,-12425.77,,6525.0
2025-07-08 11:42:31,6050.0,6093.75,Put DEX 2,DEX,-7.077,,6525.0
2025-07-08 11:42:31,6050.0,6093.75,Put GEX 2,GEX,-14830.886,,6525.0
2025-07-08 11:42:31,6075.0,6118.75,Put DEX 5,DEX,-3.578,,6525.0
2025-07-08 11:42:31,6075.0,6118.75,Put GEX 5,GEX,-8695.691,,6525.0
2025-07-08 11:42:31,6100.0,6144.0,Put DEX 1,DEX,-8.891,,6525.0
2025-07-08 11:42:31,6100.0,6144.0,Put GEX 1,GEX,-25680.757,,6525.0
2025-07-08 11:42:31,6175.0,6219.5,Call DEX 5,DEX,2.878,,6525.0
2025-07-08 11:42:31,6200.0,6244.75,Put GEX 4,GEX,-10014.045,,6525.0
2025-07-08 11:42:31,6225.0,6270.0,Call GEX 4,GEX,19477.19,,6525.0
2025-07-08 11:42:31,6250.0,6295.0,Call GEX 3,GEX,19958.478,,6525.0
2025-07-08 11:42:31,6275.0,6320.25,Call DEX 1,DEX,20.88,,6525.0
2025-07-08 11:42:31,6275.0,6320.25,Call GEX 1,GEX,160396.275,,6525.0
2025-07-08 11:42:31,6285.0,6330.25,Call DEX 3,DEX,3.096,,6525.0
2025-07-08 11:42:31,6285.0,6330.25,Call GEX 2,GEX,21276.198,,6525.0
2025-07-08 11:42:31,6300.0,6345.5,Call GEX 5,GEX,19024.162,,6525.0
2025-07-08 11:42:31,6350.0,6395.75,Call DEX 2,DEX,3.155,,6525.0
2025-07-08 11:42:31,6400.0,6446.25,Call DEX 4,DEX,2.976,,6525.0
2025-07-08 11:43:59,2400.0,2417.5,Call CEX 1,CEX,0.0,,6800.0
2025-07-08 11:43:59,2400.0,2417.5,Put CEX 1,CEX,0.0,,6800.0
2025-07-08 11:43:59,2400.0,2417.5,Call VEX 1,VEX,0.0,,6800.0
2025-07-08 11:43:59,2400.0,2417.5,Put VEX 1,VEX,0.0,,6800.0
2025-07-08 11:43:59,2600.0,2619.0,Call CEX 2,CEX,0.0,,6800.0
2025-07-08 11:43:59,2600.0,2619.0,Put CEX 2,CEX,0.0,,6800.0
2025-07-08 11:43:59,2600.0,2619.0,Call VEX 2,VEX,0.0,,6800.0
2025-07-08 11:43:59,2600.0,2619.0,Put VEX 2,VEX,0.0,,6800.0
2025-07-08 11:43:59,2800.0,2820.5,Call CEX 3,CEX,0.0,,6800.0
2025-07-08 11:43:59,2800.0,2820.5,Put CEX 3,CEX,0.0,,6800.0
2025-07-08 11:43:59,2800.0,2820.5,Call VEX 3,VEX,0.0,,6800.0
2025-07-08 11:43:59,2800.0,2820.5,Put VEX 3,VEX,0.0,,6800.0
2025-07-08 11:43:59,3000.0,3022.0,Call CEX 4,CEX,0.0,,6800.0
2025-07-08 11:43:59,3000.0,3022.0,Put CEX 4,CEX,0.0,,6800.0
2025-07-08 11:43:59,3000.0,3022.0,Call VEX 4,VEX,0.0,,6800.0
2025-07-08 11:43:59,3000.0,3022.0,Put VEX 4,VEX,0.0,,6800.0
2025-07-08 11:43:59,3200.0,3223.5,Call CEX 5,CEX,0.0,,6800.0
2025-07-08 11:43:59,3200.0,3223.5,Put CEX 5,CEX,0.0,,6800.0
2025-07-08 11:43:59,3200.0,3223.5,Call VEX 5,VEX,0.0,,6800.0
2025-07-08 11:43:59,3200.0,3223.5,Put VEX 5,VEX,0.0,,6800.0
2025-07-08 11:43:59,6000.0,6044.0,Put DEX 4,DEX,-4.643,,6800.0
2025-07-08 11:43:59,6035.0,6079.25,Put DEX 3,DEX,-6.424,,6800.0
2025-07-08 11:43:59,6035.0,6079.25,Put GEX 3,GEX,-12515.034,,6800.0
2025-07-08 11:43:59,6050.0,6094.25,Put DEX 2,DEX,-7.076,,6800.0
2025-07-08 11:43:59,6050.0,6094.25,Put GEX 2,GEX,-14951.006,,6800.0
2025-07-08 11:43:59,6075.0,6119.5,Put DEX 5,DEX,-3.577,,6800.0
2025-07-08 11:43:59,6075.0,6119.5,Put GEX 5,GEX,-8777.716,,6800.0
2025-07-08 11:43:59,6100.0,6144.75,Put DEX 1,DEX,-8.893,,6800.0
2025-07-08 11:43:59,6100.0,6144.75,Put GEX 1,GEX,-25959.492,,6800.0
2025-07-08 11:43:59,6175.0,6220.25,Call DEX 5,DEX,2.875,,6800.0
2025-07-08 11:43:59,6200.0,6245.5,Put GEX 4,GEX,-9314.215,,6800.0
2025-07-08 11:43:59,6225.0,6270.5,Call GEX 3,GEX,19964.761,,6800.0
2025-07-08 11:43:59,6250.0,6295.75,Call GEX 4,GEX,19815.485,,6800.0
2025-07-08 11:43:59,6275.0,6321.0,Call DEX 1,DEX,20.753,,6800.0
2025-07-08 11:43:59,6275.0,6321.0,Call GEX 1,GEX,156751.433,,6800.0
2025-07-08 11:43:59,6285.0,6331.0,Call DEX 3,DEX,3.085,,6800.0
2025-07-08 11:43:59,6285.0,6331.0,Call GEX 2,GEX,20803.924,,6800.0
2025-07-08 11:43:59,6300.0,6346.25,Call GEX 5,GEX,18772.565,,6800.0
2025-07-08 11:43:59,6350.0,6396.5,Call DEX 2,DEX,3.155,,6800.0
2025-07-08 11:43:59,6400.0,6447.0,Call DEX 4,DEX,2.976,,6800.0
2025-07-08 11:45:27,2400.0,2417.5,Call CEX 1,CEX,0.0,,6525.0
2025-07-08 11:45:27,2400.0,2417.5,Put CEX 1,CEX,0.0,,6525.0
2025-07-08 11:45:27,2400.0,2417.5,Call VEX 1,VEX,0.0,,6525.0
2025-07-08 11:45:27,2400.0,2417.5,Put VEX 1,VEX,0.0,,6525.0
2025-07-08 11:45:27,2600.0,2619.0,Call CEX 2,CEX,0.0,,6525.0
2025-07-08 11:45:27,2600.0,2619.0,Put CEX 2,CEX,0.0,,6525.0
2025-07-08 11:45:27,2600.0,2619.0,Call VEX 2,VEX,0.0,,6525.0
2025-07-08 11:45:27,2600.0,2619.0,Put VEX 2,VEX,0.0,,6525.0
2025-07-08 11:45:27,2800.0,2820.5,Call CEX 3,CEX,0.0,,6525.0
2025-07-08 11:45:27,2800.0,2820.5,Put CEX 3,CEX,0.0,,6525.0
2025-07-08 11:45:27,2800.0,2820.5,Call VEX 3,VEX,0.0,,6525.0
2025-07-08 11:45:27,2800.0,2820.5,Put VEX 3,VEX,0.0,,6525.0
2025-07-08 11:45:27,3000.0,3021.75,Call CEX 4,CEX,0.0,,6525.0
2025-07-08 11:45:27,3000.0,3021.75,Put CEX 4,CEX,0.0,,6525.0
2025-07-08 11:45:27,3000.0,3021.75,Call VEX 4,VEX,0.0,,6525.0
2025-07-08 11:45:27,3000.0,3021.75,Put VEX 4,VEX,0.0,,6525.0
2025-07-08 11:45:27,3200.0,3223.25,Call CEX 5,CEX,0.0,,6525.0
2025-07-08 11:45:27,3200.0,3223.25,Put CEX 5,CEX,0.0,,6525.0
2025-07-08 11:45:27,3200.0,3223.25,Call VEX 5,VEX,0.0,,6525.0
2025-07-08 11:45:27,3200.0,3223.25,Put VEX 5,VEX,0.0,,6525.0
2025-07-08 11:45:27,6025.0,6069.0,Put DEX 5,DEX,-2.229,,6525.0
2025-07-08 11:45:27,6035.0,6079.0,Put DEX 2,DEX,-6.366,,6525.0
2025-07-08 11:45:27,6035.0,6079.0,Put GEX 3,GEX,-12546.66,,6525.0
2025-07-08 11:45:27,6050.0,6094.0,Put DEX 1,DEX,-6.894,,6525.0
2025-07-08 11:45:27,6050.0,6094.0,Put GEX 2,GEX,-14864.483,,6525.0
2025-07-08 11:45:27,6075.0,6119.25,Put DEX 4,DEX,-3.034,,6525.0
2025-07-08 11:45:27,6100.0,6144.5,Put DEX 3,DEX,-5.8,,6525.0
2025-07-08 11:45:27,6100.0,6144.5,Put GEX 1,GEX,-21520.529,,6525.0
2025-07-08 11:45:27,6125.0,6169.5,Call DEX 2,DEX,5.126,,6525.0
2025-07-08 11:45:27,6150.0,6194.75,Put GEX 5,GEX,-9090.865,,6525.0
2025-07-08 11:45:27,6200.0,6245.25,Put GEX 4,GEX,-12496.176,,6525.0
2025-07-08 11:45:27,6225.0,6270.25,Call GEX 4,GEX,17848.302,,6525.0
2025-07-08 11:45:27,6250.0,6295.5,Call GEX 3,GEX,18139.316,,6525.0
2025-07-08 11:45:27,6275.0,6320.75,Call DEX 1,DEX,20.725,,6525.0
2025-07-08 11:45:27,6275.0,6320.75,Call GEX 1,GEX,151993.094,,6525.0
2025-07-08 11:45:27,6285.0,6330.75,Call DEX 4,DEX,3.08,,6525.0
2025-07-08 11:45:27,6285.0,6330.75,Call GEX 2,GEX,20262.75,,6525.0
2025-07-08 11:45:27,6300.0,6346.0,Call GEX 5,GEX,17847.686,,6525.0
2025-07-08 11:45:27,6350.0,6396.25,Call DEX 3,DEX,3.154,,6525.0
2025-07-08 11:45:27,6400.0,6446.5,Call DEX 5,DEX,2.976,,6525.0
2025-07-08 11:46:54,2400.0,2417.75,Call CEX 1,CEX,0.0,,6525.0
2025-07-08 11:46:54,2400.0,2417.75,Put CEX 1,CEX,0.0,,6525.0
2025-07-08 11:46:54,2400.0,2417.75,Call VEX 1,VEX,0.0,,6525.0
2025-07-08 11:46:54,2400.0,2417.75,Put VEX 1,VEX,0.0,,6525.0
2025-07-08 11:46:54,2600.0,2619.25,Call CEX 2,CEX,0.0,,6525.0
2025-07-08 11:46:54,2600.0,2619.25,Put CEX 2,CEX,0.0,,6525.0
2025-07-08 11:46:54,2600.0,2619.25,Call VEX 2,VEX,0.0,,6525.0
2025-07-08 11:46:54,2600.0,2619.25,Put VEX 2,VEX,0.0,,6525.0
2025-07-08 11:46:54,2800.0,2820.75,Call CEX 3,CEX,0.0,,6525.0
2025-07-08 11:46:54,2800.0,2820.75,Put CEX 3,CEX,0.0,,6525.0
2025-07-08 11:46:54,2800.0,2820.75,Call VEX 3,VEX,0.0,,6525.0
2025-07-08 11:46:54,2800.0,2820.75,Put VEX 3,VEX,0.0,,6525.0
2025-07-08 11:46:54,3000.0,3022.25,Call CEX 4,CEX,0.0,,6525.0
2025-07-08 11:46:54,3000.0,3022.25,Put CEX 4,CEX,0.0,,6525.0
2025-07-08 11:46:54,3000.0,3022.25,Call VEX 4,VEX,0.0,,6525.0
2025-07-08 11:46:54,3000.0,3022.25,Put VEX 4,VEX,0.0,,6525.0
2025-07-08 11:46:54,3200.0,3223.5,Call CEX 5,CEX,0.0,,6525.0
2025-07-08 11:46:54,3200.0,3223.5,Put CEX 5,CEX,0.0,,6525.0
2025-07-08 11:46:54,3200.0,3223.5,Call VEX 5,VEX,0.0,,6525.0
2025-07-08 11:46:54,3200.0,3223.5,Put VEX 5,VEX,0.0,,6525.0
2025-07-08 11:46:54,6025.0,6069.5,Put DEX 5,DEX,-2.23,,6525.0
2025-07-08 11:46:54,6035.0,6079.5,Put DEX 2,DEX,-6.365,,6525.0
2025-07-08 11:46:54,6035.0,6079.5,Put GEX 4,GEX,-12657.772,,6525.0
2025-07-08 11:46:54,6050.0,6094.75,Put DEX 1,DEX,-6.895,,6525.0
2025-07-08 11:46:54,6050.0,6094.75,Put GEX 3,GEX,-15010.895,,6525.0
2025-07-08 11:46:54,6075.0,6119.75,Put DEX 4,DEX,-3.04,,6525.0
2025-07-08 11:46:54,6100.0,6145.0,Put DEX 3,DEX,-5.842,,6525.0
2025-07-08 11:46:54,6100.0,6145.0,Put GEX 1,GEX,-21978.627,,6525.0
2025-07-08 11:46:54,6125.0,6170.25,Call DEX 3,DEX,5.015,,6525.0
2025-07-08 11:46:54,6150.0,6195.25,Put GEX 5,GEX,-9527.146,,6525.0
2025-07-08 11:46:54,6200.0,6245.75,Put GEX 2,GEX,-17396.869,,6525.0
2025-07-08 11:46:54,6225.0,6271.0,Call GEX 5,GEX,15249.064,,6525.0
2025-07-08 11:46:54,6250.0,6296.0,Call GEX 4,GEX,16090.369,,6525.0
2025-07-08 11:46:54,6275.0,6321.25,Call DEX 1,DEX,20.672,,6525.0
2025-07-08 11:46:54,6275.0,6321.25,Call GEX 1,GEX,146755.04,,6525.0
2025-07-08 11:46:54,6285.0,6331.25,Call DEX 4,DEX,3.247,,6525.0
2025-07-08 11:46:54,6285.0,6331.25,Call GEX 3,GEX,20216.802,,6525.0
2025-07-08 11:46:54,6300.0,6346.5,Call DEX 2,DEX,5.796,,6525.0
2025-07-08 11:46:54,6300.0,6346.5,Call GEX 2,GEX,29986.125,,6525.0
2025-07-08 11:46:54,6350.0,6396.75,Call DEX 5,DEX,3.246,,6525.0
2025-07-08 11:48:36,2400.0,2417.5,Call CEX 1,CEX,0.0,,6525.0
2025-07-08 11:48:36,2400.0,2417.5,Put CEX 1,CEX,0.0,,6525.0
2025-07-08 11:48:36,2400.0,2417.5,Call VEX 1,VEX,0.0,,6525.0
2025-07-08 11:48:36,2400.0,2417.5,Put VEX 1,VEX,0.0,,6525.0
2025-07-08 11:48:36,2600.0,2619.0,Call CEX 2,CEX,0.0,,6525.0
2025-07-08 11:48:36,2600.0,2619.0,Put CEX 2,CEX,0.0,,6525.0
2025-07-08 11:48:36,2600.0,2619.0,Call VEX 2,VEX,0.0,,6525.0
2025-07-08 11:48:36,2600.0,2619.0,Put VEX 2,VEX,0.0,,6525.0
2025-07-08 11:48:36,2800.0,2820.5,Call CEX 3,CEX,0.0,,6525.0
2025-07-08 11:48:36,2800.0,2820.5,Put CEX 3,CEX,0.0,,6525.0
2025-07-08 11:48:36,2800.0,2820.5,Call VEX 3,VEX,0.0,,6525.0
2025-07-08 11:48:36,2800.0,2820.5,Put VEX 3,VEX,0.0,,6525.0
2025-07-08 11:48:36,3000.0,3022.0,Call CEX 4,CEX,0.0,,6525.0
2025-07-08 11:48:36,3000.0,3022.0,Put CEX 4,CEX,0.0,,6525.0
2025-07-08 11:48:36,3000.0,3022.0,Call VEX 4,VEX,0.0,,6525.0
2025-07-08 11:48:36,3000.0,3022.0,Put VEX 4,VEX,0.0,,6525.0
2025-07-08 11:48:36,3200.0,3223.5,Call CEX 5,CEX,0.0,,6525.0
2025-07-08 11:48:36,3200.0,3223.5,Put CEX 5,CEX,0.0,,6525.0
2025-07-08 11:48:36,3200.0,3223.5,Call VEX 5,VEX,0.0,,6525.0
2025-07-08 11:48:36,3200.0,3223.5,Put VEX 5,VEX,0.0,,6525.0
2025-07-08 11:48:36,6025.0,6069.0,Put DEX 5,DEX,-2.229,,6525.0
2025-07-08 11:48:36,6035.0,6079.0,Put DEX 2,DEX,-6.366,,6525.0
2025-07-08 11:48:36,6035.0,6079.0,Put GEX 4,GEX,-12551.979,,6525.0
2025-07-08 11:48:36,6050.0,6094.25,Put DEX 1,DEX,-6.894,,6525.0
2025-07-08 11:48:36,6050.0,6094.25,Put GEX 2,GEX,-14876.332,,6525.0
2025-07-08 11:48:36,6075.0,6119.5,Put DEX 4,DEX,-3.035,,6525.0
2025-07-08 11:48:36,6100.0,6144.5,Put DEX 3,DEX,-5.805,,6525.0
2025-07-08 11:48:36,6100.0,6144.5,Put GEX 1,GEX,-21552.256,,6525.0
2025-07-08 11:48:36,6125.0,6169.75,Call DEX 2,DEX,5.112,,6525.0
2025-07-08 11:48:36,6150.0,6195.0,Put GEX 5,GEX,-9143.22,,6525.0
2025-07-08 11:48:36,6200.0,6245.25,Put GEX 3,GEX,-13280.847,,6525.0
2025-07-08 11:48:36,6225.0,6270.5,Call GEX 5,GEX,17593.107,,6525.0
2025-07-08 11:48:36,6250.0,6295.75,Call GEX 3,GEX,17989.502,,6525.0
2025-07-08 11:48:36,6275.0,6320.75,Call DEX 1,DEX,20.709,,6525.0
2025-07-08 11:48:36,6275.0,6320.75,Call GEX 1,GEX,151885.77,,6525.0
2025-07-08 11:48:36,6285.0,6331.0,Call DEX 4,DEX,3.08,,6525.0
2025-07-08 11:48:36,6285.0,6331.0,Call GEX 2,GEX,20228.388,,6525.0
2025-07-08 11:48:36,6300.0,6346.0,Call GEX 4,GEX,17701.657,,6525.0
2025-07-08 11:48:36,6350.0,6396.5,Call DEX 3,DEX,3.154,,6525.0
2025-07-08 11:48:36,6400.0,6446.75,Call DEX 5,DEX,2.976,,6525.0
2025-07-08 11:50:16,2400.0,2417.75,Call CEX 1,CEX,0.0,,6525.0
2025-07-08 11:50:16,2400.0,2417.75,Put CEX 1,CEX,0.0,,6525.0
2025-07-08 11:50:16,2400.0,2417.75,Call VEX 1,VEX,0.0,,6525.0
2025-07-08 11:50:16,2400.0,2417.75,Put VEX 1,VEX,0.0,,6525.0
2025-07-08 11:50:16,2600.0,2619.25,Call CEX 2,CEX,0.0,,6525.0
2025-07-08 11:50:16,2600.0,2619.25,Put CEX 2,CEX,0.0,,6525.0
2025-07-08 11:50:16,2600.0,2619.25,Call VEX 2,VEX,0.0,,6525.0
2025-07-08 11:50:16,2600.0,2619.25,Put VEX 2,VEX,0.0,,6525.0
2025-07-08 11:50:16,2800.0,2820.75,Call CEX 3,CEX,0.0,,6525.0
2025-07-08 11:50:16,2800.0,2820.75,Put CEX 3,CEX,0.0,,6525.0
2025-07-08 11:50:16,2800.0,2820.75,Call VEX 3,VEX,0.0,,6525.0
2025-07-08 11:50:16,2800.0,2820.75,Put VEX 3,VEX,0.0,,6525.0
2025-07-08 11:50:16,3000.0,3022.25,Call CEX 4,CEX,0.0,,6525.0
2025-07-08 11:50:16,3000.0,3022.25,Put CEX 4,CEX,0.0,,6525.0
2025-07-08 11:50:16,3000.0,3022.25,Call VEX 4,VEX,0.0,,6525.0
2025-07-08 11:50:16,3000.0,3022.25,Put VEX 4,VEX,0.0,,6525.0
2025-07-08 11:50:16,3200.0,3223.5,Call CEX 5,CEX,0.0,,6525.0
2025-07-08 11:50:16,3200.0,3223.5,Put CEX 5,CEX,0.0,,6525.0
2025-07-08 11:50:16,3200.0,3223.5,Call VEX 5,VEX,0.0,,6525.0
2025-07-08 11:50:16,3200.0,3223.5,Put VEX 5,VEX,0.0,,6525.0
2025-07-08 11:50:16,6025.0,6069.5,Put DEX 5,DEX,-2.229,,6525.0
2025-07-08 11:50:16,6035.0,6079.5,Put DEX 2,DEX,-6.366,,6525.0
2025-07-08 11:50:16,6035.0,6079.5,Put GEX 4,GEX,-12573.345,,6525.0
2025-07-08 11:50:16,6050.0,6094.75,Put DEX 1,DEX,-6.895,,6525.0
2025-07-08 11:50:16,6050.0,6094.75,Put GEX 2,GEX,-14900.402,,6525.0
2025-07-08 11:50:16,6075.0,6119.75,Put DEX 4,DEX,-3.037,,6525.0
2025-07-08 11:50:16,6100.0,6145.0,Put DEX 3,DEX,-5.817,,6525.0
2025-07-08 11:50:16,6100.0,6145.0,Put GEX 1,GEX,-21678.738,,6525.0
2025-07-08 11:50:16,6125.0,6170.25,Call DEX 2,DEX,5.074,,6525.0
2025-07-08 11:50:16,6150.0,6195.5,Put GEX 5,GEX,-9258.009,,6525.0
2025-07-08 11:50:16,6200.0,6245.75,Put GEX 3,GEX,-14705.395,,6525.0
2025-07-08 11:50:16,6225.0,6271.0,Call GEX 5,GEX,16676.874,,6525.0
2025-07-08 11:50:16,6250.0,6296.25,Call GEX 4,GEX,17308.51,,6525.0
2025-07-08 11:50:16,6275.0,6321.25,Call DEX 1,DEX,20.709,,6525.0
2025-07-08 11:50:16,6275.0,6321.25,Call GEX 1,GEX,150670.489,,6525.0
2025-07-08 11:50:16,6285.0,6331.5,Call DEX 4,DEX,3.079,,6525.0
2025-07-08 11:50:16,6285.0,6331.5,Call GEX 2,GEX,20082.043,,6525.0
2025-07-08 11:50:16,6300.0,6346.5,Call GEX 3,GEX,17358.568,,6525.0
2025-07-08 11:50:16,6350.0,6397.0,Call DEX 3,DEX,3.247,,6525.0
2025-07-08 11:50:16,6400.0,6447.25,Call DEX 5,DEX,2.983,,6525.0
2025-07-08 11:51:56,2400.0,2417.75,Call CEX 1,CEX,0.0,,6525.0
2025-07-08 11:51:56,2400.0,2417.75,Put CEX 1,CEX,0.0,,6525.0
2025-07-08 11:51:56,2400.0,2417.75,Call VEX 1,VEX,0.0,,6525.0
2025-07-08 11:51:56,2400.0,2417.75,Put VEX 1,VEX,0.0,,6525.0
2025-07-08 11:51:56,2600.0,2619.25,Call CEX 2,CEX,0.0,,6525.0
2025-07-08 11:51:56,2600.0,2619.25,Put CEX 2,CEX,0.0,,6525.0
2025-07-08 11:51:56,2600.0,2619.25,Call VEX 2,VEX,0.0,,6525.0
2025-07-08 11:51:56,2600.0,2619.25,Put VEX 2,VEX,0.0,,6525.0
2025-07-08 11:51:56,2800.0,2820.5,Call CEX 3,CEX,0.0,,6525.0
2025-07-08 11:51:56,2800.0,2820.5,Put CEX 3,CEX,0.0,,6525.0
2025-07-08 11:51:56,2800.0,2820.5,Call VEX 3,VEX,0.0,,6525.0
2025-07-08 11:51:56,2800.0,2820.5,Put VEX 3,VEX,0.0,,6525.0
2025-07-08 11:51:56,3000.0,3022.0,Call CEX 4,CEX,0.0,,6525.0
2025-07-08 11:51:56,3000.0,3022.0,Put CEX 4,CEX,0.0,,6525.0
2025-07-08 11:51:56,3000.0,3022.0,Call VEX 4,VEX,0.0,,6525.0
2025-07-08 11:51:56,3000.0,3022.0,Put VEX 4,VEX,0.0,,6525.0
2025-07-08 11:51:56,3200.0,3223.5,Call CEX 5,CEX,0.0,,6525.0
2025-07-08 11:51:56,3200.0,3223.5,Put CEX 5,CEX,0.0,,6525.0
2025-07-08 11:51:56,3200.0,3223.5,Call VEX 5,VEX,0.0,,6525.0
2025-07-08 11:51:56,3200.0,3223.5,Put VEX 5,VEX,0.0,,6525.0
2025-07-08 11:51:56,6025.0,6069.25,Put DEX 5,DEX,-2.229,,6525.0
2025-07-08 11:51:56,6035.0,6079.5,Put DEX 2,DEX,-6.364,,6525.0
2025-07-08 11:51:56,6035.0,6079.5,Put GEX 4,GEX,-12542.274,,6525.0
2025-07-08 11:51:56,6050.0,6094.5,Put DEX 1,DEX,-6.894,,6525.0
2025-07-08 11:51:56,6050.0,6094.5,Put GEX 3,GEX,-14860.358,,6525.0
2025-07-08 11:51:56,6075.0,6119.75,Put DEX 4,DEX,-3.037,,6525.0
2025-07-08 11:51:56,6100.0,6145.0,Put DEX 3,DEX,-5.815,,6525.0
2025-07-08 11:51:56,6100.0,6145.0,Put GEX 1,GEX,-21580.818,,6525.0
2025-07-08 11:51:56,6125.0,6170.0,Call DEX 2,DEX,5.075,,6525.0
2025-07-08 11:51:56,6150.0,6195.25,Put GEX 5,GEX,-9214.038,,6525.0
2025-07-08 11:51:56,6200.0,6245.75,Put GEX 2,GEX,-14862.182,,6525.0
2025-07-08 11:51:56,6225.0,6270.75,Call GEX 5,GEX,16705.979,,6525.0
2025-07-08 11:51:56,6250.0,6296.0,Call GEX 4,GEX,17384.643,,6525.0
2025-07-08 11:51:56,6275.0,6321.25,Call DEX 1,DEX,20.747,,6525.0
2025-07-08 11:51:56,6275.0,6321.25,Call GEX 1,GEX,151983.986,,6525.0
2025-07-08 11:51:56,6285.0,6331.25,Call DEX 4,DEX,3.082,,6525.0
2025-07-08 11:51:56,6285.0,6331.25,Call GEX 2,GEX,20250.788,,6525.0
2025-07-08 11:51:56,6300.0,6346.5,Call GEX 3,GEX,17513.437,,6525.0
2025-07-08 11:51:56,6350.0,6396.75,Call DEX 3,DEX,3.153,,6525.0
2025-07-08 11:51:56,6400.0,6447.25,Call DEX 5,DEX,2.976,,6525.0
2025-07-08 11:53:36,2400.0,2417.75,Call CEX 1,CEX,0.0,,6525.0
2025-07-08 11:53:36,2400.0,2417.75,Put CEX 1,CEX,0.0,,6525.0
2025-07-08 11:53:36,2400.0,2417.75,Call VEX 1,VEX,0.0,,6525.0
2025-07-08 11:53:36,2400.0,2417.75,Put VEX 1,VEX,0.0,,6525.0
2025-07-08 11:53:36,2600.0,2619.25,Call CEX 2,CEX,0.0,,6525.0
2025-07-08 11:53:36,2600.0,2619.25,Put CEX 2,CEX,0.0,,6525.0
2025-07-08 11:53:36,2600.0,2619.25,Call VEX 2,VEX,0.0,,6525.0
2025-07-08 11:53:36,2600.0,2619.25,Put VEX 2,VEX,0.0,,6525.0
2025-07-08 11:53:36,2800.0,2820.75,Call CEX 3,CEX,0.0,,6525.0
2025-07-08 11:53:36,2800.0,2820.75,Put CEX 3,CEX,0.0,,6525.0
2025-07-08 11:53:36,2800.0,2820.75,Call VEX 3,VEX,0.0,,6525.0
2025-07-08 11:53:36,2800.0,2820.75,Put VEX 3,VEX,0.0,,6525.0
2025-07-08 11:53:36,3000.0,3022.25,Call CEX 4,CEX,0.0,,6525.0
2025-07-08 11:53:36,3000.0,3022.25,Put CEX 4,CEX,0.0,,6525.0
2025-07-08 11:53:36,3000.0,3022.25,Call VEX 4,VEX,0.0,,6525.0
2025-07-08 11:53:36,3000.0,3022.25,Put VEX 4,VEX,0.0,,6525.0
2025-07-08 11:53:36,3200.0,3223.75,Call CEX 5,CEX,0.0,,6525.0
2025-07-08 11:53:36,3200.0,3223.75,Put CEX 5,CEX,0.0,,6525.0
2025-07-08 11:53:36,3200.0,3223.75,Call VEX 5,VEX,0.0,,6525.0
2025-07-08 11:53:36,3200.0,3223.75,Put VEX 5,VEX,0.0,,6525.0
2025-07-08 11:53:36,6025.0,6069.75,Put DEX 5,DEX,-2.23,,6525.0
2025-07-08 11:53:36,6035.0,6080.0,Put DEX 2,DEX,-6.366,,6525.0
2025-07-08 11:53:36,6035.0,6080.0,Put GEX 4,GEX,-12532.405,,6525.0
2025-07-08 11:53:36,6050.0,6095.0,Put DEX 1,DEX,-6.895,,6525.0
2025-07-08 11:53:36,6050.0,6095.0,Put GEX 3,GEX,-14853.189,,6525.0
2025-07-08 11:53:36,6075.0,6120.25,Put DEX 4,DEX,-3.038,,6525.0
2025-07-08 11:53:36,6100.0,6145.25,Put DEX 3,DEX,-5.829,,6525.0
2025-07-08 11:53:36,6100.0,6145.25,Put GEX 1,GEX,-21619.593,,6525.0
2025-07-08 11:53:36,6125.0,6170.5,Call DEX 3,DEX,5.049,,6525.0
2025-07-08 11:53:36,6150.0,6195.75,Put GEX 5,GEX,-9267.431,,6525.0
2025-07-08 11:53:36,6200.0,6246.0,Put GEX 2,GEX,-15959.313,,6525.0
2025-07-08 11:53:36,6225.0,6271.25,Call GEX 5,GEX,15948.493,,6525.0
2025-07-08 11:53:36,6250.0,6296.5,Call GEX 4,GEX,16900.97,,6525.0
2025-07-08 11:53:36,6275.0,6321.75,Call DEX 1,DEX,20.771,,6525.0
2025-07-08 11:53:36,6275.0,6321.75,Call GEX 1,GEX,151925.502,,6525.0
2025-07-08 11:53:36,6285.0,6331.75,Call DEX 5,DEX,3.083,,6525.0
2025-07-08 11:53:36,6285.0,6331.75,Call GEX 3,GEX,20257.155,,6525.0
2025-07-08 11:53:36,6300.0,6346.75,Call DEX 2,DEX,5.798,,6525.0
2025-07-08 11:53:36,6300.0,6346.75,Call GEX 2,GEX,30814.027,,6525.0
2025-07-08 11:53:36,6350.0,6397.25,Call DEX 4,DEX,3.247,,6525.0
2025-07-08 11:55:04,2400.0,2417.5,Call CEX 1,CEX,0.0,,6800.0
2025-07-08 11:55:04,2400.0,2417.5,Put CEX 1,CEX,0.0,,6800.0
2025-07-08 11:55:04,2400.0,2417.5,Call VEX 1,VEX,0.0,,6800.0
2025-07-08 11:55:04,2400.0,2417.5,Put VEX 1,VEX,0.0,,6800.0
2025-07-08 11:55:04,2600.0,2619.0,Call CEX 2,CEX,0.0,,6800.0
2025-07-08 11:55:04,2600.0,2619.0,Put CEX 2,CEX,0.0,,6800.0
2025-07-08 11:55:04,2600.0,2619.0,Call VEX 2,VEX,0.0,,6800.0
2025-07-08 11:55:04,2600.0,2619.0,Put VEX 2,VEX,0.0,,6800.0
2025-07-08 11:55:04,2800.0,2820.5,Call CEX 3,CEX,0.0,,6800.0
2025-07-08 11:55:04,2800.0,2820.5,Put CEX 3,CEX,0.0,,6800.0
2025-07-08 11:55:04,2800.0,2820.5,Call VEX 3,VEX,0.0,,6800.0
2025-07-08 11:55:04,2800.0,2820.5,Put VEX 3,VEX,0.0,,6800.0
2025-07-08 11:55:04,3000.0,3022.0,Call CEX 4,CEX,0.0,,6800.0
2025-07-08 11:55:04,3000.0,3022.0,Put CEX 4,CEX,0.0,,6800.0
2025-07-08 11:55:04,3000.0,3022.0,Call VEX 4,VEX,0.0,,6800.0
2025-07-08 11:55:04,3000.0,3022.0,Put VEX 4,VEX,0.0,,6800.0
2025-07-08 11:55:04,3200.0,3223.5,Call CEX 5,CEX,0.0,,6800.0
2025-07-08 11:55:04,3200.0,3223.5,Put CEX 5,CEX,0.0,,6800.0
2025-07-08 11:55:04,3200.0,3223.5,Call VEX 5,VEX,0.0,,6800.0
2025-07-08 11:55:04,3200.0,3223.5,Put VEX 5,VEX,0.0,,6800.0
2025-07-08 11:55:04,6000.0,6044.0,Put DEX 4,DEX,-4.643,,6800.0
2025-07-08 11:55:04,6035.0,6079.25,Put DEX 2,DEX,-6.424,,6800.0
2025-07-08 11:55:04,6035.0,6079.25,Put GEX 3,GEX,-12539.864,,6800.0
2025-07-08 11:55:04,6050.0,6094.25,Put DEX 1,DEX,-7.076,,6800.0
2025-07-08 11:55:04,6050.0,6094.25,Put GEX 2,GEX,-14983.221,,6800.0
2025-07-08 11:55:04,6075.0,6119.5,Put DEX 5,DEX,-3.033,,6800.0
2025-07-08 11:55:04,6100.0,6144.75,Put DEX 3,DEX,-5.786,,6800.0
2025-07-08 11:55:04,6100.0,6144.75,Put GEX 1,GEX,-21326.641,,6800.0
2025-07-08 11:55:04,6125.0,6169.75,Call DEX 2,DEX,5.153,,6800.0
2025-07-08 11:55:04,6150.0,6195.0,Put GEX 5,GEX,-8950.051,,6800.0
2025-07-08 11:55:04,6200.0,6245.5,Put GEX 4,GEX,-11635.097,,6800.0
2025-07-08 11:55:04,6225.0,6270.5,Call GEX 4,GEX,18721.433,,6800.0
2025-07-08 11:55:04,6250.0,6295.75,Call GEX 3,GEX,18946.606,,6800.0
2025-07-08 11:55:04,6275.0,6321.0,Call DEX 1,DEX,20.725,,6800.0
2025-07-08 11:55:04,6275.0,6321.0,Call GEX 1,GEX,155566.671,,6800.0
2025-07-08 11:55:04,6285.0,6331.0,Call DEX 4,DEX,3.081,,6800.0
2025-07-08 11:55:04,6285.0,6331.0,Call GEX 2,GEX,20657.194,,6800.0
2025-07-08 11:55:04,6300.0,6346.25,Call GEX 5,GEX,18301.406,,6800.0
2025-07-08 11:55:04,6350.0,6396.5,Call DEX 3,DEX,3.154,,6800.0
2025-07-08 11:55:04,6400.0,6446.75,Call DEX 5,DEX,2.976,,6800.0
2025-07-08 11:56:31,2400.0,2417.75,Call CEX 1,CEX,0.0,,6800.0
2025-07-08 11:56:31,2400.0,2417.75,Put CEX 1,CEX,0.0,,6800.0
2025-07-08 11:56:31,2400.0,2417.75,Call VEX 1,VEX,0.0,,6800.0
2025-07-08 11:56:31,2400.0,2417.75,Put VEX 1,VEX,0.0,,6800.0
2025-07-08 11:56:31,2600.0,2619.0,Call CEX 2,CEX,0.0,,6800.0
2025-07-08 11:56:31,2600.0,2619.0,Put CEX 2,CEX,0.0,,6800.0
2025-07-08 11:56:31,2600.0,2619.0,Call VEX 2,VEX,0.0,,6800.0
2025-07-08 11:56:31,2600.0,2619.0,Put VEX 2,VEX,0.0,,6800.0
2025-07-08 11:56:31,2800.0,2820.5,Call CEX 3,CEX,0.0,,6800.0
2025-07-08 11:56:31,2800.0,2820.5,Put CEX 3,CEX,0.0,,6800.0
2025-07-08 11:56:31,2800.0,2820.5,Call VEX 3,VEX,0.0,,6800.0
2025-07-08 11:56:31,2800.0,2820.5,Put VEX 3,VEX,0.0,,6800.0
2025-07-08 11:56:31,3000.0,3022.0,Call CEX 4,CEX,0.0,,6800.0
2025-07-08 11:56:31,3000.0,3022.0,Put CEX 4,CEX,0.0,,6800.0
2025-07-08 11:56:31,3000.0,3022.0,Call VEX 4,VEX,0.0,,6800.0
2025-07-08 11:56:31,3000.0,3022.0,Put VEX 4,VEX,0.0,,6800.0
2025-07-08 11:56:31,3200.0,3223.5,Call CEX 5,CEX,0.0,,6800.0
2025-07-08 11:56:31,3200.0,3223.5,Put CEX 5,CEX,0.0,,6800.0
2025-07-08 11:56:31,3200.0,3223.5,Call VEX 5,VEX,0.0,,6800.0
2025-07-08 11:56:31,3200.0,3223.5,Put VEX 5,VEX,0.0,,6800.0
2025-07-08 11:56:31,6025.0,6069.25,Put DEX 5,DEX,-2.229,,6800.0
2025-07-08 11:56:31,6035.0,6079.25,Put DEX 2,DEX,-6.366,,6800.0
2025-07-08 11:56:31,6035.0,6079.25,Put GEX 4,GEX,-12499.655,,6800.0
2025-07-08 11:56:31,6050.0,6094.5,Put DEX 1,DEX,-6.894,,6800.0
2025-07-08 11:56:31,6050.0,6094.5,Put GEX 2,GEX,-14808.927,,6800.0
2025-07-08 11:56:31,6075.0,6119.75,Put DEX 4,DEX,-3.033,,6800.0
2025-07-08 11:56:31,6100.0,6144.75,Put DEX 3,DEX,-5.798,,6800.0
2025-07-08 11:56:31,6100.0,6144.75,Put GEX 1,GEX,-21413.389,,6800.0
2025-07-08 11:56:31,6125.0,6170.0,Call DEX 2,DEX,5.127,,6800.0
2025-07-08 11:56:31,6150.0,6195.25,Put GEX 5,GEX,-9047.241,,6800.0
2025-07-08 11:56:31,6200.0,6245.5,Put GEX 3,GEX,-12828.838,,6800.0
2025-07-08 11:56:31,6225.0,6270.75,Call GEX 5,GEX,17971.07,,6800.0
2025-07-08 11:56:31,6250.0,6296.0,Call GEX 3,GEX,18365.385,,6800.0
2025-07-08 11:56:31,6275.0,6321.0,Call DEX 1,DEX,20.728,,6800.0
2025-07-08 11:56:31,6275.0,6321.0,Call GEX 1,GEX,154461.994,,6800.0
2025-07-08 11:56:31,6285.0,6331.25,Call DEX 4,DEX,3.081,,6800.0
2025-07-08 11:56:31,6285.0,6331.25,Call GEX 2,GEX,20525.383,,6800.0
2025-07-08 11:56:31,6300.0,6346.25,Call GEX 4,GEX,18025.596,,6800.0
2025-07-08 11:56:31,6350.0,6396.75,Call DEX 3,DEX,3.154,,6800.0
2025-07-08 11:56:31,6400.0,6447.0,Call DEX 5,DEX,2.976,,6800.0
2025-07-08 11:57:58,2400.0,2417.25,Call CEX 1,CEX,0.0,,6800.0
2025-07-08 11:57:58,2400.0,2417.25,Put CEX 1,CEX,0.0,,6800.0
2025-07-08 11:57:58,2400.0,2417.25,Call VEX 1,VEX,0.0,,6800.0
2025-07-08 11:57:58,2400.0,2417.25,Put VEX 1,VEX,0.0,,6800.0
2025-07-08 11:57:58,2600.0,2618.75,Call CEX 2,CEX,0.0,,6800.0
2025-07-08 11:57:58,2600.0,2618.75,Put CEX 2,CEX,0.0,,6800.0
2025-07-08 11:57:58,2600.0,2618.75,Call VEX 2,VEX,0.0,,6800.0
2025-07-08 11:57:58,2600.0,2618.75,Put VEX 2,VEX,0.0,,6800.0
2025-07-08 11:57:58,2800.0,2820.25,Call CEX 3,CEX,0.0,,6800.0
2025-07-08 11:57:58,2800.0,2820.25,Put CEX 3,CEX,0.0,,6800.0
2025-07-08 11:57:58,2800.0,2820.25,Call VEX 3,VEX,0.0,,6800.0
2025-07-08 11:57:58,2800.0,2820.25,Put VEX 3,VEX,0.0,,6800.0
2025-07-08 11:57:58,3000.0,3021.75,Call CEX 4,CEX,0.0,,6800.0
2025-07-08 11:57:58,3000.0,3021.75,Put CEX 4,CEX,0.0,,6800.0
2025-07-08 11:57:58,3000.0,3021.75,Call VEX 4,VEX,0.0,,6800.0
2025-07-08 11:57:58,3000.0,3021.75,Put VEX 4,VEX,0.0,,6800.0
2025-07-08 11:57:58,3200.0,3223.0,Call CEX 5,CEX,0.0,,6800.0
2025-07-08 11:57:58,3200.0,3223.0,Put CEX 5,CEX,0.0,,6800.0
2025-07-08 11:57:58,3200.0,3223.0,Call VEX 5,VEX,0.0,,6800.0
2025-07-08 11:57:58,3200.0,3223.0,Put VEX 5,VEX,0.0,,6800.0
2025-07-08 11:57:58,6000.0,6043.25,Put DEX 4,DEX,-4.643,,6800.0
2025-07-08 11:57:58,6035.0,6078.5,Put DEX 2,DEX,-6.424,,6800.0
2025-07-08 11:57:58,6035.0,6078.5,Put GEX 3,GEX,-12505.75,,6800.0
2025-07-08 11:57:58,6050.0,6093.75,Put DEX 1,DEX,-7.076,,6800.0
2025-07-08 11:57:58,6050.0,6093.75,Put GEX 2,GEX,-14938.96,,6800.0
2025-07-08 11:57:58,6075.0,6118.75,Put DEX 5,DEX,-3.577,,6800.0
2025-07-08 11:57:58,6100.0,6144.0,Put DEX 3,DEX,-5.788,,6800.0
2025-07-08 11:57:58,6100.0,6144.0,Put GEX 1,GEX,-21243.509,,6800.0
2025-07-08 11:57:58,6125.0,6169.25,Call DEX 2,DEX,5.157,,6800.0
2025-07-08 11:57:58,6150.0,6194.5,Put GEX 5,GEX,-8890.314,,6800.0
2025-07-08 11:57:58,6200.0,6244.75,Put GEX 4,GEX,-11467.803,,6800.0
2025-07-08 11:57:58,6225.0,6270.0,Call GEX 4,GEX,18730.659,,6800.0
2025-07-08 11:57:58,6250.0,6295.25,Call GEX 3,GEX,19131.03,,6800.0
2025-07-08 11:57:58,6275.0,6320.25,Call DEX 1,DEX,20.765,,6800.0
2025-07-08 11:57:58,6275.0,6320.25,Call GEX 1,GEX,156977.805,,6800.0
2025-07-08 11:57:58,6285.0,6330.5,Call DEX 4,DEX,3.084,,6800.0
2025-07-08 11:57:58,6285.0,6330.5,Call GEX 2,GEX,20838.669,,6800.0
2025-07-08 11:57:58,6300.0,6345.5,Call GEX 5,GEX,18442.629,,6800.0
2025-07-08 11:57:58,6350.0,6395.75,Call DEX 3,DEX,3.154,,6800.0
2025-07-08 11:57:58,6400.0,6446.25,Call DEX 5,DEX,2.976,,6800.0
2025-07-08 11:59:38,2400.0,2417.5,Call CEX 1,CEX,0.0,,6800.0
2025-07-08 11:59:38,2400.0,2417.5,Put CEX 1,CEX,0.0,,6800.0
2025-07-08 11:59:38,2400.0,2417.5,Call VEX 1,VEX,0.0,,6800.0
2025-07-08 11:59:38,2400.0,2417.5,Put VEX 1,VEX,0.0,,6800.0
2025-07-08 11:59:38,2600.0,2619.0,Call CEX 2,CEX,0.0,,6800.0
2025-07-08 11:59:38,2600.0,2619.0,Put CEX 2,CEX,0.0,,6800.0
2025-07-08 11:59:38,2600.0,2619.0,Call VEX 2,VEX,0.0,,6800.0
2025-07-08 11:59:38,2600.0,2619.0,Put VEX 2,VEX,0.0,,6800.0
2025-07-08 11:59:38,2800.0,2820.5,Call CEX 3,CEX,0.0,,6800.0
2025-07-08 11:59:38,2800.0,2820.5,Put CEX 3,CEX,0.0,,6800.0
2025-07-08 11:59:38,2800.0,2820.5,Call VEX 3,VEX,0.0,,6800.0
2025-07-08 11:59:38,2800.0,2820.5,Put VEX 3,VEX,0.0,,6800.0
2025-07-08 11:59:38,3000.0,3022.0,Call CEX 4,CEX,0.0,,6800.0
2025-07-08 11:59:38,3000.0,3022.0,Put CEX 4,CEX,0.0,,6800.0
2025-07-08 11:59:38,3000.0,3022.0,Call VEX 4,VEX,0.0,,6800.0
2025-07-08 11:59:38,3000.0,3022.0,Put VEX 4,VEX,0.0,,6800.0
2025-07-08 11:59:38,3200.0,3223.5,Call CEX 5,CEX,0.0,,6800.0
2025-07-08 11:59:38,3200.0,3223.5,Put CEX 5,CEX,0.0,,6800.0
2025-07-08 11:59:38,3200.0,3223.5,Call VEX 5,VEX,0.0,,6800.0
2025-07-08 11:59:38,3200.0,3223.5,Put VEX 5,VEX,0.0,,6800.0
2025-07-08 11:59:38,6025.0,6069.25,Put DEX 5,DEX,-2.229,,6800.0
2025-07-08 11:59:38,6035.0,6079.25,Put DEX 2,DEX,-6.366,,6800.0
2025-07-08 11:59:38,6035.0,6079.25,Put GEX 3,GEX,-12491.739,,6800.0
2025-07-08 11:59:38,6050.0,6094.5,Put DEX 1,DEX,-6.896,,6800.0
2025-07-08 11:59:38,6050.0,6094.5,Put GEX 2,GEX,-14794.022,,6800.0
2025-07-08 11:59:38,6075.0,6119.5,Put DEX 4,DEX,-3.577,,6800.0
2025-07-08 11:59:38,6100.0,6144.75,Put DEX 3,DEX,-5.798,,6800.0
2025-07-08 11:59:38,6100.0,6144.75,Put GEX 1,GEX,-21394.531,,6800.0
2025-07-08 11:59:38,6125.0,6170.0,Call DEX 2,DEX,5.159,,6800.0
2025-07-08 11:59:38,6150.0,6195.25,Put GEX 5,GEX,-8991.187,,6800.0
2025-07-08 11:59:38,6200.0,6245.5,Put GEX 4,GEX,-11966.823,,6800.0
2025-07-08 11:59:38,6225.0,6270.75,Call GEX 4,GEX,18682.738,,6800.0
2025-07-08 11:59:38,6250.0,6296.0,Call GEX 3,GEX,18743.976,,6800.0
2025-07-08 11:59:38,6275.0,6321.0,Call DEX 1,DEX,20.72,,6800.0
2025-07-08 11:59:38,6275.0,6321.0,Call GEX 1,GEX,155055.994,,6800.0
2025-07-08 11:59:38,6285.0,6331.25,Call DEX 4,DEX,3.078,,6800.0
2025-07-08 11:59:38,6285.0,6331.25,Call GEX 2,GEX,20619.744,,6800.0
2025-07-08 11:59:38,6300.0,6346.25,Call GEX 5,GEX,18259.576,,6800.0
2025-07-08 11:59:38,6350.0,6396.5,Call DEX 3,DEX,3.154,,6800.0
2025-07-08 11:59:38,6400.0,6447.0,Call DEX 5,DEX,2.976,,6800.0
2025-07-08 12:01:18,2400.0,2417.75,Call CEX 1,CEX,0.0,,6525.0
2025-07-08 12:01:18,2400.0,2417.75,Put CEX 1,CEX,0.0,,6525.0
2025-07-08 12:01:18,2400.0,2417.75,Call VEX 1,VEX,0.0,,6525.0
2025-07-08 12:01:18,2400.0,2417.75,Put VEX 1,VEX,0.0,,6525.0
2025-07-08 12:01:18,2600.0,2619.25,Call CEX 2,CEX,0.0,,6525.0
2025-07-08 12:01:18,2600.0,2619.25,Put CEX 2,CEX,0.0,,6525.0
2025-07-08 12:01:18,2600.0,2619.25,Call VEX 2,VEX,0.0,,6525.0
2025-07-08 12:01:18,2600.0,2619.25,Put VEX 2,VEX,0.0,,6525.0
2025-07-08 12:01:18,2800.0,2820.75,Call CEX 3,CEX,0.0,,6525.0
2025-07-08 12:01:18,2800.0,2820.75,Put CEX 3,CEX,0.0,,6525.0
2025-07-08 12:01:18,2800.0,2820.75,Call VEX 3,VEX,0.0,,6525.0
2025-07-08 12:01:18,2800.0,2820.75,Put VEX 3,VEX,0.0,,6525.0
2025-07-08 12:01:18,3000.0,3022.25,Call CEX 4,CEX,0.0,,6525.0
2025-07-08 12:01:18,3000.0,3022.25,Put CEX 4,CEX,0.0,,6525.0
2025-07-08 12:01:18,3000.0,3022.25,Call VEX 4,VEX,0.0,,6525.0
2025-07-08 12:01:18,3000.0,3022.25,Put VEX 4,VEX,0.0,,6525.0
2025-07-08 12:01:18,3200.0,3223.5,Call CEX 5,CEX,0.0,,6525.0
2025-07-08 12:01:18,3200.0,3223.5,Put CEX 5,CEX,0.0,,6525.0
2025-07-08 12:01:18,3200.0,3223.5,Call VEX 5,VEX,0.0,,6525.0
2025-07-08 12:01:18,3200.0,3223.5,Put VEX 5,VEX,0.0,,6525.0
2025-07-08 12:01:18,6025.0,6069.5,Put DEX 5,DEX,-2.229,,6525.0
2025-07-08 12:01:18,6035.0,6079.5,Put DEX 2,DEX,-6.364,,6525.0
2025-07-08 12:01:18,6035.0,6079.5,Put GEX 4,GEX,-12542.244,,6525.0
2025-07-08 12:01:18,6050.0,6094.75,Put DEX 1,DEX,-6.894,,6525.0
2025-07-08 12:01:18,6050.0,6094.75,Put GEX 2,GEX,-14859.171,,6525.0
2025-07-08 12:01:18,6075.0,6119.75,Put DEX 4,DEX,-3.034,,6525.0
2025-07-08 12:01:18,6100.0,6145.0,Put DEX 3,DEX,-5.802,,6525.0
2025-07-08 12:01:18,6100.0,6145.0,Put GEX 1,GEX,-21527.986,,6525.0
2025-07-08 12:01:18,6125.0,6170.25,Call DEX 2,DEX,5.119,,6525.0
2025-07-08 12:01:18,6150.0,6195.25,Put GEX 5,GEX,-9061.662,,6525.0
2025-07-08 12:01:18,6200.0,6245.75,Put GEX 3,GEX,-12775.057,,6525.0
2025-07-08 12:01:18,6225.0,6271.0,Call GEX 4,GEX,18112.145,,6525.0
2025-07-08 12:01:18,6250.0,6296.0,Call GEX 3,GEX,18480.802,,6525.0
2025-07-08 12:01:18,6275.0,6321.25,Call DEX 1,DEX,20.636,,6525.0
2025-07-08 12:01:18,6275.0,6321.25,Call GEX 1,GEX,153546.105,,6525.0
2025-07-08 12:01:18,6285.0,6331.25,Call DEX 4,DEX,3.07,,6525.0
2025-07-08 12:01:18,6285.0,6331.25,Call GEX 2,GEX,20400.807,,6525.0
2025-07-08 12:01:18,6300.0,6346.5,Call GEX 5,GEX,17865.118,,6525.0
2025-07-08 12:01:18,6350.0,6396.75,Call DEX 3,DEX,3.154,,6525.0
2025-07-08 12:01:18,6400.0,6447.25,Call DEX 5,DEX,2.976,,6525.0
2025-07-08 12:03:00,2400.0,2417.5,Call CEX 1,CEX,0.0,,6525.0
2025-07-08 12:03:00,2400.0,2417.5,Put CEX 1,CEX,0.0,,6525.0
2025-07-08 12:03:00,2400.0,2417.5,Call VEX 1,VEX,0.0,,6525.0
2025-07-08 12:03:00,2400.0,2417.5,Put VEX 1,VEX,0.0,,6525.0
2025-07-08 12:03:00,2600.0,2619.0,Call CEX 2,CEX,0.0,,6525.0
2025-07-08 12:03:00,2600.0,2619.0,Put CEX 2,CEX,0.0,,6525.0
2025-07-08 12:03:00,2600.0,2619.0,Call VEX 2,VEX,0.0,,6525.0
2025-07-08 12:03:00,2600.0,2619.0,Put VEX 2,VEX,0.0,,6525.0
2025-07-08 12:03:00,2800.0,2820.5,Call CEX 3,CEX,0.0,,6525.0
2025-07-08 12:03:00,2800.0,2820.5,Put CEX 3,CEX,0.0,,6525.0
2025-07-08 12:03:00,2800.0,2820.5,Call VEX 3,VEX,0.0,,6525.0
2025-07-08 12:03:00,2800.0,2820.5,Put VEX 3,VEX,0.0,,6525.0
2025-07-08 12:03:00,3000.0,3022.0,Call CEX 4,CEX,0.0,,6525.0
2025-07-08 12:03:00,3000.0,3022.0,Put CEX 4,CEX,0.0,,6525.0
2025-07-08 12:03:00,3000.0,3022.0,Call VEX 4,VEX,0.0,,6525.0
2025-07-08 12:03:00,3000.0,3022.0,Put VEX 4,VEX,0.0,,6525.0
2025-07-08 12:03:00,3200.0,3223.5,Call CEX 5,CEX,0.0,,6525.0
2025-07-08 12:03:00,3200.0,3223.5,Put CEX 5,CEX,0.0,,6525.0
2025-07-08 12:03:00,3200.0,3223.5,Call VEX 5,VEX,0.0,,6525.0
2025-07-08 12:03:00,3200.0,3223.5,Put VEX 5,VEX,0.0,,6525.0
2025-07-08 12:03:00,6025.0,6069.25,Put DEX 5,DEX,-2.229,,6525.0
2025-07-08 12:03:00,6035.0,6079.25,Put DEX 2,DEX,-6.365,,6525.0
2025-07-08 12:03:00,6035.0,6079.25,Put GEX 4,GEX,-12525.39,,6525.0
2025-07-08 12:03:00,6050.0,6094.5,Put DEX 1,DEX,-6.895,,6525.0
2025-07-08 12:03:00,6050.0,6094.5,Put GEX 3,GEX,-14839.443,,6525.0
2025-07-08 12:03:00,6075.0,6119.5,Put DEX 4,DEX,-3.035,,6525.0
2025-07-08 12:03:00,6100.0,6144.75,Put DEX 3,DEX,-5.816,,6525.0
2025-07-08 12:03:00,6100.0,6144.75,Put GEX 1,GEX,-21564.749,,6525.0
2025-07-08 12:03:00,6125.0,6170.0,Call DEX 2,DEX,5.071,,6525.0
2025-07-08 12:03:00,6150.0,6195.25,Put GEX 5,GEX,-9218.238,,6525.0
2025-07-08 12:03:00,6200.0,6245.5,Put GEX 2,GEX,-15303.398,,6525.0
2025-07-08 12:03:00,6225.0,6270.75,Call GEX 5,GEX,16616.35,,6525.0
2025-07-08 12:03:00,6250.0,6296.0,Call GEX 4,GEX,17504.62,,6525.0
2025-07-08 12:03:00,6275.0,6321.0,Call DEX 1,DEX,20.673,,6525.0
2025-07-08 12:03:00,6275.0,6321.0,Call GEX 1,GEX,153794.142,,6525.0
2025-07-08 12:03:00,6285.0,6331.25,Call DEX 4,DEX,3.073,,6525.0
2025-07-08 12:03:00,6285.0,6331.25,Call GEX 2,GEX,20436.839,,6525.0
2025-07-08 12:03:00,6300.0,6346.25,Call GEX 3,GEX,17514.639,,6525.0
2025-07-08 12:03:00,6350.0,6396.75,Call DEX 3,DEX,3.247,,6525.0
2025-07-08 12:03:00,6400.0,6447.0,Call DEX 5,DEX,2.976,,6525.0
2025-07-08 12:04:41,2400.0,2417.5,Call CEX 1,CEX,0.0,,6525.0
2025-07-08 12:04:41,2400.0,2417.5,Put CEX 1,CEX,0.0,,6525.0
2025-07-08 12:04:41,2400.0,2417.5,Call VEX 1,VEX,0.0,,6525.0
2025-07-08 12:04:41,2400.0,2417.5,Put VEX 1,VEX,0.0,,6525.0
2025-07-08 12:04:41,2600.0,2619.0,Call CEX 2,CEX,0.0,,6525.0
2025-07-08 12:04:41,2600.0,2619.0,Put CEX 2,CEX,0.0,,6525.0
2025-07-08 12:04:41,2600.0,2619.0,Call VEX 2,VEX,0.0,,6525.0
2025-07-08 12:04:41,2600.0,2619.0,Put VEX 2,VEX,0.0,,6525.0
2025-07-08 12:04:41,2800.0,2820.5,Call CEX 3,CEX,0.0,,6525.0
2025-07-08 12:04:41,2800.0,2820.5,Put CEX 3,CEX,0.0,,6525.0
2025-07-08 12:04:41,2800.0,2820.5,Call VEX 3,VEX,0.0,,6525.0
2025-07-08 12:04:41,2800.0,2820.5,Put VEX 3,VEX,0.0,,6525.0
2025-07-08 12:04:41,3000.0,3021.75,Call CEX 4,CEX,0.0,,6525.0
2025-07-08 12:04:41,3000.0,3021.75,Put CEX 4,CEX,0.0,,6525.0
2025-07-08 12:04:41,3000.0,3021.75,Call VEX 4,VEX,0.0,,6525.0
2025-07-08 12:04:41,3000.0,3021.75,Put VEX 4,VEX,0.0,,6525.0
2025-07-08 12:04:41,3200.0,3223.25,Call CEX 5,CEX,0.0,,6525.0
2025-07-08 12:04:41,3200.0,3223.25,Put CEX 5,CEX,0.0,,6525.0
2025-07-08 12:04:41,3200.0,3223.25,Call VEX 5,VEX,0.0,,6525.0
2025-07-08 12:04:41,3200.0,3223.25,Put VEX 5,VEX,0.0,,6525.0
2025-07-08 12:04:41,6000.0,6043.75,Put DEX 4,DEX,-4.643,,6525.0
2025-07-08 12:04:41,6035.0,6079.0,Put DEX 2,DEX,-6.423,,6525.0
2025-07-08 12:04:41,6035.0,6079.0,Put GEX 3,GEX,-12585.148,,6525.0
2025-07-08 12:04:41,6050.0,6094.0,Put DEX 1,DEX,-7.076,,6525.0
2025-07-08 12:04:41,6050.0,6094.0,Put GEX 2,GEX,-15037.488,,6525.0
2025-07-08 12:04:41,6075.0,6119.25,Put DEX 5,DEX,-3.575,,6525.0
2025-07-08 12:04:41,6100.0,6144.5,Put DEX 3,DEX,-5.787,,6525.0
2025-07-08 12:04:41,6100.0,6144.5,Put GEX 1,GEX,-21435.141,,6525.0
2025-07-08 12:04:41,6125.0,6169.5,Call DEX 2,DEX,5.155,,6525.0
2025-07-08 12:04:41,6150.0,6194.75,Put GEX 5,GEX,-9026.128,,6525.0
2025-07-08 12:04:41,6200.0,6245.25,Put GEX 4,GEX,-11677.654,,6525.0
2025-07-08 12:04:41,6225.0,6270.25,Call GEX 4,GEX,18952.883,,6525.0
2025-07-08 12:04:41,6250.0,6295.5,Call GEX 3,GEX,19015.397,,6525.0
2025-07-08 12:04:41,6275.0,6320.75,Call DEX 1,DEX,20.603,,6525.0
2025-07-08 12:04:41,6275.0,6320.75,Call GEX 1,GEX,154837.012,,6525.0
2025-07-08 12:04:41,6285.0,6330.75,Call DEX 4,DEX,3.068,,6525.0
2025-07-08 12:04:41,6285.0,6330.75,Call GEX 2,GEX,20535.233,,6525.0
2025-07-08 12:04:41,6300.0,6345.75,Call GEX 5,GEX,18188.764,,6525.0
2025-07-08 12:04:41,6350.0,6396.25,Call DEX 3,DEX,3.153,,6525.0
2025-07-08 12:04:41,6400.0,6446.5,Call DEX 5,DEX,2.976,,6525.0
2025-07-08 12:06:20,2400.0,2417.5,Call CEX 1,CEX,0.0,,6525.0
2025-07-08 12:06:20,2400.0,2417.5,Put CEX 1,CEX,0.0,,6525.0
2025-07-08 12:06:20,2400.0,2417.5,Call VEX 1,VEX,0.0,,6525.0
2025-07-08 12:06:20,2400.0,2417.5,Put VEX 1,VEX,0.0,,6525.0
2025-07-08 12:06:20,2600.0,2619.0,Call CEX 2,CEX,0.0,,6525.0
2025-07-08 12:06:20,2600.0,2619.0,Put CEX 2,CEX,0.0,,6525.0
2025-07-08 12:06:20,2600.0,2619.0,Call VEX 2,VEX,0.0,,6525.0
2025-07-08 12:06:20,2600.0,2619.0,Put VEX 2,VEX,0.0,,6525.0
2025-07-08 12:06:20,2800.0,2820.5,Call CEX 3,CEX,0.0,,6525.0
2025-07-08 12:06:20,2800.0,2820.5,Put CEX 3,CEX,0.0,,6525.0
2025-07-08 12:06:20,2800.0,2820.5,Call VEX 3,VEX,0.0,,6525.0
2025-07-08 12:06:20,2800.0,2820.5,Put VEX 3,VEX,0.0,,6525.0
2025-07-08 12:06:20,3000.0,3021.75,Call CEX 4,CEX,0.0,,6525.0
2025-07-08 12:06:20,3000.0,3021.75,Put CEX 4,CEX,0.0,,6525.0
2025-07-08 12:06:20,3000.0,3021.75,Call VEX 4,VEX,0.0,,6525.0
2025-07-08 12:06:20,3000.0,3021.75,Put VEX 4,VEX,0.0,,6525.0
2025-07-08 12:06:20,3200.0,3223.25,Call CEX 5,CEX,0.0,,6525.0
2025-07-08 12:06:20,3200.0,3223.25,Put CEX 5,CEX,0.0,,6525.0
2025-07-08 12:06:20,3200.0,3223.25,Call VEX 5,VEX,0.0,,6525.0
2025-07-08 12:06:20,3200.0,3223.25,Put VEX 5,VEX,0.0,,6525.0
2025-07-08 12:06:20,6025.0,6068.75,Put DEX 5,DEX,-2.229,,6525.0
2025-07-08 12:06:20,6035.0,6079.0,Put DEX 2,DEX,-6.364,,6525.0
2025-07-08 12:06:20,6035.0,6079.0,Put GEX 3,GEX,-12564.942,,6525.0
2025-07-08 12:06:20,6050.0,6094.0,Put DEX 1,DEX,-6.894,,6525.0
2025-07-08 12:06:20,6050.0,6094.0,Put GEX 2,GEX,-14883.402,,6525.0
2025-07-08 12:06:20,6075.0,6119.25,Put DEX 4,DEX,-3.034,,6525.0
2025-07-08 12:06:20,6100.0,6144.5,Put DEX 3,DEX,-5.796,,6525.0
2025-07-08 12:06:20,6100.0,6144.5,Put GEX 1,GEX,-21564.733,,6525.0
2025-07-08 12:06:20,6125.0,6169.5,Call DEX 2,DEX,5.131,,6525.0
2025-07-08 12:06:20,6150.0,6194.75,Put GEX 5,GEX,-9122.332,,6525.0
2025-07-08 12:06:20,6200.0,6245.25,Put GEX 4,GEX,-12415.849,,6525.0
2025-07-08 12:06:20,6225.0,6270.25,Call GEX 4,GEX,18392.682,,6525.0
2025-07-08 12:06:20,6250.0,6295.5,Call GEX 3,GEX,18567.818,,6525.0
2025-07-08 12:06:20,6275.0,6320.75,Call DEX 1,DEX,20.589,,6525.0
2025-07-08 12:06:20,6275.0,6320.75,Call GEX 1,GEX,152943.463,,6525.0
2025-07-08 12:06:20,6285.0,6330.75,Call DEX 4,DEX,3.066,,6525.0
2025-07-08 12:06:20,6285.0,6330.75,Call GEX 2,GEX,20314.752,,6525.0
2025-07-08 12:06:20,6300.0,6345.75,Call GEX 5,GEX,17865.87,,6525.0
2025-07-08 12:06:20,6350.0,6396.25,Call DEX 3,DEX,3.154,,6525.0
2025-07-08 12:06:20,6400.0,6446.5,Call DEX 5,DEX,2.976,,6525.0
2025-07-08 12:08:01,2400.0,2417.5,Call CEX 1,CEX,0.0,,6525.0
2025-07-08 12:08:01,2400.0,2417.5,Put CEX 1,CEX,0.0,,6525.0
2025-07-08 12:08:01,2400.0,2417.5,Call VEX 1,VEX,0.0,,6525.0
2025-07-08 12:08:01,2400.0,2417.5,Put VEX 1,VEX,0.0,,6525.0
2025-07-08 12:08:01,2600.0,2619.0,Call CEX 2,CEX,0.0,,6525.0
2025-07-08 12:08:01,2600.0,2619.0,Put CEX 2,CEX,0.0,,6525.0
2025-07-08 12:08:01,2600.0,2619.0,Call VEX 2,VEX,0.0,,6525.0
2025-07-08 12:08:01,2600.0,2619.0,Put VEX 2,VEX,0.0,,6525.0
2025-07-08 12:08:01,2800.0,2820.5,Call CEX 3,CEX,0.0,,6525.0
2025-07-08 12:08:01,2800.0,2820.5,Put CEX 3,CEX,0.0,,6525.0
2025-07-08 12:08:01,2800.0,2820.5,Call VEX 3,VEX,0.0,,6525.0
2025-07-08 12:08:01,2800.0,2820.5,Put VEX 3,VEX,0.0,,6525.0
2025-07-08 12:08:01,3000.0,3022.0,Call CEX 4,CEX,0.0,,6525.0
2025-07-08 12:08:01,3000.0,3022.0,Put CEX 4,CEX,0.0,,6525.0
2025-07-08 12:08:01,3000.0,3022.0,Call VEX 4,VEX,0.0,,6525.0
2025-07-08 12:08:01,3000.0,3022.0,Put VEX 4,VEX,0.0,,6525.0
2025-07-08 12:08:01,3200.0,3223.5,Call CEX 5,CEX,0.0,,6525.0
2025-07-08 12:08:01,3200.0,3223.5,Put CEX 5,CEX,0.0,,6525.0
2025-07-08 12:08:01,3200.0,3223.5,Call VEX 5,VEX,0.0,,6525.0
2025-07-08 12:08:01,3200.0,3223.5,Put VEX 5,VEX,0.0,,6525.0
2025-07-08 12:08:01,6025.0,6069.25,Put DEX 5,DEX,-2.23,,6525.0
2025-07-08 12:08:01,6035.0,6079.25,Put DEX 2,DEX,-6.365,,6525.0
2025-07-08 12:08:01,6035.0,6079.25,Put GEX 4,GEX,-12646.097,,6525.0
2025-07-08 12:08:01,6050.0,6094.25,Put DEX 1,DEX,-6.897,,6525.0
2025-07-08 12:08:01,6050.0,6094.25,Put GEX 3,GEX,-14992.303,,6525.0
2025-07-08 12:08:01,6075.0,6119.5,Put DEX 4,DEX,-3.04,,6525.0
2025-07-08 12:08:01,6100.0,6144.75,Put DEX 3,DEX,-5.848,,6525.0
2025-07-08 12:08:01,6100.0,6144.75,Put GEX 1,GEX,-21990.483,,6525.0
2025-07-08 12:08:01,6125.0,6170.0,Call DEX 3,DEX,4.993,,6525.0
2025-07-08 12:08:01,6150.0,6195.0,Put GEX 5,GEX,-9601.21,,6525.0
2025-07-08 12:08:01,6200.0,6245.5,Put GEX 2,GEX,-19040.526,,6525.0
2025-07-08 12:08:01,6225.0,6270.75,Call GEX 5,GEX,14495.305,,6525.0
2025-07-08 12:08:01,6250.0,6295.75,Call GEX 4,GEX,15581.409,,6525.0
2025-07-08 12:08:01,6275.0,6321.0,Call DEX 1,DEX,21.153,,6525.0
2025-07-08 12:08:01,6275.0,6321.0,Call GEX 1,GEX,150659.474,,6525.0
2025-07-08 12:08:01,6285.0,6331.0,Call DEX 5,DEX,3.238,,6525.0
2025-07-08 12:08:01,6285.0,6331.0,Call GEX 3,GEX,20390.995,,6525.0
2025-07-08 12:08:01,6300.0,6346.25,Call DEX 2,DEX,5.784,,6525.0
2025-07-08 12:08:01,6300.0,6346.25,Call GEX 2,GEX,30173.937,,6525.0
2025-07-08 12:08:01,6350.0,6396.5,Call DEX 4,DEX,3.246,,6525.0
2025-07-08 12:09:42,2400.0,2417.75,Call CEX 1,CEX,0.0,,6525.0
2025-07-08 12:09:42,2400.0,2417.75,Put CEX 1,CEX,0.0,,6525.0
2025-07-08 12:09:42,2400.0,2417.75,Call VEX 1,VEX,0.0,,6525.0
2025-07-08 12:09:42,2400.0,2417.75,Put VEX 1,VEX,0.0,,6525.0
2025-07-08 12:09:42,2600.0,2619.0,Call CEX 2,CEX,0.0,,6525.0
2025-07-08 12:09:42,2600.0,2619.0,Put CEX 2,CEX,0.0,,6525.0
2025-07-08 12:09:42,2600.0,2619.0,Call VEX 2,VEX,0.0,,6525.0
2025-07-08 12:09:42,2600.0,2619.0,Put VEX 2,VEX,0.0,,6525.0
2025-07-08 12:09:42,2800.0,2820.5,Call CEX 3,CEX,0.0,,6525.0
2025-07-08 12:09:42,2800.0,2820.5,Put CEX 3,CEX,0.0,,6525.0
2025-07-08 12:09:42,2800.0,2820.5,Call VEX 3,VEX,0.0,,6525.0
2025-07-08 12:09:42,2800.0,2820.5,Put VEX 3,VEX,0.0,,6525.0
2025-07-08 12:09:42,3000.0,3022.0,Call CEX 4,CEX,0.0,,6525.0
2025-07-08 12:09:42,3000.0,3022.0,Put CEX 4,CEX,0.0,,6525.0
2025-07-08 12:09:42,3000.0,3022.0,Call VEX 4,VEX,0.0,,6525.0
2025-07-08 12:09:42,3000.0,3022.0,Put VEX 4,VEX,0.0,,6525.0
2025-07-08 12:09:42,3200.0,3223.5,Call CEX 5,CEX,0.0,,6525.0
2025-07-08 12:09:42,3200.0,3223.5,Put CEX 5,CEX,0.0,,6525.0
2025-07-08 12:09:42,3200.0,3223.5,Call VEX 5,VEX,0.0,,6525.0
2025-07-08 12:09:42,3200.0,3223.5,Put VEX 5,VEX,0.0,,6525.0
2025-07-08 12:09:42,6025.0,6069.25,Put DEX 5,DEX,-2.229,,6525.0
2025-07-08 12:09:42,6035.0,6079.25,Put DEX 2,DEX,-6.364,,6525.0
2025-07-08 12:09:42,6035.0,6079.25,Put GEX 4,GEX,-12569.054,,6525.0
2025-07-08 12:09:42,6050.0,6094.5,Put DEX 1,DEX,-6.895,,6525.0
2025-07-08 12:09:42,6050.0,6094.5,Put GEX 2,GEX,-14889.1,,6525.0
2025-07-08 12:09:42,6075.0,6119.75,Put DEX 4,DEX,-3.034,,6525.0
2025-07-08 12:09:42,6100.0,6144.75,Put DEX 3,DEX,-5.802,,6525.0
2025-07-08 12:09:42,6100.0,6144.75,Put GEX 1,GEX,-21599.73,,6525.0
2025-07-08 12:09:42,6125.0,6170.0,Call DEX 2,DEX,5.117,,6525.0
2025-07-08 12:09:42,6150.0,6195.25,Put GEX 5,GEX,-9167.668,,6525.0
2025-07-08 12:09:42,6200.0,6245.5,Put GEX 3,GEX,-13152.946,,6525.0
2025-07-08 12:09:42,6225.0,6270.75,Call GEX 4,GEX,18034.237,,6525.0
2025-07-08 12:09:42,6250.0,6296.0,Call GEX 3,GEX,18293.678,,6525.0
2025-07-08 12:09:42,6275.0,6321.0,Call DEX 1,DEX,20.586,,6525.0
2025-07-08 12:09:42,6275.0,6321.0,Call GEX 1,GEX,152724.414,,6525.0
2025-07-08 12:09:42,6285.0,6331.25,Call DEX 4,DEX,3.066,,6525.0
2025-07-08 12:09:42,6285.0,6331.25,Call GEX 2,GEX,20287.548,,6525.0
2025-07-08 12:09:42,6300.0,6346.25,Call GEX 5,GEX,17751.648,,6525.0
2025-07-08 12:09:42,6350.0,6396.75,Call DEX 3,DEX,3.154,,6525.0
2025-07-08 12:09:42,6400.0,6447.0,Call DEX 5,DEX,2.976,,6525.0
2025-07-08 12:11:22,2400.0,2417.25,Call CEX 1,CEX,0.0,,6525.0
2025-07-08 12:11:22,2400.0,2417.25,Put CEX 1,CEX,0.0,,6525.0
2025-07-08 12:11:22,2400.0,2417.25,Call VEX 1,VEX,0.0,,6525.0
2025-07-08 12:11:22,2400.0,2417.25,Put VEX 1,VEX,0.0,,6525.0
2025-07-08 12:11:22,2600.0,2618.75,Call CEX 2,CEX,0.0,,6525.0
2025-07-08 12:11:22,2600.0,2618.75,Put CEX 2,CEX,0.0,,6525.0
2025-07-08 12:11:22,2600.0,2618.75,Call VEX 2,VEX,0.0,,6525.0
2025-07-08 12:11:22,2600.0,2618.75,Put VEX 2,VEX,0.0,,6525.0
2025-07-08 12:11:22,2800.0,2820.25,Call CEX 3,CEX,0.0,,6525.0
2025-07-08 12:11:22,2800.0,2820.25,Put CEX 3,CEX,0.0,,6525.0
2025-07-08 12:11:22,2800.0,2820.25,Call VEX 3,VEX,0.0,,6525.0
2025-07-08 12:11:22,2800.0,2820.25,Put VEX 3,VEX,0.0,,6525.0
2025-07-08 12:11:22,3000.0,3021.75,Call CEX 4,CEX,0.0,,6525.0
2025-07-08 12:11:22,3000.0,3021.75,Put CEX 4,CEX,0.0,,6525.0
2025-07-08 12:11:22,3000.0,3021.75,Call VEX 4,VEX,0.0,,6525.0
2025-07-08 12:11:22,3000.0,3021.75,Put VEX 4,VEX,0.0,,6525.0
2025-07-08 12:11:22,3200.0,3223.25,Call CEX 5,CEX,0.0,,6525.0
2025-07-08 12:11:22,3200.0,3223.25,Put CEX 5,CEX,0.0,,6525.0
2025-07-08 12:11:22,3200.0,3223.25,Call VEX 5,VEX,0.0,,6525.0
2025-07-08 12:11:22,3200.0,3223.25,Put VEX 5,VEX,0.0,,6525.0
2025-07-08 12:11:22,6000.0,6043.5,Put DEX 4,DEX,-4.642,,6525.0
2025-07-08 12:11:22,6035.0,6078.75,Put DEX 3,DEX,-6.423,,6525.0
2025-07-08 12:11:22,6035.0,6078.75,Put GEX 3,GEX,-12710.991,,6525.0
2025-07-08 12:11:22,6050.0,6093.75,Put DEX 2,DEX,-7.076,,6525.0
2025-07-08 12:11:22,6050.0,6093.75,Put GEX 2,GEX,-15200.949,,6525.0
2025-07-08 12:11:22,6075.0,6119.0,Put DEX 5,DEX,-3.577,,6525.0
2025-07-08 12:11:22,6100.0,6144.0,Put DEX 1,DEX,-8.895,,6525.0
2025-07-08 12:11:22,6100.0,6144.0,Put GEX 1,GEX,-26567.115,,6525.0
2025-07-08 12:11:22,6125.0,6169.25,Call DEX 2,DEX,5.169,,6525.0
2025-07-08 12:11:22,6150.0,6194.5,Put GEX 5,GEX,-9157.176,,6525.0
2025-07-08 12:11:22,6200.0,6244.75,Put GEX 4,GEX,-10804.536,,6525.0
2025-07-08 12:11:22,6225.0,6270.0,Call GEX 3,GEX,19234.871,,6525.0
2025-07-08 12:11:22,6250.0,6295.25,Call GEX 4,GEX,18708.376,,6525.0
2025-07-08 12:11:22,6275.0,6320.5,Call DEX 1,DEX,20.487,,6525.0
2025-07-08 12:11:22,6275.0,6320.5,Call GEX 1,GEX,149687.905,,6525.0
2025-07-08 12:11:22,6285.0,6330.5,Call DEX 4,DEX,3.059,,6525.0
2025-07-08 12:11:22,6285.0,6330.5,Call GEX 2,GEX,19893.751,,6525.0
2025-07-08 12:11:22,6300.0,6345.5,Call GEX 5,GEX,17818.502,,6525.0
2025-07-08 12:11:22,6350.0,6396.0,Call DEX 3,DEX,3.153,,6525.0
2025-07-08 12:11:22,6400.0,6446.25,Call DEX 5,DEX,2.975,,6525.0
2025-07-08 12:13:02,2400.0,2417.5,Call CEX 1,CEX,0.0,,6525.0
2025-07-08 12:13:02,2400.0,2417.5,Put CEX 1,CEX,0.0,,6525.0
2025-07-08 12:13:02,2400.0,2417.5,Call VEX 1,VEX,0.0,,6525.0
2025-07-08 12:13:02,2400.0,2417.5,Put VEX 1,VEX,0.0,,6525.0
2025-07-08 12:13:02,2600.0,2619.0,Call CEX 2,CEX,0.0,,6525.0
2025-07-08 12:13:02,2600.0,2619.0,Put CEX 2,CEX,0.0,,6525.0
2025-07-08 12:13:02,2600.0,2619.0,Call VEX 2,VEX,0.0,,6525.0
2025-07-08 12:13:02,2600.0,2619.0,Put VEX 2,VEX,0.0,,6525.0
2025-07-08 12:13:02,2800.0,2820.5,Call CEX 3,CEX,0.0,,6525.0
2025-07-08 12:13:02,2800.0,2820.5,Put CEX 3,CEX,0.0,,6525.0
2025-07-08 12:13:02,2800.0,2820.5,Call VEX 3,VEX,0.0,,6525.0
2025-07-08 12:13:02,2800.0,2820.5,Put VEX 3,VEX,0.0,,6525.0
2025-07-08 12:13:02,3000.0,3022.0,Call CEX 4,CEX,0.0,,6525.0
2025-07-08 12:13:02,3000.0,3022.0,Put CEX 4,CEX,0.0,,6525.0
2025-07-08 12:13:02,3000.0,3022.0,Call VEX 4,VEX,0.0,,6525.0
2025-07-08 12:13:02,3000.0,3022.0,Put VEX 4,VEX,0.0,,6525.0
2025-07-08 12:13:02,3200.0,3223.5,Call CEX 5,CEX,0.0,,6525.0
2025-07-08 12:13:02,3200.0,3223.5,Put CEX 5,CEX,0.0,,6525.0
2025-07-08 12:13:02,3200.0,3223.5,Call VEX 5,VEX,0.0,,6525.0
2025-07-08 12:13:02,3200.0,3223.5,Put VEX 5,VEX,0.0,,6525.0
2025-07-08 12:13:02,6025.0,6069.25,Put DEX 5,DEX,-2.23,,6525.0
2025-07-08 12:13:02,6035.0,6079.25,Put DEX 2,DEX,-6.364,,6525.0
2025-07-08 12:13:02,6035.0,6079.25,Put GEX 4,GEX,-12750.338,,6525.0
2025-07-08 12:13:02,6050.0,6094.25,Put DEX 1,DEX,-6.895,,6525.0
2025-07-08 12:13:02,6050.0,6094.25,Put GEX 3,GEX,-15129.754,,6525.0
2025-07-08 12:13:02,6075.0,6119.5,Put DEX 4,DEX,-3.038,,6525.0
2025-07-08 12:13:02,6100.0,6144.75,Put DEX 3,DEX,-5.834,,6525.0
2025-07-08 12:13:02,6100.0,6144.75,Put GEX 1,GEX,-22189.608,,6525.0
2025-07-08 12:13:02,6125.0,6170.0,Call DEX 3,DEX,5.031,,6525.0
2025-07-08 12:13:02,6150.0,6195.0,Put GEX 5,GEX,-9649.662,,6525.0
2025-07-08 12:13:02,6200.0,6245.5,Put GEX 2,GEX,-17028.59,,6525.0
2025-07-08 12:13:02,6225.0,6270.75,Call GEX 5,GEX,15881.502,,6525.0
2025-07-08 12:13:02,6250.0,6295.75,Call GEX 4,GEX,16275.491,,6525.0
2025-07-08 12:13:02,6275.0,6321.0,Call DEX 1,DEX,20.481,,6525.0
2025-07-08 12:13:02,6275.0,6321.0,Call GEX 1,GEX,144736.675,,6525.0
2025-07-08 12:13:02,6285.0,6331.0,Call DEX 5,DEX,3.228,,6525.0
2025-07-08 12:13:02,6285.0,6331.0,Call GEX 3,GEX,19900.315,,6525.0
2025-07-08 12:13:02,6300.0,6346.25,Call DEX 2,DEX,5.779,,6525.0
2025-07-08 12:13:02,6300.0,6346.25,Call GEX 2,GEX,29514.916,,6525.0
2025-07-08 12:13:02,6350.0,6396.5,Call DEX 4,DEX,3.246,,6525.0
2025-07-08 12:14:41,2400.0,2417.5,Call CEX 1,CEX,0.0,,6800.0
2025-07-08 12:14:41,2400.0,2417.5,Put CEX 1,CEX,0.0,,6800.0
2025-07-08 12:14:41,2400.0,2417.5,Call VEX 1,VEX,0.0,,6800.0
2025-07-08 12:14:41,2400.0,2417.5,Put VEX 1,VEX,0.0,,6800.0
2025-07-08 12:14:41,2600.0,2619.0,Call CEX 2,CEX,0.0,,6800.0
2025-07-08 12:14:41,2600.0,2619.0,Put CEX 2,CEX,0.0,,6800.0
2025-07-08 12:14:41,2600.0,2619.0,Call VEX 2,VEX,0.0,,6800.0
2025-07-08 12:14:41,2600.0,2619.0,Put VEX 2,VEX,0.0,,6800.0
2025-07-08 12:14:41,2800.0,2820.5,Call CEX 3,CEX,0.0,,6800.0
2025-07-08 12:14:41,2800.0,2820.5,Put CEX 3,CEX,0.0,,6800.0
2025-07-08 12:14:41,2800.0,2820.5,Call VEX 3,VEX,0.0,,6800.0
2025-07-08 12:14:41,2800.0,2820.5,Put VEX 3,VEX,0.0,,6800.0
2025-07-08 12:14:41,3000.0,3022.0,Call CEX 4,CEX,0.0,,6800.0
2025-07-08 12:14:41,3000.0,3022.0,Put CEX 4,CEX,0.0,,6800.0
2025-07-08 12:14:41,3000.0,3022.0,Call VEX 4,VEX,0.0,,6800.0
2025-07-08 12:14:41,3000.0,3022.0,Put VEX 4,VEX,0.0,,6800.0
2025-07-08 12:14:41,3200.0,3223.25,Call CEX 5,CEX,0.0,,6800.0
2025-07-08 12:14:41,3200.0,3223.25,Put CEX 5,CEX,0.0,,6800.0
2025-07-08 12:14:41,3200.0,3223.25,Call VEX 5,VEX,0.0,,6800.0
2025-07-08 12:14:41,3200.0,3223.25,Put VEX 5,VEX,0.0,,6800.0
2025-07-08 12:14:41,6025.0,6069.0,Put DEX 5,DEX,-2.23,,6800.0
2025-07-08 12:14:41,6035.0,6079.0,Put DEX 2,DEX,-6.365,,6800.0
2025-07-08 12:14:41,6035.0,6079.0,Put GEX 4,GEX,-12709.557,,6800.0
2025-07-08 12:14:41,6050.0,6094.25,Put DEX 1,DEX,-6.893,,6800.0
2025-07-08 12:14:41,6050.0,6094.25,Put GEX 3,GEX,-15081.574,,6800.0
2025-07-08 12:14:41,6075.0,6119.25,Put DEX 4,DEX,-3.039,,6800.0
2025-07-08 12:14:41,6100.0,6144.5,Put DEX 3,DEX,-5.829,,6800.0
2025-07-08 12:14:41,6100.0,6144.5,Put GEX 1,GEX,-22082.39,,6800.0
2025-07-08 12:14:41,6125.0,6169.75,Call DEX 3,DEX,5.039,,6800.0
2025-07-08 12:14:41,6150.0,6194.75,Put GEX 5,GEX,-9566.532,,6800.0
2025-07-08 12:14:41,6200.0,6245.25,Put GEX 2,GEX,-16593.575,,6800.0
2025-07-08 12:14:41,6225.0,6270.5,Call GEX 5,GEX,16098.149,,6800.0
2025-07-08 12:14:41,6250.0,6295.5,Call GEX 4,GEX,16533.652,,6800.0
2025-07-08 12:14:41,6275.0,6320.75,Call DEX 1,DEX,20.494,,6800.0
2025-07-08 12:14:41,6275.0,6320.75,Call GEX 1,GEX,146503.762,,6800.0
2025-07-08 12:14:41,6285.0,6330.75,Call DEX 5,DEX,3.057,,6800.0
2025-07-08 12:14:41,6285.0,6330.75,Call GEX 3,GEX,19522.145,,6800.0
2025-07-08 12:14:41,6300.0,6346.0,Call DEX 2,DEX,5.779,,6800.0
2025-07-08 12:14:41,6300.0,6346.0,Call GEX 2,GEX,29765.661,,6800.0
2025-07-08 12:14:41,6350.0,6396.25,Call DEX 4,DEX,3.246,,6800.0
2025-07-08 12:16:22,2400.0,2417.75,Call CEX 1,CEX,0.0,,6800.0
2025-07-08 12:16:22,2400.0,2417.75,Put CEX 1,CEX,0.0,,6800.0
2025-07-08 12:16:22,2400.0,2417.75,Call VEX 1,VEX,0.0,,6800.0
2025-07-08 12:16:22,2400.0,2417.75,Put VEX 1,VEX,0.0,,6800.0
2025-07-08 12:16:22,2600.0,2619.25,Call CEX 2,CEX,0.0,,6800.0
2025-07-08 12:16:22,2600.0,2619.25,Put CEX 2,CEX,0.0,,6800.0
2025-07-08 12:16:22,2600.0,2619.25,Call VEX 2,VEX,0.0,,6800.0
2025-07-08 12:16:22,2600.0,2619.25,Put VEX 2,VEX,0.0,,6800.0
2025-07-08 12:16:22,2800.0,2820.75,Call CEX 3,CEX,0.0,,6800.0
2025-07-08 12:16:22,2800.0,2820.75,Put CEX 3,CEX,0.0,,6800.0
2025-07-08 12:16:22,2800.0,2820.75,Call VEX 3,VEX,0.0,,6800.0
2025-07-08 12:16:22,2800.0,2820.75,Put VEX 3,VEX,0.0,,6800.0
2025-07-08 12:16:22,3000.0,3022.25,Call CEX 4,CEX,0.0,,6800.0
2025-07-08 12:16:22,3000.0,3022.25,Put CEX 4,CEX,0.0,,6800.0
2025-07-08 12:16:22,3000.0,3022.25,Call VEX 4,VEX,0.0,,6800.0
2025-07-08 12:16:22,3000.0,3022.25,Put VEX 4,VEX,0.0,,6800.0
2025-07-08 12:16:22,3200.0,3223.75,Call CEX 5,CEX,0.0,,6800.0
2025-07-08 12:16:22,3200.0,3223.75,Put CEX 5,CEX,0.0,,6800.0
2025-07-08 12:16:22,3200.0,3223.75,Call VEX 5,VEX,0.0,,6800.0
2025-07-08 12:16:22,3200.0,3223.75,Put VEX 5,VEX,0.0,,6800.0
2025-07-08 12:16:22,6025.0,6069.5,Put DEX 5,DEX,-2.229,,6800.0
2025-07-08 12:16:22,6035.0,6079.5,Put DEX 2,DEX,-6.365,,6800.0
2025-07-08 12:16:22,6035.0,6079.5,Put GEX 4,GEX,-12679.083,,6800.0
2025-07-08 12:16:22,6050.0,6094.75,Put DEX 1,DEX,-6.893,,6800.0
2025-07-08 12:16:22,6050.0,6094.75,Put GEX 2,GEX,-15039.949,,6800.0
2025-07-08 12:16:22,6075.0,6120.0,Put DEX 4,DEX,-3.035,,6800.0
2025-07-08 12:16:22,6100.0,6145.0,Put DEX 3,DEX,-5.8,,6800.0
2025-07-08 12:16:22,6100.0,6145.0,Put GEX 1,GEX,-21887.283,,6800.0
2025-07-08 12:16:22,6125.0,6170.25,Call DEX 2,DEX,5.115,,6800.0
2025-07-08 12:16:22,6150.0,6195.5,Put GEX 5,GEX,-9348.769,,6800.0
2025-07-08 12:16:22,6200.0,6245.75,Put GEX 3,GEX,-13453.921,,6800.0
2025-07-08 12:16:22,6225.0,6271.0,Call GEX 3,GEX,17964.135,,6800.0
2025-07-08 12:16:22,6250.0,6296.25,Call GEX 4,GEX,17853.991,,6800.0
2025-07-08 12:16:22,6275.0,6321.25,Call DEX 1,DEX,20.486,,6800.0
2025-07-08 12:16:22,6275.0,6321.25,Call GEX 1,GEX,148238.43,,6800.0
2025-07-08 12:16:22,6285.0,6331.5,Call DEX 4,DEX,3.058,,6800.0
2025-07-08 12:16:22,6285.0,6331.5,Call GEX 2,GEX,19717.562,,6800.0
2025-07-08 12:16:22,6300.0,6346.5,Call GEX 5,GEX,17324.506,,6800.0
2025-07-08 12:16:22,6350.0,6397.0,Call DEX 3,DEX,3.153,,6800.0
2025-07-08 12:16:22,6400.0,6447.25,Call DEX 5,DEX,2.975,,6800.0
2025-07-08 12:18:03,2400.0,2417.5,Call CEX 1,CEX,0.0,,6800.0
2025-07-08 12:18:03,2400.0,2417.5,Put CEX 1,CEX,0.0,,6800.0
2025-07-08 12:18:03,2400.0,2417.5,Call VEX 1,VEX,0.0,,6800.0
2025-07-08 12:18:03,2400.0,2417.5,Put VEX 1,VEX,0.0,,6800.0
2025-07-08 12:18:03,2600.0,2619.0,Call CEX 2,CEX,0.0,,6800.0
2025-07-08 12:18:03,2600.0,2619.0,Put CEX 2,CEX,0.0,,6800.0
2025-07-08 12:18:03,2600.0,2619.0,Call VEX 2,VEX,0.0,,6800.0
2025-07-08 12:18:03,2600.0,2619.0,Put VEX 2,VEX,0.0,,6800.0
2025-07-08 12:18:03,2800.0,2820.5,Call CEX 3,CEX,0.0,,6800.0
2025-07-08 12:18:03,2800.0,2820.5,Put CEX 3,CEX,0.0,,6800.0
2025-07-08 12:18:03,2800.0,2820.5,Call VEX 3,VEX,0.0,,6800.0
2025-07-08 12:18:03,2800.0,2820.5,Put VEX 3,VEX,0.0,,6800.0
2025-07-08 12:18:03,3000.0,3022.0,Call CEX 4,CEX,0.0,,6800.0
2025-07-08 12:18:03,3000.0,3022.0,Put CEX 4,CEX,0.0,,6800.0
2025-07-08 12:18:03,3000.0,3022.0,Call VEX 4,VEX,0.0,,6800.0
2025-07-08 12:18:03,3000.0,3022.0,Put VEX 4,VEX,0.0,,6800.0
2025-07-08 12:18:03,3200.0,3223.5,Call CEX 5,CEX,0.0,,6800.0
2025-07-08 12:18:03,3200.0,3223.5,Put CEX 5,CEX,0.0,,6800.0
2025-07-08 12:18:03,3200.0,3223.5,Call VEX 5,VEX,0.0,,6800.0
2025-07-08 12:18:03,3200.0,3223.5,Put VEX 5,VEX,0.0,,6800.0
2025-07-08 12:18:03,6025.0,6069.25,Put DEX 5,DEX,-2.229,,6800.0
2025-07-08 12:18:03,6035.0,6079.25,Put DEX 2,DEX,-6.363,,6800.0
2025-07-08 12:18:03,6035.0,6079.25,Put GEX 4,GEX,-12703.988,,6800.0
2025-07-08 12:18:03,6050.0,6094.25,Put DEX 1,DEX,-6.893,,6800.0
2025-07-08 12:18:03,6050.0,6094.25,Put GEX 3,GEX,-15069.683,,6800.0
2025-07-08 12:18:03,6075.0,6119.5,Put DEX 4,DEX,-3.037,,6800.0
2025-07-08 12:18:03,6100.0,6144.75,Put DEX 3,DEX,-5.825,,6800.0
2025-07-08 12:18:03,6100.0,6144.75,Put GEX 1,GEX,-22043.992,,6800.0
2025-07-08 12:18:03,6125.0,6169.75,Call DEX 3,DEX,5.052,,6800.0
2025-07-08 12:18:03,6150.0,6195.0,Put GEX 5,GEX,-9542.383,,6800.0
2025-07-08 12:18:03,6200.0,6245.5,Put GEX 2,GEX,-16503.087,,6800.0
2025-07-08 12:18:03,6225.0,6270.5,Call GEX 5,GEX,16426.691,,6800.0
2025-07-08 12:18:03,6250.0,6295.75,Call GEX 4,GEX,16777.095,,6800.0
2025-07-08 12:18:03,6275.0,6321.0,Call DEX 1,DEX,20.483,,6800.0
2025-07-08 12:18:03,6275.0,6321.0,Call GEX 1,GEX,147055.091,,6800.0
2025-07-08 12:18:03,6285.0,6331.0,Call DEX 5,DEX,3.056,,6800.0
2025-07-08 12:18:03,6285.0,6331.0,Call GEX 3,GEX,19587.518,,6800.0
2025-07-08 12:18:03,6300.0,6346.25,Call DEX 2,DEX,5.78,,6800.0
2025-07-08 12:18:03,6300.0,6346.25,Call GEX 2,GEX,29821.088,,6800.0
2025-07-08 12:18:03,6350.0,6396.5,Call DEX 4,DEX,3.246,,6800.0
2025-07-08 12:19:45,2400.0,2417.75,Call CEX 1,CEX,0.0,,6800.0
2025-07-08 12:19:45,2400.0,2417.75,Put CEX 1,CEX,0.0,,6800.0
2025-07-08 12:19:45,2400.0,2417.75,Call VEX 1,VEX,0.0,,6800.0
2025-07-08 12:19:45,2400.0,2417.75,Put VEX 1,VEX,0.0,,6800.0
2025-07-08 12:19:45,2600.0,2619.25,Call CEX 2,CEX,0.0,,6800.0
2025-07-08 12:19:45,2600.0,2619.25,Put CEX 2,CEX,0.0,,6800.0
2025-07-08 12:19:45,2600.0,2619.25,Call VEX 2,VEX,0.0,,6800.0
2025-07-08 12:19:45,2600.0,2619.25,Put VEX 2,VEX,0.0,,6800.0
2025-07-08 12:19:45,2800.0,2820.5,Call CEX 3,CEX,0.0,,6800.0
2025-07-08 12:19:45,2800.0,2820.5,Put CEX 3,CEX,0.0,,6800.0
2025-07-08 12:19:45,2800.0,2820.5,Call VEX 3,VEX,0.0,,6800.0
2025-07-08 12:19:45,2800.0,2820.5,Put VEX 3,VEX,0.0,,6800.0
2025-07-08 12:19:45,3000.0,3022.0,Call CEX 4,CEX,0.0,,6800.0
2025-07-08 12:19:45,3000.0,3022.0,Put CEX 4,CEX,0.0,,6800.0
2025-07-08 12:19:45,3000.0,3022.0,Call VEX 4,VEX,0.0,,6800.0
2025-07-08 12:19:45,3000.0,3022.0,Put VEX 4,VEX,0.0,,6800.0
2025-07-08 12:19:45,3200.0,3223.5,Call CEX 5,CEX,0.0,,6800.0
2025-07-08 12:19:45,3200.0,3223.5,Put CEX 5,CEX,0.0,,6800.0
2025-07-08 12:19:45,3200.0,3223.5,Call VEX 5,VEX,0.0,,6800.0
2025-07-08 12:19:45,3200.0,3223.5,Put VEX 5,VEX,0.0,,6800.0
2025-07-08 12:19:45,6025.0,6069.25,Put DEX 5,DEX,-2.229,,6800.0
2025-07-08 12:19:45,6035.0,6079.5,Put DEX 2,DEX,-6.364,,6800.0
2025-07-08 12:19:45,6035.0,6079.5,Put GEX 4,GEX,-12662.927,,6800.0
2025-07-08 12:19:45,6050.0,6094.5,Put DEX 1,DEX,-6.893,,6800.0
2025-07-08 12:19:45,6050.0,6094.5,Put GEX 2,GEX,-15014.636,,6800.0
2025-07-08 12:19:45,6075.0,6119.75,Put DEX 4,DEX,-3.035,,6800.0
2025-07-08 12:19:45,6100.0,6145.0,Put DEX 3,DEX,-5.801,,6800.0
2025-07-08 12:19:45,6100.0,6145.0,Put GEX 1,GEX,-21839.029,,6800.0
2025-07-08 12:19:45,6125.0,6170.0,Call DEX 2,DEX,5.115,,6800.0
2025-07-08 12:19:45,6150.0,6195.25,Put GEX 5,GEX,-9340.2,,6800.0
2025-07-08 12:19:45,6200.0,6245.75,Put GEX 3,GEX,-13724.756,,6800.0
2025-07-08 12:19:45,6225.0,6270.75,Call GEX 3,GEX,18157.002,,6800.0
2025-07-08 12:19:45,6250.0,6296.0,Call GEX 4,GEX,17956.36,,6800.0
2025-07-08 12:19:45,6275.0,6321.25,Call DEX 1,DEX,20.477,,6800.0
2025-07-08 12:19:45,6275.0,6321.25,Call GEX 1,GEX,149280.168,,6800.0
2025-07-08 12:19:45,6285.0,6331.25,Call DEX 4,DEX,3.059,,6800.0
2025-07-08 12:19:45,6285.0,6331.25,Call GEX 2,GEX,19818.51,,6800.0
2025-07-08 12:19:45,6300.0,6346.5,Call GEX 5,GEX,17364.544,,6800.0
2025-07-08 12:19:45,6350.0,6396.75,Call DEX 3,DEX,3.153,,6800.0
2025-07-08 12:19:45,6400.0,6447.0,Call DEX 5,DEX,2.975,,6800.0
2025-07-08 12:21:25,2400.0,2417.5,Call CEX 1,CEX,0.0,,6525.0
2025-07-08 12:21:25,2400.0,2417.5,Put CEX 1,CEX,0.0,,6525.0
2025-07-08 12:21:25,2400.0,2417.5,Call VEX 1,VEX,0.0,,6525.0
2025-07-08 12:21:25,2400.0,2417.5,Put VEX 1,VEX,0.0,,6525.0
2025-07-08 12:21:25,2600.0,2618.75,Call CEX 2,CEX,0.0,,6525.0
2025-07-08 12:21:25,2600.0,2618.75,Put CEX 2,CEX,0.0,,6525.0
2025-07-08 12:21:25,2600.0,2618.75,Call VEX 2,VEX,0.0,,6525.0
2025-07-08 12:21:25,2600.0,2618.75,Put VEX 2,VEX,0.0,,6525.0
2025-07-08 12:21:25,2800.0,2820.25,Call CEX 3,CEX,0.0,,6525.0
2025-07-08 12:21:25,2800.0,2820.25,Put CEX 3,CEX,0.0,,6525.0
2025-07-08 12:21:25,2800.0,2820.25,Call VEX 3,VEX,0.0,,6525.0
2025-07-08 12:21:25,2800.0,2820.25,Put VEX 3,VEX,0.0,,6525.0
2025-07-08 12:21:25,3000.0,3021.75,Call CEX 4,CEX,0.0,,6525.0
2025-07-08 12:21:25,3000.0,3021.75,Put CEX 4,CEX,0.0,,6525.0
2025-07-08 12:21:25,3000.0,3021.75,Call VEX 4,VEX,0.0,,6525.0
2025-07-08 12:21:25,3000.0,3021.75,Put VEX 4,VEX,0.0,,6525.0
2025-07-08 12:21:25,3200.0,3223.25,Call CEX 5,CEX,0.0,,6525.0
2025-07-08 12:21:25,3200.0,3223.25,Put CEX 5,CEX,0.0,,6525.0
2025-07-08 12:21:25,3200.0,3223.25,Call VEX 5,VEX,0.0,,6525.0
2025-07-08 12:21:25,3200.0,3223.25,Put VEX 5,VEX,0.0,,6525.0
2025-07-08 12:21:25,6000.0,6043.5,Put DEX 4,DEX,-4.642,,6525.0
2025-07-08 12:21:25,6035.0,6078.75,Put DEX 2,DEX,-6.363,,6525.0
2025-07-08 12:21:25,6035.0,6078.75,Put GEX 4,GEX,-12678.29,,6525.0
2025-07-08 12:21:25,6050.0,6094.0,Put DEX 1,DEX,-6.894,,6525.0
2025-07-08 12:21:25,6050.0,6094.0,Put GEX 3,GEX,-15037.167,,6525.0
2025-07-08 12:21:25,6075.0,6119.0,Put DEX 5,DEX,-3.038,,6525.0
2025-07-08 12:21:25,6100.0,6144.25,Put DEX 3,DEX,-5.835,,6525.0
2025-07-08 12:21:25,6100.0,6144.25,Put GEX 1,GEX,-22016.943,,6525.0
2025-07-08 12:21:25,6125.0,6169.5,Call DEX 3,DEX,5.028,,6525.0
2025-07-08 12:21:25,6150.0,6194.5,Put GEX 5,GEX,-9652.19,,6525.0
2025-07-08 12:21:25,6200.0,6245.0,Put GEX 2,GEX,-18947.913,,6525.0
2025-07-08 12:21:25,6225.0,6270.25,Call GEX 5,GEX,15067.651,,6525.0
2025-07-08 12:21:25,6250.0,6295.25,Call GEX 4,GEX,15929.067,,6525.0
2025-07-08 12:21:25,6275.0,6320.5,Call DEX 1,DEX,21.091,,6525.0
2025-07-08 12:21:25,6275.0,6320.5,Call GEX 1,GEX,149806.76,,6525.0
2025-07-08 12:21:25,6285.0,6330.5,Call DEX 5,DEX,3.231,,6525.0
2025-07-08 12:21:25,6285.0,6330.5,Call GEX 3,GEX,20272.362,,6525.0
2025-07-08 12:21:25,6300.0,6345.75,Call DEX 2,DEX,5.783,,6525.0
2025-07-08 12:21:25,6300.0,6345.75,Call GEX 2,GEX,29964.817,,6525.0
2025-07-08 12:21:25,6350.0,6396.0,Call DEX 4,DEX,3.246,,6525.0
2025-07-08 12:23:05,2400.0,2417.75,Call CEX 1,CEX,0.0,,6525.0
2025-07-08 12:23:05,2400.0,2417.75,Put CEX 1,CEX,0.0,,6525.0
2025-07-08 12:23:05,2400.0,2417.75,Call VEX 1,VEX,0.0,,6525.0
2025-07-08 12:23:05,2400.0,2417.75,Put VEX 1,VEX,0.0,,6525.0
2025-07-08 12:23:05,2600.0,2619.0,Call CEX 2,CEX,0.0,,6525.0
2025-07-08 12:23:05,2600.0,2619.0,Put CEX 2,CEX,0.0,,6525.0
2025-07-08 12:23:05,2600.0,2619.0,Call VEX 2,VEX,0.0,,6525.0
2025-07-08 12:23:05,2600.0,2619.0,Put VEX 2,VEX,0.0,,6525.0
2025-07-08 12:23:05,2800.0,2820.5,Call CEX 3,CEX,0.0,,6525.0
2025-07-08 12:23:05,2800.0,2820.5,Put CEX 3,CEX,0.0,,6525.0
2025-07-08 12:23:05,2800.0,2820.5,Call VEX 3,VEX,0.0,,6525.0
2025-07-08 12:23:05,2800.0,2820.5,Put VEX 3,VEX,0.0,,6525.0
2025-07-08 12:23:05,3000.0,3022.0,Call CEX 4,CEX,0.0,,6525.0
2025-07-08 12:23:05,3000.0,3022.0,Put CEX 4,CEX,0.0,,6525.0
2025-07-08 12:23:05,3000.0,3022.0,Call VEX 4,VEX,0.0,,6525.0
2025-07-08 12:23:05,3000.0,3022.0,Put VEX 4,VEX,0.0,,6525.0
2025-07-08 12:23:05,3200.0,3223.5,Call CEX 5,CEX,0.0,,6525.0
2025-07-08 12:23:05,3200.0,3223.5,Put CEX 5,CEX,0.0,,6525.0
2025-07-08 12:23:05,3200.0,3223.5,Call VEX 5,VEX,0.0,,6525.0
2025-07-08 12:23:05,3200.0,3223.5,Put VEX 5,VEX,0.0,,6525.0
2025-07-08 12:23:05,6000.0,6044.0,Put DEX 4,DEX,-4.642,,6525.0
2025-07-08 12:23:05,6035.0,6079.25,Put DEX 3,DEX,-6.422,,6525.0
2025-07-08 12:23:05,6035.0,6079.25,Put GEX 3,GEX,-12644.827,,6525.0
2025-07-08 12:23:05,6050.0,6094.5,Put DEX 2,DEX,-7.075,,6525.0
2025-07-08 12:23:05,6050.0,6094.5,Put GEX 2,GEX,-15114.964,,6525.0
2025-07-08 12:23:05,6075.0,6119.5,Put DEX 5,DEX,-3.575,,6525.0
2025-07-08 12:23:05,6100.0,6144.75,Put DEX 1,DEX,-8.89,,6525.0
2025-07-08 12:23:05,6100.0,6144.75,Put GEX 1,GEX,-26368.127,,6525.0
2025-07-08 12:23:05,6150.0,6195.25,Put GEX 5,GEX,-8986.028,,6525.0
2025-07-08 12:23:05,6175.0,6220.25,Call DEX 5,DEX,2.878,,6525.0
2025-07-08 12:23:05,6200.0,6245.5,Put GEX 4,GEX,-9246.627,,6525.0
2025-07-08 12:23:05,6225.0,6270.75,Call GEX 2,GEX,20704.246,,6525.0
2025-07-08 12:23:05,6250.0,6296.0,Call GEX 4,GEX,19958.739,,6525.0
2025-07-08 12:23:05,6275.0,6321.0,Call DEX 1,DEX,20.468,,6525.0
2025-07-08 12:23:05,6275.0,6321.0,Call GEX 1,GEX,153511.541,,6525.0
2025-07-08 12:23:05,6285.0,6331.25,Call DEX 3,DEX,3.058,,6525.0
2025-07-08 12:23:05,6285.0,6331.25,Call GEX 3,GEX,20318.687,,6525.0
2025-07-08 12:23:05,6300.0,6346.25,Call GEX 5,GEX,18360.885,,6525.0
2025-07-08 12:23:05,6350.0,6396.75,Call DEX 2,DEX,3.155,,6525.0
2025-07-08 12:23:05,6400.0,6447.0,Call DEX 4,DEX,2.975,,6525.0
2025-07-08 12:24:45,2400.0,2417.5,Call CEX 1,CEX,0.0,,6500.0
2025-07-08 12:24:45,2400.0,2417.5,Put CEX 1,CEX,0.0,,6500.0
2025-07-08 12:24:45,2400.0,2417.5,Call VEX 1,VEX,0.0,,6500.0
2025-07-08 12:24:45,2400.0,2417.5,Put VEX 1,VEX,0.0,,6500.0
2025-07-08 12:24:45,2600.0,2618.75,Call CEX 2,CEX,0.0,,6500.0
2025-07-08 12:24:45,2600.0,2618.75,Put CEX 2,CEX,0.0,,6500.0
2025-07-08 12:24:45,2600.0,2618.75,Call VEX 2,VEX,0.0,,6500.0
2025-07-08 12:24:45,2600.0,2618.75,Put VEX 2,VEX,0.0,,6500.0
2025-07-08 12:24:45,2800.0,2820.25,Call CEX 3,CEX,0.0,,6500.0
2025-07-08 12:24:45,2800.0,2820.25,Put CEX 3,CEX,0.0,,6500.0
2025-07-08 12:24:45,2800.0,2820.25,Call VEX 3,VEX,0.0,,6500.0
2025-07-08 12:24:45,2800.0,2820.25,Put VEX 3,VEX,0.0,,6500.0
2025-07-08 12:24:45,3000.0,3021.75,Call CEX 4,CEX,0.0,,6500.0
2025-07-08 12:24:45,3000.0,3021.75,Put CEX 4,CEX,0.0,,6500.0
2025-07-08 12:24:45,3000.0,3021.75,Call VEX 4,VEX,0.0,,6500.0
2025-07-08 12:24:45,3000.0,3021.75,Put VEX 4,VEX,0.0,,6500.0
2025-07-08 12:24:45,3200.0,3223.25,Call CEX 5,CEX,0.0,,6500.0
2025-07-08 12:24:45,3200.0,3223.25,Put CEX 5,CEX,0.0,,6500.0
2025-07-08 12:24:45,3200.0,3223.25,Call VEX 5,VEX,0.0,,6500.0
2025-07-08 12:24:45,3200.0,3223.25,Put VEX 5,VEX,0.0,,6500.0
2025-07-08 12:24:45,6025.0,6068.75,Put DEX 5,DEX,-2.229,,6500.0
2025-07-08 12:24:45,6035.0,6078.75,Put DEX 2,DEX,-6.363,,6500.0
2025-07-08 12:24:45,6035.0,6078.75,Put GEX 4,GEX,-12735.229,,6500.0
2025-07-08 12:24:45,6050.0,6093.75,Put DEX 1,DEX,-6.895,,6500.0
2025-07-08 12:24:45,6050.0,6093.75,Put GEX 3,GEX,-15104.7,,6500.0
2025-07-08 12:24:45,6075.0,6119.0,Put DEX 4,DEX,-3.035,,6500.0
2025-07-08 12:24:45,6100.0,6144.25,Put DEX 3,DEX,-5.818,,6500.0
2025-07-08 12:24:45,6100.0,6144.25,Put GEX 1,GEX,-22093.914,,6500.0
2025-07-08 12:24:45,6125.0,6169.5,Call DEX 2,DEX,5.072,,6500.0
2025-07-08 12:24:45,6150.0,6194.5,Put GEX 5,GEX,-9572.912,,6500.0
2025-07-08 12:24:45,6200.0,6245.0,Put GEX 2,GEX,-15845.182,,6500.0
2025-07-08 12:24:45,6225.0,6270.0,Call GEX 3,GEX,17363.153,,6500.0
2025-07-08 12:24:45,6250.0,6295.25,Call GEX 4,GEX,17316.026,,6500.0
2025-07-08 12:24:45,6275.0,6320.5,Call DEX 1,DEX,20.386,,6500.0
2025-07-08 12:24:45,6275.0,6320.5,Call GEX 1,GEX,146795.647,,6500.0
2025-07-08 12:24:45,6285.0,6330.5,Call DEX 4,DEX,3.048,,6500.0
2025-07-08 12:24:45,6285.0,6330.5,Call GEX 2,GEX,19509.542,,6500.0
2025-07-08 12:24:45,6300.0,6345.75,Call GEX 5,GEX,16847.336,,6500.0
2025-07-08 12:24:45,6350.0,6396.0,Call DEX 3,DEX,3.246,,6500.0
2025-07-08 12:24:45,6400.0,6446.5,Call DEX 5,DEX,2.975,,6500.0
2025-07-08 12:26:25,2400.0,2417.75,Call CEX 1,CEX,0.0,,6500.0
2025-07-08 12:26:25,2400.0,2417.75,Put CEX 1,CEX,0.0,,6500.0
2025-07-08 12:26:25,2400.0,2417.75,Call VEX 1,VEX,0.0,,6500.0
2025-07-08 12:26:25,2400.0,2417.75,Put VEX 1,VEX,0.0,,6500.0
2025-07-08 12:26:25,2600.0,2619.25,Call CEX 2,CEX,0.0,,6500.0
2025-07-08 12:26:25,2600.0,2619.25,Put CEX 2,CEX,0.0,,6500.0
2025-07-08 12:26:25,2600.0,2619.25,Call VEX 2,VEX,0.0,,6500.0
2025-07-08 12:26:25,2600.0,2619.25,Put VEX 2,VEX,0.0,,6500.0
2025-07-08 12:26:25,2800.0,2820.75,Call CEX 3,CEX,0.0,,6500.0
2025-07-08 12:26:25,2800.0,2820.75,Put CEX 3,CEX,0.0,,6500.0
2025-07-08 12:26:25,2800.0,2820.75,Call VEX 3,VEX,0.0,,6500.0
2025-07-08 12:26:25,2800.0,2820.75,Put VEX 3,VEX,0.0,,6500.0
2025-07-08 12:26:25,3000.0,3022.25,Call CEX 4,CEX,0.0,,6500.0
2025-07-08 12:26:25,3000.0,3022.25,Put CEX 4,CEX,0.0,,6500.0
2025-07-08 12:26:25,3000.0,3022.25,Call VEX 4,VEX,0.0,,6500.0
2025-07-08 12:26:25,3000.0,3022.25,Put VEX 4,VEX,0.0,,6500.0
2025-07-08 12:26:25,3200.0,3223.75,Call CEX 5,CEX,0.0,,6500.0
2025-07-08 12:26:25,3200.0,3223.75,Put CEX 5,CEX,0.0,,6500.0
2025-07-08 12:26:25,3200.0,3223.75,Call VEX 5,VEX,0.0,,6500.0
2025-07-08 12:26:25,3200.0,3223.75,Put VEX 5,VEX,0.0,,6500.0
2025-07-08 12:26:25,6025.0,6069.75,Put DEX 5,DEX,-2.229,,6500.0
2025-07-08 12:26:25,6035.0,6079.75,Put DEX 2,DEX,-6.363,,6500.0
2025-07-08 12:26:25,6035.0,6079.75,Put GEX 4,GEX,-12776.808,,6500.0
2025-07-08 12:26:25,6050.0,6095.0,Put DEX 1,DEX,-6.892,,6500.0
2025-07-08 12:26:25,6050.0,6095.0,Put GEX 3,GEX,-15162.542,,6500.0
2025-07-08 12:26:25,6075.0,6120.0,Put DEX 4,DEX,-3.034,,6500.0
2025-07-08 12:26:25,6100.0,6145.25,Put DEX 3,DEX,-5.815,,6500.0
2025-07-08 12:26:25,6100.0,6145.25,Put GEX 1,GEX,-22195.749,,6500.0
2025-07-08 12:26:25,6125.0,6170.5,Call DEX 2,DEX,5.074,,6500.0
2025-07-08 12:26:25,6150.0,6195.75,Put GEX 5,GEX,-9625.029,,6500.0
2025-07-08 12:26:25,6200.0,6246.0,Put GEX 2,GEX,-15580.857,,6500.0
2025-07-08 12:26:25,6225.0,6271.25,Call GEX 3,GEX,17444.173,,6500.0
2025-07-08 12:26:25,6250.0,6296.5,Call GEX 4,GEX,17285.597,,6500.0
2025-07-08 12:26:25,6275.0,6321.5,Call DEX 1,DEX,20.349,,6500.0
2025-07-08 12:26:25,6275.0,6321.5,Call GEX 1,GEX,145316.1,,6500.0
2025-07-08 12:26:25,6285.0,6331.75,Call DEX 4,DEX,3.046,,6500.0
2025-07-08 12:26:25,6285.0,6331.75,Call GEX 2,GEX,19323.485,,6500.0
2025-07-08 12:26:25,6300.0,6346.75,Call GEX 5,GEX,16763.652,,6500.0
2025-07-08 12:26:25,6350.0,6397.25,Call DEX 3,DEX,3.152,,6500.0
2025-07-08 12:26:25,6400.0,6447.5,Call DEX 5,DEX,2.975,,6500.0
2025-07-08 12:28:04,2400.0,2417.75,Call CEX 1,CEX,0.0,,6800.0
2025-07-08 12:28:04,2400.0,2417.75,Put CEX 1,CEX,0.0,,6800.0
2025-07-08 12:28:04,2400.0,2417.75,Call VEX 1,VEX,0.0,,6800.0
2025-07-08 12:28:04,2400.0,2417.75,Put VEX 1,VEX,0.0,,6800.0
2025-07-08 12:28:04,2600.0,2619.25,Call CEX 2,CEX,0.0,,6800.0
2025-07-08 12:28:04,2600.0,2619.25,Put CEX 2,CEX,0.0,,6800.0
2025-07-08 12:28:04,2600.0,2619.25,Call VEX 2,VEX,0.0,,6800.0
2025-07-08 12:28:04,2600.0,2619.25,Put VEX 2,VEX,0.0,,6800.0
2025-07-08 12:28:04,2800.0,2820.75,Call CEX 3,CEX,0.0,,6800.0
2025-07-08 12:28:04,2800.0,2820.75,Put CEX 3,CEX,0.0,,6800.0
2025-07-08 12:28:04,2800.0,2820.75,Call VEX 3,VEX,0.0,,6800.0
2025-07-08 12:28:04,2800.0,2820.75,Put VEX 3,VEX,0.0,,6800.0
2025-07-08 12:28:04,3000.0,3022.0,Call CEX 4,CEX,0.0,,6800.0
2025-07-08 12:28:04,3000.0,3022.0,Put CEX 4,CEX,0.0,,6800.0
2025-07-08 12:28:04,3000.0,3022.0,Call VEX 4,VEX,0.0,,6800.0
2025-07-08 12:28:04,3000.0,3022.0,Put VEX 4,VEX,0.0,,6800.0
2025-07-08 12:28:04,3200.0,3223.5,Call CEX 5,CEX,0.0,,6800.0
2025-07-08 12:28:04,3200.0,3223.5,Put CEX 5,CEX,0.0,,6800.0
2025-07-08 12:28:04,3200.0,3223.5,Call VEX 5,VEX,0.0,,6800.0
2025-07-08 12:28:04,3200.0,3223.5,Put VEX 5,VEX,0.0,,6800.0
2025-07-08 12:28:04,6025.0,6069.5,Put DEX 5,DEX,-2.229,,6800.0
2025-07-08 12:28:04,6035.0,6079.5,Put DEX 2,DEX,-6.364,,6800.0
2025-07-08 12:28:04,6035.0,6079.5,Put GEX 4,GEX,-12670.389,,6800.0
2025-07-08 12:28:04,6050.0,6094.5,Put DEX 1,DEX,-6.893,,6800.0
2025-07-08 12:28:04,6050.0,6094.5,Put GEX 2,GEX,-15024.157,,6800.0
2025-07-08 12:28:04,6075.0,6119.75,Put DEX 4,DEX,-3.035,,6800.0
2025-07-08 12:28:04,6100.0,6145.0,Put DEX 3,DEX,-5.8,,6800.0
2025-07-08 12:28:04,6100.0,6145.0,Put GEX 1,GEX,-21855.792,,6800.0
2025-07-08 12:28:04,6125.0,6170.25,Call DEX 2,DEX,5.122,,6800.0
2025-07-08 12:28:04,6150.0,6195.25,Put GEX 5,GEX,-9360.061,,6800.0
2025-07-08 12:28:04,6200.0,6245.75,Put GEX 3,GEX,-13588.438,,6800.0
2025-07-08 12:28:04,6225.0,6270.75,Call GEX 3,GEX,18649.907,,6800.0
2025-07-08 12:28:04,6250.0,6296.0,Call GEX 4,GEX,18370.625,,6800.0
2025-07-08 12:28:04,6275.0,6321.25,Call DEX 1,DEX,20.408,,6800.0
2025-07-08 12:28:04,6275.0,6321.25,Call GEX 1,GEX,149746.159,,6800.0
2025-07-08 12:28:04,6285.0,6331.25,Call DEX 4,DEX,3.053,,6800.0
2025-07-08 12:28:04,6285.0,6331.25,Call GEX 2,GEX,19834.573,,6800.0
2025-07-08 12:28:04,6300.0,6346.5,Call GEX 5,GEX,17388.922,,6800.0
2025-07-08 12:28:04,6350.0,6396.75,Call DEX 3,DEX,3.153,,6800.0
2025-07-08 12:28:04,6400.0,6447.25,Call DEX 5,DEX,2.975,,6800.0
2025-07-08 12:29:45,2400.0,2417.75,Call CEX 1,CEX,0.0,,6800.0
2025-07-08 12:29:45,2400.0,2417.75,Put CEX 1,CEX,0.0,,6800.0
2025-07-08 12:29:45,2400.0,2417.75,Call VEX 1,VEX,0.0,,6800.0
2025-07-08 12:29:45,2400.0,2417.75,Put VEX 1,VEX,0.0,,6800.0
2025-07-08 12:29:45,2600.0,2619.25,Call CEX 2,CEX,0.0,,6800.0
2025-07-08 12:29:45,2600.0,2619.25,Put CEX 2,CEX,0.0,,6800.0
2025-07-08 12:29:45,2600.0,2619.25,Call VEX 2,VEX,0.0,,6800.0
2025-07-08 12:29:45,2600.0,2619.25,Put VEX 2,VEX,0.0,,6800.0
2025-07-08 12:29:45,2800.0,2820.75,Call CEX 3,CEX,0.0,,6800.0
2025-07-08 12:29:45,2800.0,2820.75,Put CEX 3,CEX,0.0,,6800.0
2025-07-08 12:29:45,2800.0,2820.75,Call VEX 3,VEX,0.0,,6800.0
2025-07-08 12:29:45,2800.0,2820.75,Put VEX 3,VEX,0.0,,6800.0
2025-07-08 12:29:45,3000.0,3022.25,Call CEX 4,CEX,0.0,,6800.0
2025-07-08 12:29:45,3000.0,3022.25,Put CEX 4,CEX,0.0,,6800.0
2025-07-08 12:29:45,3000.0,3022.25,Call VEX 4,VEX,0.0,,6800.0
2025-07-08 12:29:45,3000.0,3022.25,Put VEX 4,VEX,0.0,,6800.0
2025-07-08 12:29:45,3200.0,3223.5,Call CEX 5,CEX,0.0,,6800.0
2025-07-08 12:29:45,3200.0,3223.5,Put CEX 5,CEX,0.0,,6800.0
2025-07-08 12:29:45,3200.0,3223.5,Call VEX 5,VEX,0.0,,6800.0
2025-07-08 12:29:45,3200.0,3223.5,Put VEX 5,VEX,0.0,,6800.0
2025-07-08 12:29:45,6025.0,6069.5,Put DEX 5,DEX,-2.229,,6800.0
2025-07-08 12:29:45,6035.0,6079.5,Put DEX 2,DEX,-6.364,,6800.0
2025-07-08 12:29:45,6035.0,6079.5,Put GEX 4,GEX,-12648.303,,6800.0
2025-07-08 12:29:45,6050.0,6094.75,Put DEX 1,DEX,-6.893,,6800.0
2025-07-08 12:29:45,6050.0,6094.75,Put GEX 2,GEX,-14996.245,,6800.0
2025-07-08 12:29:45,6075.0,6119.75,Put DEX 4,DEX,-3.034,,6800.0
2025-07-08 12:29:45,6100.0,6145.0,Put DEX 3,DEX,-5.807,,6800.0
2025-07-08 12:29:45,6100.0,6145.0,Put GEX 1,GEX,-21825.591,,6800.0
2025-07-08 12:29:45,6125.0,6170.25,Call DEX 2,DEX,5.103,,6800.0
2025-07-08 12:29:45,6150.0,6195.25,Put GEX 5,GEX,-9369.455,,6800.0
2025-07-08 12:29:45,6200.0,6245.75,Put GEX 3,GEX,-14513.308,,6800.0
2025-07-08 12:29:45,6225.0,6271.0,Call GEX 3,GEX,18105.538,,6800.0
2025-07-08 12:29:45,6250.0,6296.0,Call GEX 4,GEX,18080.83,,6800.0
2025-07-08 12:29:45,6275.0,6321.25,Call DEX 1,DEX,20.439,,6800.0
2025-07-08 12:29:45,6275.0,6321.25,Call GEX 1,GEX,150419.649,,6800.0
2025-07-08 12:29:45,6285.0,6331.25,Call DEX 4,DEX,3.053,,6800.0
2025-07-08 12:29:45,6285.0,6331.25,Call GEX 2,GEX,19945.327,,6800.0
2025-07-08 12:29:45,6300.0,6346.5,Call GEX 5,GEX,17343.671,,6800.0
2025-07-08 12:29:45,6350.0,6396.75,Call DEX 3,DEX,3.152,,6800.0
2025-07-08 12:29:45,6400.0,6447.25,Call DEX 5,DEX,2.975,,6800.0
2025-07-08 12:31:25,2400.0,2417.5,Call CEX 1,CEX,0.0,,6525.0
2025-07-08 12:31:25,2400.0,2417.5,Put CEX 1,CEX,0.0,,6525.0
2025-07-08 12:31:25,2400.0,2417.5,Call VEX 1,VEX,0.0,,6525.0
2025-07-08 12:31:25,2400.0,2417.5,Put VEX 1,VEX,0.0,,6525.0
2025-07-08 12:31:25,2600.0,2619.0,Call CEX 2,CEX,0.0,,6525.0
2025-07-08 12:31:25,2600.0,2619.0,Put CEX 2,CEX,0.0,,6525.0
2025-07-08 12:31:25,2600.0,2619.0,Call VEX 2,VEX,0.0,,6525.0
2025-07-08 12:31:25,2600.0,2619.0,Put VEX 2,VEX,0.0,,6525.0
2025-07-08 12:31:25,2800.0,2820.5,Call CEX 3,CEX,0.0,,6525.0
2025-07-08 12:31:25,2800.0,2820.5,Put CEX 3,CEX,0.0,,6525.0
2025-07-08 12:31:25,2800.0,2820.5,Call VEX 3,VEX,0.0,,6525.0
2025-07-08 12:31:25,2800.0,2820.5,Put VEX 3,VEX,0.0,,6525.0
2025-07-08 12:31:25,3000.0,3022.0,Call CEX 4,CEX,0.0,,6525.0
2025-07-08 12:31:25,3000.0,3022.0,Put CEX 4,CEX,0.0,,6525.0
2025-07-08 12:31:25,3000.0,3022.0,Call VEX 4,VEX,0.0,,6525.0
2025-07-08 12:31:25,3000.0,3022.0,Put VEX 4,VEX,0.0,,6525.0
2025-07-08 12:31:25,3200.0,3223.5,Call CEX 5,CEX,0.0,,6525.0
2025-07-08 12:31:25,3200.0,3223.5,Put CEX 5,CEX,0.0,,6525.0
2025-07-08 12:31:25,3200.0,3223.5,Call VEX 5,VEX,0.0,,6525.0
2025-07-08 12:31:25,3200.0,3223.5,Put VEX 5,VEX,0.0,,6525.0
2025-07-08 12:31:25,6000.0,6044.0,Put DEX 4,DEX,-4.642,,6525.0
2025-07-08 12:31:25,6035.0,6079.25,Put DEX 2,DEX,-6.364,,6525.0
2025-07-08 12:31:25,6035.0,6079.25,Put GEX 3,GEX,-12557.147,,6525.0
2025-07-08 12:31:25,6050.0,6094.25,Put DEX 1,DEX,-6.893,,6525.0
2025-07-08 12:31:25,6050.0,6094.25,Put GEX 2,GEX,-14877.591,,6525.0
2025-07-08 12:31:25,6075.0,6119.5,Put DEX 5,DEX,-3.031,,6525.0
2025-07-08 12:31:25,6100.0,6144.75,Put DEX 3,DEX,-5.784,,6525.0
2025-07-08 12:31:25,6100.0,6144.75,Put GEX 1,GEX,-21545.187,,6525.0
2025-07-08 12:31:25,6125.0,6169.75,Call DEX 2,DEX,5.151,,6525.0
2025-07-08 12:31:25,6150.0,6195.0,Put GEX 5,GEX,-9140.534,,6525.0
2025-07-08 12:31:25,6200.0,6245.5,Put GEX 4,GEX,-12511.94,,6525.0
2025-07-08 12:31:25,6225.0,6270.5,Call GEX 3,GEX,19572.909,,6525.0
2025-07-08 12:31:25,6250.0,6295.75,Call GEX 4,GEX,19290.066,,6525.0
2025-07-08 12:31:25,6275.0,6321.0,Call DEX 1,DEX,20.482,,6525.0
2025-07-08 12:31:25,6275.0,6321.0,Call GEX 1,GEX,154668.247,,6525.0
2025-07-08 12:31:25,6285.0,6331.0,Call DEX 4,DEX,3.058,,6525.0
2025-07-08 12:31:25,6285.0,6331.0,Call GEX 2,GEX,20437.479,,6525.0
2025-07-08 12:31:25,6300.0,6346.25,Call GEX 5,GEX,18024.842,,6525.0
2025-07-08 12:31:25,6350.0,6396.5,Call DEX 3,DEX,3.154,,6525.0
2025-07-08 12:31:25,6400.0,6446.75,Call DEX 5,DEX,2.976,,6525.0
2025-07-08 12:33:05,2400.0,2417.5,Call CEX 1,CEX,0.0,,6525.0
2025-07-08 12:33:05,2400.0,2417.5,Put CEX 1,CEX,0.0,,6525.0
2025-07-08 12:33:05,2400.0,2417.5,Call VEX 1,VEX,0.0,,6525.0
2025-07-08 12:33:05,2400.0,2417.5,Put VEX 1,VEX,0.0,,6525.0
2025-07-08 12:33:05,2600.0,2619.0,Call CEX 2,CEX,0.0,,6525.0
2025-07-08 12:33:05,2600.0,2619.0,Put CEX 2,CEX,0.0,,6525.0
2025-07-08 12:33:05,2600.0,2619.0,Call VEX 2,VEX,0.0,,6525.0
2025-07-08 12:33:05,2600.0,2619.0,Put VEX 2,VEX,0.0,,6525.0
2025-07-08 12:33:05,2800.0,2820.5,Call CEX 3,CEX,0.0,,6525.0
2025-07-08 12:33:05,2800.0,2820.5,Put CEX 3,CEX,0.0,,6525.0
2025-07-08 12:33:05,2800.0,2820.5,Call VEX 3,VEX,0.0,,6525.0
2025-07-08 12:33:05,2800.0,2820.5,Put VEX 3,VEX,0.0,,6525.0
2025-07-08 12:33:05,3000.0,3022.0,Call CEX 4,CEX,0.0,,6525.0
2025-07-08 12:33:05,3000.0,3022.0,Put CEX 4,CEX,0.0,,6525.0
2025-07-08 12:33:05,3000.0,3022.0,Call VEX 4,VEX,0.0,,6525.0
2025-07-08 12:33:05,3000.0,3022.0,Put VEX 4,VEX,0.0,,6525.0
2025-07-08 12:33:05,3200.0,3223.5,Call CEX 5,CEX,0.0,,6525.0
2025-07-08 12:33:05,3200.0,3223.5,Put CEX 5,CEX,0.0,,6525.0
2025-07-08 12:33:05,3200.0,3223.5,Call VEX 5,VEX,0.0,,6525.0
2025-07-08 12:33:05,3200.0,3223.5,Put VEX 5,VEX,0.0,,6525.0
2025-07-08 12:33:05,6025.0,6069.25,Put DEX 5,DEX,-2.229,,6525.0
2025-07-08 12:33:05,6035.0,6079.25,Put DEX 2,DEX,-6.364,,6525.0
2025-07-08 12:33:05,6035.0,6079.25,Put GEX 4,GEX,-12583.512,,6525.0
2025-07-08 12:33:05,6050.0,6094.25,Put DEX 1,DEX,-6.893,,6525.0
2025-07-08 12:33:05,6050.0,6094.25,Put GEX 2,GEX,-14912.564,,6525.0
2025-07-08 12:33:05,6075.0,6119.5,Put DEX 4,DEX,-3.033,,6525.0
2025-07-08 12:33:05,6100.0,6144.75,Put DEX 3,DEX,-5.801,,6525.0
2025-07-08 12:33:05,6100.0,6144.75,Put GEX 1,GEX,-21654.225,,6525.0
2025-07-08 12:33:05,6125.0,6169.75,Call DEX 2,DEX,5.112,,6525.0
2025-07-08 12:33:05,6150.0,6195.0,Put GEX 5,GEX,-9264.67,,6525.0
2025-07-08 12:33:05,6200.0,6245.5,Put GEX 3,GEX,-14207.217,,6525.0
2025-07-08 12:33:05,6225.0,6270.5,Call GEX 4,GEX,18533.915,,6525.0
2025-07-08 12:33:05,6250.0,6295.75,Call GEX 3,GEX,18640.632,,6525.0
2025-07-08 12:33:05,6275.0,6321.0,Call DEX 1,DEX,20.471,,6525.0
2025-07-08 12:33:05,6275.0,6321.0,Call GEX 1,GEX,153335.985,,6525.0
2025-07-08 12:33:05,6285.0,6331.0,Call DEX 4,DEX,3.056,,6525.0
2025-07-08 12:33:05,6285.0,6331.0,Call GEX 2,GEX,20278.447,,6525.0
2025-07-08 12:33:05,6300.0,6346.25,Call GEX 5,GEX,17612.79,,6525.0
2025-07-08 12:33:05,6350.0,6396.5,Call DEX 3,DEX,3.153,,6525.0
2025-07-08 12:33:05,6400.0,6447.0,Call DEX 5,DEX,2.975,,6525.0
2025-07-08 12:34:46,2400.0,2417.5,Call CEX 1,CEX,0.0,,6525.0
2025-07-08 12:34:46,2400.0,2417.5,Put CEX 1,CEX,0.0,,6525.0
2025-07-08 12:34:46,2400.0,2417.5,Call VEX 1,VEX,0.0,,6525.0
2025-07-08 12:34:46,2400.0,2417.5,Put VEX 1,VEX,0.0,,6525.0
2025-07-08 12:34:46,2600.0,2619.0,Call CEX 2,CEX,0.0,,6525.0
2025-07-08 12:34:46,2600.0,2619.0,Put CEX 2,CEX,0.0,,6525.0
2025-07-08 12:34:46,2600.0,2619.0,Call VEX 2,VEX,0.0,,6525.0
2025-07-08 12:34:46,2600.0,2619.0,Put VEX 2,VEX,0.0,,6525.0
2025-07-08 12:34:46,2800.0,2820.5,Call CEX 3,CEX,0.0,,6525.0
2025-07-08 12:34:46,2800.0,2820.5,Put CEX 3,CEX,0.0,,6525.0
2025-07-08 12:34:46,2800.0,2820.5,Call VEX 3,VEX,0.0,,6525.0
2025-07-08 12:34:46,2800.0,2820.5,Put VEX 3,VEX,0.0,,6525.0
2025-07-08 12:34:46,3000.0,3022.0,Call CEX 4,CEX,0.0,,6525.0
2025-07-08 12:34:46,3000.0,3022.0,Put CEX 4,CEX,0.0,,6525.0
2025-07-08 12:34:46,3000.0,3022.0,Call VEX 4,VEX,0.0,,6525.0
2025-07-08 12:34:46,3000.0,3022.0,Put VEX 4,VEX,0.0,,6525.0
2025-07-08 12:34:46,3200.0,3223.25,Call CEX 5,CEX,0.0,,6525.0
2025-07-08 12:34:46,3200.0,3223.25,Put CEX 5,CEX,0.0,,6525.0
2025-07-08 12:34:46,3200.0,3223.25,Call VEX 5,VEX,0.0,,6525.0
2025-07-08 12:34:46,3200.0,3223.25,Put VEX 5,VEX,0.0,,6525.0
2025-07-08 12:34:46,6025.0,6069.0,Put DEX 5,DEX,-2.229,,6525.0
2025-07-08 12:34:46,6035.0,6079.0,Put DEX 2,DEX,-6.364,,6525.0
2025-07-08 12:34:46,6035.0,6079.0,Put GEX 4,GEX,-12616.275,,6525.0
2025-07-08 12:34:46,6050.0,6094.25,Put DEX 1,DEX,-6.893,,6525.0
2025-07-08 12:34:46,6050.0,6094.25,Put GEX 3,GEX,-14955.513,,6525.0
2025-07-08 12:34:46,6075.0,6119.25,Put DEX 4,DEX,-3.035,,6525.0
2025-07-08 12:34:46,6100.0,6144.5,Put DEX 3,DEX,-5.808,,6525.0
2025-07-08 12:34:46,6100.0,6144.5,Put GEX 1,GEX,-21790.487,,6525.0
2025-07-08 12:34:46,6125.0,6169.75,Call DEX 2,DEX,5.084,,6525.0
2025-07-08 12:34:46,6150.0,6195.0,Put GEX 5,GEX,-9371.314,,6525.0
2025-07-08 12:34:46,6200.0,6245.25,Put GEX 2,GEX,-15457.661,,6525.0
2025-07-08 12:34:46,6225.0,6270.5,Call GEX 4,GEX,17880.669,,6525.0
2025-07-08 12:34:46,6250.0,6295.5,Call GEX 3,GEX,18064.977,,6525.0
2025-07-08 12:34:46,6275.0,6320.75,Call DEX 1,DEX,20.471,,6525.0
2025-07-08 12:34:46,6275.0,6320.75,Call GEX 1,GEX,151570.713,,6525.0
2025-07-08 12:34:46,6285.0,6330.75,Call DEX 4,DEX,3.055,,6525.0
2025-07-08 12:34:46,6285.0,6330.75,Call GEX 2,GEX,20091.234,,6525.0
2025-07-08 12:34:46,6300.0,6346.0,Call GEX 5,GEX,17331.918,,6525.0
2025-07-08 12:34:46,6350.0,6396.25,Call DEX 3,DEX,3.153,,6525.0
2025-07-08 12:34:46,6400.0,6446.75,Call DEX 5,DEX,2.975,,6525.0
2025-07-08 12:36:26,2400.0,2417.5,Call CEX 1,CEX,0.0,,6525.0
2025-07-08 12:36:26,2400.0,2417.5,Put CEX 1,CEX,0.0,,6525.0
2025-07-08 12:36:26,2400.0,2417.5,Call VEX 1,VEX,0.0,,6525.0
2025-07-08 12:36:26,2400.0,2417.5,Put VEX 1,VEX,0.0,,6525.0
2025-07-08 12:36:26,2600.0,2619.0,Call CEX 2,CEX,0.0,,6525.0
2025-07-08 12:36:26,2600.0,2619.0,Put CEX 2,CEX,0.0,,6525.0
2025-07-08 12:36:26,2600.0,2619.0,Call VEX 2,VEX,0.0,,6525.0
2025-07-08 12:36:26,2600.0,2619.0,Put VEX 2,VEX,0.0,,6525.0
2025-07-08 12:36:26,2800.0,2820.5,Call CEX 3,CEX,0.0,,6525.0
2025-07-08 12:36:26,2800.0,2820.5,Put CEX 3,CEX,0.0,,6525.0
2025-07-08 12:36:26,2800.0,2820.5,Call VEX 3,VEX,0.0,,6525.0
2025-07-08 12:36:26,2800.0,2820.5,Put VEX 3,VEX,0.0,,6525.0
2025-07-08 12:36:26,3000.0,3022.0,Call CEX 4,CEX,0.0,,6525.0
2025-07-08 12:36:26,3000.0,3022.0,Put CEX 4,CEX,0.0,,6525.0
2025-07-08 12:36:26,3000.0,3022.0,Call VEX 4,VEX,0.0,,6525.0
2025-07-08 12:36:26,3000.0,3022.0,Put VEX 4,VEX,0.0,,6525.0
2025-07-08 12:36:26,3200.0,3223.5,Call CEX 5,CEX,0.0,,6525.0
2025-07-08 12:36:26,3200.0,3223.5,Put CEX 5,CEX,0.0,,6525.0
2025-07-08 12:36:26,3200.0,3223.5,Call VEX 5,VEX,0.0,,6525.0
2025-07-08 12:36:26,3200.0,3223.5,Put VEX 5,VEX,0.0,,6525.0
2025-07-08 12:36:26,6025.0,6069.0,Put DEX 5,DEX,-2.229,,6525.0
2025-07-08 12:36:26,6035.0,6079.25,Put DEX 2,DEX,-6.364,,6525.0
2025-07-08 12:36:26,6035.0,6079.25,Put GEX 4,GEX,-12589.1,,6525.0
2025-07-08 12:36:26,6050.0,6094.25,Put DEX 1,DEX,-6.891,,6525.0
2025-07-08 12:36:26,6050.0,6094.25,Put GEX 2,GEX,-14923.553,,6525.0
2025-07-08 12:36:26,6075.0,6119.5,Put DEX 4,DEX,-3.032,,6525.0
2025-07-08 12:36:26,6100.0,6144.5,Put DEX 3,DEX,-5.79,,6525.0
2025-07-08 12:36:26,6100.0,6144.5,Put GEX 1,GEX,-21648.071,,6525.0
2025-07-08 12:36:26,6125.0,6169.75,Call DEX 2,DEX,5.139,,6525.0
2025-07-08 12:36:26,6150.0,6195.0,Put GEX 5,GEX,-9205.08,,6525.0
2025-07-08 12:36:26,6200.0,6245.25,Put GEX 3,GEX,-12991.9,,6525.0
2025-07-08 12:36:26,6225.0,6270.5,Call GEX 3,GEX,19427.849,,6525.0
2025-07-08 12:36:26,6250.0,6295.75,Call GEX 4,GEX,19154.436,,6525.0
2025-07-08 12:36:26,6275.0,6321.0,Call DEX 1,DEX,20.431,,6525.0
2025-07-08 12:36:26,6275.0,6321.0,Call GEX 1,GEX,153595.999,,6525.0
2025-07-08 12:36:26,6285.0,6331.0,Call DEX 4,DEX,3.055,,6525.0
2025-07-08 12:36:26,6285.0,6331.0,Call GEX 2,GEX,20273.914,,6525.0
2025-07-08 12:36:26,6300.0,6346.0,Call GEX 5,GEX,17784.091,,6525.0
2025-07-08 12:36:26,6350.0,6396.5,Call DEX 3,DEX,3.154,,6525.0
2025-07-08 12:36:26,6400.0,6446.75,Call DEX 5,DEX,2.975,,6525.0
2025-07-08 12:38:07,2400.0,2417.75,Call CEX 1,CEX,0.0,,6500.0
2025-07-08 12:38:07,2400.0,2417.75,Put CEX 1,CEX,0.0,,6500.0
2025-07-08 12:38:07,2400.0,2417.75,Call VEX 1,VEX,0.0,,6500.0
2025-07-08 12:38:07,2400.0,2417.75,Put VEX 1,VEX,0.0,,6500.0
2025-07-08 12:38:07,2600.0,2619.25,Call CEX 2,CEX,0.0,,6500.0
2025-07-08 12:38:07,2600.0,2619.25,Put CEX 2,CEX,0.0,,6500.0
2025-07-08 12:38:07,2600.0,2619.25,Call VEX 2,VEX,0.0,,6500.0
2025-07-08 12:38:07,2600.0,2619.25,Put VEX 2,VEX,0.0,,6500.0
2025-07-08 12:38:07,2800.0,2820.75,Call CEX 3,CEX,0.0,,6500.0
2025-07-08 12:38:07,2800.0,2820.75,Put CEX 3,CEX,0.0,,6500.0
2025-07-08 12:38:07,2800.0,2820.75,Call VEX 3,VEX,0.0,,6500.0
2025-07-08 12:38:07,2800.0,2820.75,Put VEX 3,VEX,0.0,,6500.0
2025-07-08 12:38:07,3000.0,3022.25,Call CEX 4,CEX,0.0,,6500.0
2025-07-08 12:38:07,3000.0,3022.25,Put CEX 4,CEX,0.0,,6500.0
2025-07-08 12:38:07,3000.0,3022.25,Call VEX 4,VEX,0.0,,6500.0
2025-07-08 12:38:07,3000.0,3022.25,Put VEX 4,VEX,0.0,,6500.0
2025-07-08 12:38:07,3200.0,3223.75,Call CEX 5,CEX,0.0,,6500.0
2025-07-08 12:38:07,3200.0,3223.75,Put CEX 5,CEX,0.0,,6500.0
2025-07-08 12:38:07,3200.0,3223.75,Call VEX 5,VEX,0.0,,6500.0
2025-07-08 12:38:07,3200.0,3223.75,Put VEX 5,VEX,0.0,,6500.0
2025-07-08 12:38:07,6025.0,6069.75,Put DEX 5,DEX,-2.229,,6500.0
2025-07-08 12:38:07,6035.0,6079.75,Put DEX 2,DEX,-6.364,,6500.0
2025-07-08 12:38:07,6035.0,6079.75,Put GEX 4,GEX,-12675.29,,6500.0
2025-07-08 12:38:07,6050.0,6094.75,Put DEX 1,DEX,-6.891,,6500.0
2025-07-08 12:38:07,6050.0,6094.75,Put GEX 3,GEX,-15036.464,,6500.0
2025-07-08 12:38:07,6075.0,6120.0,Put DEX 4,DEX,-3.035,,6500.0
2025-07-08 12:38:07,6100.0,6145.25,Put DEX 3,DEX,-5.813,,6500.0
2025-07-08 12:38:07,6100.0,6145.25,Put GEX 1,GEX,-21963.388,,6500.0
2025-07-08 12:38:07,6125.0,6170.25,Call DEX 3,DEX,5.076,,6500.0
2025-07-08 12:38:07,6150.0,6195.5,Put GEX 5,GEX,-9469.16,,6500.0
2025-07-08 12:38:07,6200.0,6246.0,Put GEX 2,GEX,-16108.009,,6500.0
2025-07-08 12:38:07,6225.0,6271.0,Call GEX 5,GEX,17504.836,,6500.0
2025-07-08 12:38:07,6250.0,6296.25,Call GEX 4,GEX,17635.396,,6500.0
2025-07-08 12:38:07,6275.0,6321.5,Call DEX 1,DEX,20.414,,6500.0
2025-07-08 12:38:07,6275.0,6321.5,Call GEX 1,GEX,149314.989,,6500.0
2025-07-08 12:38:07,6285.0,6331.5,Call DEX 5,DEX,3.049,,6500.0
2025-07-08 12:38:07,6285.0,6331.5,Call GEX 3,GEX,19783.749,,6500.0
2025-07-08 12:38:07,6300.0,6346.75,Call DEX 2,DEX,5.777,,6500.0
2025-07-08 12:38:07,6300.0,6346.75,Call GEX 2,GEX,30023.649,,6500.0
2025-07-08 12:38:07,6350.0,6397.0,Call DEX 4,DEX,3.246,,6500.0
2025-07-08 12:39:48,2400.0,2417.75,Call CEX 1,CEX,0.0,,6500.0
2025-07-08 12:39:48,2400.0,2417.75,Put CEX 1,CEX,0.0,,6500.0
2025-07-08 12:39:48,2400.0,2417.75,Call VEX 1,VEX,0.0,,6500.0
2025-07-08 12:39:48,2400.0,2417.75,Put VEX 1,VEX,0.0,,6500.0
2025-07-08 12:39:48,2600.0,2619.0,Call CEX 2,CEX,0.0,,6500.0
2025-07-08 12:39:48,2600.0,2619.0,Put CEX 2,CEX,0.0,,6500.0
2025-07-08 12:39:48,2600.0,2619.0,Call VEX 2,VEX,0.0,,6500.0
2025-07-08 12:39:48,2600.0,2619.0,Put VEX 2,VEX,0.0,,6500.0
2025-07-08 12:39:48,2800.0,2820.5,Call CEX 3,CEX,0.0,,6500.0
2025-07-08 12:39:48,2800.0,2820.5,Put CEX 3,CEX,0.0,,6500.0
2025-07-08 12:39:48,2800.0,2820.5,Call VEX 3,VEX,0.0,,6500.0
2025-07-08 12:39:48,2800.0,2820.5,Put VEX 3,VEX,0.0,,6500.0
2025-07-08 12:39:48,3000.0,3022.0,Call CEX 4,CEX,0.0,,6500.0
2025-07-08 12:39:48,3000.0,3022.0,Put CEX 4,CEX,0.0,,6500.0
2025-07-08 12:39:48,3000.0,3022.0,Call VEX 4,VEX,0.0,,6500.0
2025-07-08 12:39:48,3000.0,3022.0,Put VEX 4,VEX,0.0,,6500.0
2025-07-08 12:39:48,3200.0,3223.5,Call CEX 5,CEX,0.0,,6500.0
2025-07-08 12:39:48,3200.0,3223.5,Put CEX 5,CEX,0.0,,6500.0
2025-07-08 12:39:48,3200.0,3223.5,Call VEX 5,VEX,0.0,,6500.0
2025-07-08 12:39:48,3200.0,3223.5,Put VEX 5,VEX,0.0,,6500.0
2025-07-08 12:39:48,6025.0,6069.25,Put DEX 5,DEX,-2.229,,6500.0
2025-07-08 12:39:48,6035.0,6079.5,Put DEX 2,DEX,-6.364,,6500.0
2025-07-08 12:39:48,6035.0,6079.5,Put GEX 4,GEX,-12616.513,,6500.0
2025-07-08 12:39:48,6050.0,6094.5,Put DEX 1,DEX,-6.891,,6500.0
2025-07-08 12:39:48,6050.0,6094.5,Put GEX 2,GEX,-14958.969,,6500.0
2025-07-08 12:39:48,6075.0,6119.75,Put DEX 4,DEX,-3.032,,6500.0
2025-07-08 12:39:48,6100.0,6144.75,Put DEX 3,DEX,-5.793,,6500.0
2025-07-08 12:39:48,6100.0,6144.75,Put GEX 1,GEX,-21707.055,,6500.0
2025-07-08 12:39:48,6125.0,6170.0,Call DEX 2,DEX,5.136,,6500.0
2025-07-08 12:39:48,6150.0,6195.25,Put GEX 5,GEX,-9242.561,,6500.0
2025-07-08 12:39:48,6200.0,6245.5,Put GEX 3,GEX,-12862.647,,6500.0
2025-07-08 12:39:48,6225.0,6270.75,Call GEX 3,GEX,19567.27,,6500.0
2025-07-08 12:39:48,6250.0,6296.0,Call GEX 4,GEX,19071.697,,6500.0
2025-07-08 12:39:48,6275.0,6321.25,Call DEX 1,DEX,20.41,,6500.0
2025-07-08 12:39:48,6275.0,6321.25,Call GEX 1,GEX,152445.167,,6500.0
2025-07-08 12:39:48,6285.0,6331.25,Call DEX 4,DEX,3.053,,6500.0
2025-07-08 12:39:48,6285.0,6331.25,Call GEX 2,GEX,20145.784,,6500.0
2025-07-08 12:39:48,6300.0,6346.25,Call GEX 5,GEX,17737.21,,6500.0
2025-07-08 12:39:48,6350.0,6396.75,Call DEX 3,DEX,3.154,,6500.0
2025-07-08 12:39:48,6400.0,6447.0,Call DEX 5,DEX,2.975,,6500.0
2025-07-08 12:41:33,2400.0,2417.5,Call CEX 1,CEX,0.0,,6500.0
2025-07-08 12:41:33,2400.0,2417.5,Put CEX 1,CEX,0.0,,6500.0
2025-07-08 12:41:33,2400.0,2417.5,Call VEX 1,VEX,0.0,,6500.0
2025-07-08 12:41:33,2400.0,2417.5,Put VEX 1,VEX,0.0,,6500.0
2025-07-08 12:41:33,2600.0,2619.0,Call CEX 2,CEX,0.0,,6500.0
2025-07-08 12:41:33,2600.0,2619.0,Put CEX 2,CEX,0.0,,6500.0
2025-07-08 12:41:33,2600.0,2619.0,Call VEX 2,VEX,0.0,,6500.0
2025-07-08 12:41:33,2600.0,2619.0,Put VEX 2,VEX,0.0,,6500.0
2025-07-08 12:41:33,2800.0,2820.5,Call CEX 3,CEX,0.0,,6500.0
2025-07-08 12:41:33,2800.0,2820.5,Put CEX 3,CEX,0.0,,6500.0
2025-07-08 12:41:33,2800.0,2820.5,Call VEX 3,VEX,0.0,,6500.0
2025-07-08 12:41:33,2800.0,2820.5,Put VEX 3,VEX,0.0,,6500.0
2025-07-08 12:41:33,3000.0,3022.0,Call CEX 4,CEX,0.0,,6500.0
2025-07-08 12:41:33,3000.0,3022.0,Put CEX 4,CEX,0.0,,6500.0
2025-07-08 12:41:33,3000.0,3022.0,Call VEX 4,VEX,0.0,,6500.0
2025-07-08 12:41:33,3000.0,3022.0,Put VEX 4,VEX,0.0,,6500.0
2025-07-08 12:41:33,3200.0,3223.25,Call CEX 5,CEX,0.0,,6500.0
2025-07-08 12:41:33,3200.0,3223.25,Put CEX 5,CEX,0.0,,6500.0
2025-07-08 12:41:33,3200.0,3223.25,Call VEX 5,VEX,0.0,,6500.0
2025-07-08 12:41:33,3200.0,3223.25,Put VEX 5,VEX,0.0,,6500.0
2025-07-08 12:41:33,6025.0,6069.0,Put DEX 5,DEX,-2.229,,6500.0
2025-07-08 12:41:33,6035.0,6079.0,Put DEX 2,DEX,-6.363,,6500.0
2025-07-08 12:41:33,6035.0,6079.0,Put GEX 4,GEX,-12722.819,,6500.0
2025-07-08 12:41:33,6050.0,6094.25,Put DEX 1,DEX,-6.891,,6500.0
2025-07-08 12:41:33,6050.0,6094.25,Put GEX 2,GEX,-15097.077,,6500.0
2025-07-08 12:41:33,6075.0,6119.25,Put DEX 4,DEX,-3.034,,6500.0
2025-07-08 12:41:33,6100.0,6144.5,Put DEX 3,DEX,-5.807,,6500.0
2025-07-08 12:41:33,6100.0,6144.5,Put GEX 1,GEX,-22041.77,,6500.0
2025-07-08 12:41:33,6125.0,6169.75,Call DEX 2,DEX,5.098,,6500.0
2025-07-08 12:41:33,6150.0,6195.0,Put GEX 5,GEX,-9504.626,,6500.0
2025-07-08 12:41:33,6200.0,6245.25,Put GEX 3,GEX,-14701.426,,6500.0
2025-07-08 12:41:33,6225.0,6270.5,Call GEX 3,GEX,18551.361,,6500.0
2025-07-08 12:41:33,6250.0,6295.75,Call GEX 4,GEX,18124.294,,6500.0
2025-07-08 12:41:33,6275.0,6320.75,Call DEX 1,DEX,20.352,,6500.0
2025-07-08 12:41:33,6275.0,6320.75,Call GEX 1,GEX,147835.644,,6500.0
2025-07-08 12:41:33,6285.0,6331.0,Call DEX 4,DEX,3.047,,6500.0
2025-07-08 12:41:33,6285.0,6331.0,Call GEX 2,GEX,19596.022,,6500.0
2025-07-08 12:41:33,6300.0,6346.0,Call GEX 5,GEX,17067.632,,6500.0
2025-07-08 12:41:33,6350.0,6396.25,Call DEX 3,DEX,3.152,,6500.0
2025-07-08 12:41:33,6400.0,6446.75,Call DEX 5,DEX,2.975,,6500.0
2025-07-08 12:43:14,2400.0,2417.5,Call CEX 1,CEX,0.0,,6525.0
2025-07-08 12:43:14,2400.0,2417.5,Put CEX 1,CEX,0.0,,6525.0
2025-07-08 12:43:14,2400.0,2417.5,Call VEX 1,VEX,0.0,,6525.0
2025-07-08 12:43:14,2400.0,2417.5,Put VEX 1,VEX,0.0,,6525.0
2025-07-08 12:43:14,2600.0,2619.0,Call CEX 2,CEX,0.0,,6525.0
2025-07-08 12:43:14,2600.0,2619.0,Put CEX 2,CEX,0.0,,6525.0
2025-07-08 12:43:14,2600.0,2619.0,Call VEX 2,VEX,0.0,,6525.0
2025-07-08 12:43:14,2600.0,2619.0,Put VEX 2,VEX,0.0,,6525.0
2025-07-08 12:43:14,2800.0,2820.25,Call CEX 3,CEX,0.0,,6525.0
2025-07-08 12:43:14,2800.0,2820.25,Put CEX 3,CEX,0.0,,6525.0
2025-07-08 12:43:14,2800.0,2820.25,Call VEX 3,VEX,0.0,,6525.0
2025-07-08 12:43:14,2800.0,2820.25,Put VEX 3,VEX,0.0,,6525.0
2025-07-08 12:43:14,3000.0,3021.75,Call CEX 4,CEX,0.0,,6525.0
2025-07-08 12:43:14,3000.0,3021.75,Put CEX 4,CEX,0.0,,6525.0
2025-07-08 12:43:14,3000.0,3021.75,Call VEX 4,VEX,0.0,,6525.0
2025-07-08 12:43:14,3000.0,3021.75,Put VEX 4,VEX,0.0,,6525.0
2025-07-08 12:43:14,3200.0,3223.25,Call CEX 5,CEX,0.0,,6525.0
2025-07-08 12:43:14,3200.0,3223.25,Put CEX 5,CEX,0.0,,6525.0
2025-07-08 12:43:14,3200.0,3223.25,Call VEX 5,VEX,0.0,,6525.0
2025-07-08 12:43:14,3200.0,3223.25,Put VEX 5,VEX,0.0,,6525.0
2025-07-08 12:43:14,6000.0,6043.75,Put DEX 4,DEX,-4.642,,6525.0
2025-07-08 12:43:14,6035.0,6079.0,Put DEX 3,DEX,-6.421,,6525.0
2025-07-08 12:43:14,6035.0,6079.0,Put GEX 3,GEX,-12744.437,,6525.0
2025-07-08 12:43:14,6050.0,6094.0,Put DEX 2,DEX,-7.073,,6525.0
2025-07-08 12:43:14,6050.0,6094.0,Put GEX 2,GEX,-15249.054,,6525.0
2025-07-08 12:43:14,6075.0,6119.25,Put DEX 5,DEX,-3.575,,6525.0
2025-07-08 12:43:14,6100.0,6144.25,Put DEX 1,DEX,-8.886,,6525.0
2025-07-08 12:43:14,6100.0,6144.25,Put GEX 1,GEX,-26696.082,,6525.0
2025-07-08 12:43:14,6125.0,6169.5,Call DEX 2,DEX,5.162,,6525.0
2025-07-08 12:43:14,6150.0,6194.75,Put GEX 5,GEX,-9309.983,,6525.0
2025-07-08 12:43:14,6200.0,6245.0,Put GEX 4,GEX,-12041.165,,6525.0
2025-07-08 12:43:14,6225.0,6270.25,Call GEX 2,GEX,20656.157,,6525.0
2025-07-08 12:43:14,6250.0,6295.5,Call GEX 4,GEX,19415.147,,6525.0
2025-07-08 12:43:14,6275.0,6320.75,Call DEX 1,DEX,20.312,,6525.0
2025-07-08 12:43:14,6275.0,6320.75,Call GEX 1,GEX,150212.789,,6525.0
2025-07-08 12:43:14,6285.0,6330.75,Call DEX 4,DEX,3.046,,6525.0
2025-07-08 12:43:14,6285.0,6330.75,Call GEX 3,GEX,19841.347,,6525.0
2025-07-08 12:43:14,6300.0,6345.75,Call GEX 5,GEX,17642.547,,6525.0
2025-07-08 12:43:14,6350.0,6396.25,Call DEX 3,DEX,3.153,,6525.0
2025-07-08 12:43:14,6400.0,6446.5,Call DEX 5,DEX,2.975,,6525.0
2025-07-08 12:44:55,2400.0,2417.75,Call CEX 1,CEX,0.0,,6500.0
2025-07-08 12:44:55,2400.0,2417.75,Put CEX 1,CEX,0.0,,6500.0
2025-07-08 12:44:55,2400.0,2417.75,Call VEX 1,VEX,0.0,,6500.0
2025-07-08 12:44:55,2400.0,2417.75,Put VEX 1,VEX,0.0,,6500.0
2025-07-08 12:44:55,2600.0,2619.25,Call CEX 2,CEX,0.0,,6500.0
2025-07-08 12:44:55,2600.0,2619.25,Put CEX 2,CEX,0.0,,6500.0
2025-07-08 12:44:55,2600.0,2619.25,Call VEX 2,VEX,0.0,,6500.0
2025-07-08 12:44:55,2600.0,2619.25,Put VEX 2,VEX,0.0,,6500.0
2025-07-08 12:44:55,2800.0,2820.75,Call CEX 3,CEX,0.0,,6500.0
2025-07-08 12:44:55,2800.0,2820.75,Put CEX 3,CEX,0.0,,6500.0
2025-07-08 12:44:55,2800.0,2820.75,Call VEX 3,VEX,0.0,,6500.0
2025-07-08 12:44:55,2800.0,2820.75,Put VEX 3,VEX,0.0,,6500.0
2025-07-08 12:44:55,3000.0,3022.25,Call CEX 4,CEX,0.0,,6500.0
2025-07-08 12:44:55,3000.0,3022.25,Put CEX 4,CEX,0.0,,6500.0
2025-07-08 12:44:55,3000.0,3022.25,Call VEX 4,VEX,0.0,,6500.0
2025-07-08 12:44:55,3000.0,3022.25,Put VEX 4,VEX,0.0,,6500.0
2025-07-08 12:44:55,3200.0,3223.75,Call CEX 5,CEX,0.0,,6500.0
2025-07-08 12:44:55,3200.0,3223.75,Put CEX 5,CEX,0.0,,6500.0
2025-07-08 12:44:55,3200.0,3223.75,Call VEX 5,VEX,0.0,,6500.0
2025-07-08 12:44:55,3200.0,3223.75,Put VEX 5,VEX,0.0,,6500.0
2025-07-08 12:44:55,6025.0,6069.5,Put DEX 5,DEX,-2.228,,6500.0
2025-07-08 12:44:55,6035.0,6079.75,Put DEX 2,DEX,-6.362,,6500.0
2025-07-08 12:44:55,6035.0,6079.75,Put GEX 4,GEX,-12819.779,,6500.0
2025-07-08 12:44:55,6050.0,6094.75,Put DEX 1,DEX,-6.891,,6500.0
2025-07-08 12:44:55,6050.0,6094.75,Put GEX 3,GEX,-15223.305,,6500.0
2025-07-08 12:44:55,6075.0,6120.0,Put DEX 4,DEX,-3.035,,6500.0
2025-07-08 12:44:55,6100.0,6145.25,Put DEX 3,DEX,-5.82,,6500.0
2025-07-08 12:44:55,6100.0,6145.25,Put GEX 1,GEX,-22330.591,,6500.0
2025-07-08 12:44:55,6125.0,6170.25,Call DEX 2,DEX,5.073,,6500.0
2025-07-08 12:44:55,6150.0,6195.5,Put GEX 5,GEX,-9763.444,,6500.0
2025-07-08 12:44:55,6200.0,6246.0,Put GEX 2,GEX,-16910.917,,6500.0
2025-07-08 12:44:55,6225.0,6271.0,Call GEX 3,GEX,18017.343,,6500.0
2025-07-08 12:44:55,6250.0,6296.25,Call GEX 4,GEX,17361.946,,6500.0
2025-07-08 12:44:55,6275.0,6321.5,Call DEX 1,DEX,20.256,,6500.0
2025-07-08 12:44:55,6275.0,6321.5,Call GEX 1,GEX,144383.887,,6500.0
2025-07-08 12:44:55,6285.0,6331.5,Call DEX 4,DEX,3.036,,6500.0
2025-07-08 12:44:55,6285.0,6331.5,Call GEX 2,GEX,19182.375,,6500.0
2025-07-08 12:44:55,6300.0,6346.75,Call GEX 5,GEX,16567.069,,6500.0
2025-07-08 12:44:55,6350.0,6397.0,Call DEX 3,DEX,3.246,,6500.0
2025-07-08 12:44:55,6400.0,6447.5,Call DEX 5,DEX,2.975,,6500.0
2025-07-08 12:46:35,2400.0,2417.5,Call CEX 1,CEX,0.0,,6500.0
2025-07-08 12:46:35,2400.0,2417.5,Put CEX 1,CEX,0.0,,6500.0
2025-07-08 12:46:35,2400.0,2417.5,Call VEX 1,VEX,0.0,,6500.0
2025-07-08 12:46:35,2400.0,2417.5,Put VEX 1,VEX,0.0,,6500.0
2025-07-08 12:46:35,2600.0,2619.0,Call CEX 2,CEX,0.0,,6500.0
2025-07-08 12:46:35,2600.0,2619.0,Put CEX 2,CEX,0.0,,6500.0
2025-07-08 12:46:35,2600.0,2619.0,Call VEX 2,VEX,0.0,,6500.0
2025-07-08 12:46:35,2600.0,2619.0,Put VEX 2,VEX,0.0,,6500.0
2025-07-08 12:46:35,2800.0,2820.25,Call CEX 3,CEX,0.0,,6500.0
2025-07-08 12:46:35,2800.0,2820.25,Put CEX 3,CEX,0.0,,6500.0
2025-07-08 12:46:35,2800.0,2820.25,Call VEX 3,VEX,0.0,,6500.0
2025-07-08 12:46:35,2800.0,2820.25,Put VEX 3,VEX,0.0,,6500.0
2025-07-08 12:46:35,3000.0,3021.75,Call CEX 4,CEX,0.0,,6500.0
2025-07-08 12:46:35,3000.0,3021.75,Put CEX 4,CEX,0.0,,6500.0
2025-07-08 12:46:35,3000.0,3021.75,Call VEX 4,VEX,0.0,,6500.0
2025-07-08 12:46:35,3000.0,3021.75,Put VEX 4,VEX,0.0,,6500.0
2025-07-08 12:46:35,3200.0,3223.25,Call CEX 5,CEX,0.0,,6500.0
2025-07-08 12:46:35,3200.0,3223.25,Put CEX 5,CEX,0.0,,6500.0
2025-07-08 12:46:35,3200.0,3223.25,Call VEX 5,VEX,0.0,,6500.0
2025-07-08 12:46:35,3200.0,3223.25,Put VEX 5,VEX,0.0,,6500.0
2025-07-08 12:46:35,6025.0,6068.75,Put DEX 5,DEX,-2.23,,6500.0
2025-07-08 12:46:35,6035.0,6078.75,Put DEX 2,DEX,-6.363,,6500.0
2025-07-08 12:46:35,6035.0,6078.75,Put GEX 4,GEX,-12776.265,,6500.0
2025-07-08 12:46:35,6050.0,6094.0,Put DEX 1,DEX,-6.891,,6500.0
2025-07-08 12:46:35,6050.0,6094.0,Put GEX 3,GEX,-15167.549,,6500.0
2025-07-08 12:46:35,6075.0,6119.25,Put DEX 4,DEX,-3.036,,6500.0
2025-07-08 12:46:35,6100.0,6144.25,Put DEX 3,DEX,-5.828,,6500.0
2025-07-08 12:46:35,6100.0,6144.25,Put GEX 1,GEX,-22248.633,,6500.0
2025-07-08 12:46:35,6125.0,6169.5,Call DEX 3,DEX,5.043,,6500.0
2025-07-08 12:46:35,6150.0,6194.75,Put GEX 5,GEX,-9735.754,,6500.0
2025-07-08 12:46:35,6200.0,6245.0,Put GEX 2,GEX,-17542.964,,6500.0
2025-07-08 12:46:35,6225.0,6270.25,Call GEX 4,GEX,17570.448,,6500.0
2025-07-08 12:46:35,6250.0,6295.5,Call GEX 5,GEX,17286.061,,6500.0
2025-07-08 12:46:35,6275.0,6320.5,Call DEX 1,DEX,20.277,,6500.0
2025-07-08 12:46:35,6275.0,6320.5,Call GEX 1,GEX,146059.052,,6500.0
2025-07-08 12:46:35,6285.0,6330.75,Call DEX 5,DEX,3.038,,6500.0
2025-07-08 12:46:35,6285.0,6330.75,Call GEX 3,GEX,19368.989,,6500.0
2025-07-08 12:46:35,6300.0,6345.75,Call DEX 2,DEX,5.772,,6500.0
2025-07-08 12:46:35,6300.0,6345.75,Call GEX 2,GEX,29421.024,,6500.0
2025-07-08 12:46:35,6350.0,6396.25,Call DEX 4,DEX,3.246,,6500.0
2025-07-08 12:48:16,2400.0,2417.75,Call CEX 1,CEX,0.0,,6500.0
2025-07-08 12:48:16,2400.0,2417.75,Put CEX 1,CEX,0.0,,6500.0
2025-07-08 12:48:16,2400.0,2417.75,Call VEX 1,VEX,0.0,,6500.0
2025-07-08 12:48:16,2400.0,2417.75,Put VEX 1,VEX,0.0,,6500.0
2025-07-08 12:48:16,2600.0,2619.25,Call CEX 2,CEX,0.0,,6500.0
2025-07-08 12:48:16,2600.0,2619.25,Put CEX 2,CEX,0.0,,6500.0
2025-07-08 12:48:16,2600.0,2619.25,Call VEX 2,VEX,0.0,,6500.0
2025-07-08 12:48:16,2600.0,2619.25,Put VEX 2,VEX,0.0,,6500.0
2025-07-08 12:48:16,2800.0,2820.75,Call CEX 3,CEX,0.0,,6500.0
2025-07-08 12:48:16,2800.0,2820.75,Put CEX 3,CEX,0.0,,6500.0
2025-07-08 12:48:16,2800.0,2820.75,Call VEX 3,VEX,0.0,,6500.0
2025-07-08 12:48:16,2800.0,2820.75,Put VEX 3,VEX,0.0,,6500.0
2025-07-08 12:48:16,3000.0,3022.25,Call CEX 4,CEX,0.0,,6500.0
2025-07-08 12:48:16,3000.0,3022.25,Put CEX 4,CEX,0.0,,6500.0
2025-07-08 12:48:16,3000.0,3022.25,Call VEX 4,VEX,0.0,,6500.0
2025-07-08 12:48:16,3000.0,3022.25,Put VEX 4,VEX,0.0,,6500.0
2025-07-08 12:48:16,3200.0,3223.75,Call CEX 5,CEX,0.0,,6500.0
2025-07-08 12:48:16,3200.0,3223.75,Put CEX 5,CEX,0.0,,6500.0
2025-07-08 12:48:16,3200.0,3223.75,Call VEX 5,VEX,0.0,,6500.0
2025-07-08 12:48:16,3200.0,3223.75,Put VEX 5,VEX,0.0,,6500.0
2025-07-08 12:48:16,6025.0,6069.75,Put DEX 5,DEX,-2.23,,6500.0
2025-07-08 12:48:16,6035.0,6080.0,Put DEX 2,DEX,-6.363,,6500.0
2025-07-08 12:48:16,6035.0,6080.0,Put GEX 4,GEX,-12736.393,,6500.0
2025-07-08 12:48:16,6050.0,6095.0,Put DEX 1,DEX,-6.892,,6500.0
2025-07-08 12:48:16,6050.0,6095.0,Put GEX 3,GEX,-15116.049,,6500.0
2025-07-08 12:48:16,6075.0,6120.25,Put DEX 4,DEX,-3.036,,6500.0
2025-07-08 12:48:16,6100.0,6145.25,Put DEX 3,DEX,-5.82,,6500.0
2025-07-08 12:48:16,6100.0,6145.25,Put GEX 1,GEX,-22106.368,,6500.0
2025-07-08 12:48:16,6125.0,6170.5,Call DEX 3,DEX,5.074,,6500.0
2025-07-08 12:48:16,6150.0,6195.75,Put GEX 5,GEX,-9632.4,,6500.0
2025-07-08 12:48:16,6200.0,6246.0,Put GEX 2,GEX,-16793.021,,6500.0
2025-07-08 12:48:16,6225.0,6271.25,Call GEX 4,GEX,17519.381,,6500.0
2025-07-08 12:48:16,6250.0,6296.5,Call GEX 5,GEX,17409.51,,6500.0
2025-07-08 12:48:16,6275.0,6321.75,Call DEX 1,DEX,20.301,,6500.0
2025-07-08 12:48:16,6275.0,6321.75,Call GEX 1,GEX,147642.73,,6500.0
2025-07-08 12:48:16,6285.0,6331.75,Call DEX 5,DEX,3.039,,6500.0
2025-07-08 12:48:16,6285.0,6331.75,Call GEX 3,GEX,19566.737,,6500.0
2025-07-08 12:48:16,6300.0,6346.75,Call DEX 2,DEX,5.77,,6500.0
2025-07-08 12:48:16,6300.0,6346.75,Call GEX 2,GEX,29683.404,,6500.0
2025-07-08 12:48:16,6350.0,6397.25,Call DEX 4,DEX,3.152,,6500.0
2025-07-08 12:49:57,2400.0,2417.75,Call CEX 1,CEX,0.0,,6500.0
2025-07-08 12:49:57,2400.0,2417.75,Put CEX 1,CEX,0.0,,6500.0
2025-07-08 12:49:57,2400.0,2417.75,Call VEX 1,VEX,0.0,,6500.0
2025-07-08 12:49:57,2400.0,2417.75,Put VEX 1,VEX,0.0,,6500.0
2025-07-08 12:49:57,2600.0,2619.25,Call CEX 2,CEX,0.0,,6500.0
2025-07-08 12:49:57,2600.0,2619.25,Put CEX 2,CEX,0.0,,6500.0
2025-07-08 12:49:57,2600.0,2619.25,Call VEX 2,VEX,0.0,,6500.0
2025-07-08 12:49:57,2600.0,2619.25,Put VEX 2,VEX,0.0,,6500.0
2025-07-08 12:49:57,2800.0,2820.75,Call CEX 3,CEX,0.0,,6500.0
2025-07-08 12:49:57,2800.0,2820.75,Put CEX 3,CEX,0.0,,6500.0
2025-07-08 12:49:57,2800.0,2820.75,Call VEX 3,VEX,0.0,,6500.0
2025-07-08 12:49:57,2800.0,2820.75,Put VEX 3,VEX,0.0,,6500.0
2025-07-08 12:49:57,3000.0,3022.0,Call CEX 4,CEX,0.0,,6500.0
2025-07-08 12:49:57,3000.0,3022.0,Put CEX 4,CEX,0.0,,6500.0
2025-07-08 12:49:57,3000.0,3022.0,Call VEX 4,VEX,0.0,,6500.0
2025-07-08 12:49:57,3000.0,3022.0,Put VEX 4,VEX,0.0,,6500.0
2025-07-08 12:49:57,3200.0,3223.5,Call CEX 5,CEX,0.0,,6500.0
2025-07-08 12:49:57,3200.0,3223.5,Put CEX 5,CEX,0.0,,6500.0
2025-07-08 12:49:57,3200.0,3223.5,Call VEX 5,VEX,0.0,,6500.0
2025-07-08 12:49:57,3200.0,3223.5,Put VEX 5,VEX,0.0,,6500.0
2025-07-08 12:49:57,6025.0,6069.5,Put DEX 5,DEX,-2.23,,6500.0
2025-07-08 12:49:57,6035.0,6079.5,Put DEX 2,DEX,-6.364,,6500.0
2025-07-08 12:49:57,6035.0,6079.5,Put GEX 4,GEX,-12677.034,,6500.0
2025-07-08 12:49:57,6050.0,6094.5,Put DEX 1,DEX,-6.895,,6500.0
2025-07-08 12:49:57,6050.0,6094.5,Put GEX 3,GEX,-15030.739,,6500.0
2025-07-08 12:49:57,6075.0,6119.75,Put DEX 4,DEX,-3.037,,6500.0
2025-07-08 12:49:57,6100.0,6145.0,Put DEX 3,DEX,-5.826,,6500.0
2025-07-08 12:49:57,6100.0,6145.0,Put GEX 1,GEX,-22019.236,,6500.0
2025-07-08 12:49:57,6125.0,6170.25,Call DEX 3,DEX,5.044,,6500.0
2025-07-08 12:49:57,6150.0,6195.25,Put GEX 5,GEX,-9613.187,,6500.0
2025-07-08 12:49:57,6200.0,6245.75,Put GEX 2,GEX,-18051.779,,6500.0
2025-07-08 12:49:57,6225.0,6271.0,Call GEX 5,GEX,16971.913,,6500.0
2025-07-08 12:49:57,6250.0,6296.0,Call GEX 4,GEX,17207.736,,6500.0
2025-07-08 12:49:57,6275.0,6321.25,Call DEX 1,DEX,20.365,,6500.0
2025-07-08 12:49:57,6275.0,6321.25,Call GEX 1,GEX,149649.093,,6500.0
2025-07-08 12:49:57,6285.0,6331.25,Call DEX 5,DEX,3.213,,6500.0
2025-07-08 12:49:57,6285.0,6331.25,Call GEX 3,GEX,20443.419,,6500.0
2025-07-08 12:49:57,6300.0,6346.5,Call DEX 2,DEX,5.774,,6500.0
2025-07-08 12:49:57,6300.0,6346.5,Call GEX 2,GEX,30037.763,,6500.0
2025-07-08 12:49:57,6350.0,6396.75,Call DEX 4,DEX,3.246,,6500.0
2025-07-08 12:51:37,2400.0,2417.75,Call CEX 1,CEX,0.0,,6800.0
2025-07-08 12:51:37,2400.0,2417.75,Put CEX 1,CEX,0.0,,6800.0
2025-07-08 12:51:37,2400.0,2417.75,Call VEX 1,VEX,0.0,,6800.0
2025-07-08 12:51:37,2400.0,2417.75,Put VEX 1,VEX,0.0,,6800.0
2025-07-08 12:51:37,2600.0,2619.25,Call CEX 2,CEX,0.0,,6800.0
2025-07-08 12:51:37,2600.0,2619.25,Put CEX 2,CEX,0.0,,6800.0
2025-07-08 12:51:37,2600.0,2619.25,Call VEX 2,VEX,0.0,,6800.0
2025-07-08 12:51:37,2600.0,2619.25,Put VEX 2,VEX,0.0,,6800.0
2025-07-08 12:51:37,2800.0,2820.75,Call CEX 3,CEX,0.0,,6800.0
2025-07-08 12:51:37,2800.0,2820.75,Put CEX 3,CEX,0.0,,6800.0
2025-07-08 12:51:37,2800.0,2820.75,Call VEX 3,VEX,0.0,,6800.0
2025-07-08 12:51:37,2800.0,2820.75,Put VEX 3,VEX,0.0,,6800.0
2025-07-08 12:51:37,3000.0,3022.25,Call CEX 4,CEX,0.0,,6800.0
2025-07-08 12:51:37,3000.0,3022.25,Put CEX 4,CEX,0.0,,6800.0
2025-07-08 12:51:37,3000.0,3022.25,Call VEX 4,VEX,0.0,,6800.0
2025-07-08 12:51:37,3000.0,3022.25,Put VEX 4,VEX,0.0,,6800.0
2025-07-08 12:51:37,3200.0,3223.75,Call CEX 5,CEX,0.0,,6800.0
2025-07-08 12:51:37,3200.0,3223.75,Put CEX 5,CEX,0.0,,6800.0
2025-07-08 12:51:37,3200.0,3223.75,Call VEX 5,VEX,0.0,,6800.0
2025-07-08 12:51:37,3200.0,3223.75,Put VEX 5,VEX,0.0,,6800.0
2025-07-08 12:51:37,6025.0,6069.75,Put DEX 5,DEX,-2.229,,6800.0
2025-07-08 12:51:37,6035.0,6079.75,Put DEX 2,DEX,-6.365,,6800.0
2025-07-08 12:51:37,6035.0,6079.75,Put GEX 4,GEX,-12509.364,,6800.0
2025-07-08 12:51:37,6050.0,6095.0,Put DEX 1,DEX,-6.893,,6800.0
2025-07-08 12:51:37,6050.0,6095.0,Put GEX 2,GEX,-14816.363,,6800.0
2025-07-08 12:51:37,6075.0,6120.0,Put DEX 4,DEX,-3.031,,6800.0
2025-07-08 12:51:37,6100.0,6145.25,Put DEX 3,DEX,-5.789,,6800.0
2025-07-08 12:51:37,6100.0,6145.25,Put GEX 1,GEX,-21435.636,,6800.0
2025-07-08 12:51:37,6125.0,6170.5,Call DEX 2,DEX,5.142,,6800.0
2025-07-08 12:51:37,6150.0,6195.75,Put GEX 5,GEX,-9102.437,,6800.0
2025-07-08 12:51:37,6200.0,6246.0,Put GEX 3,GEX,-12696.3,,6800.0
2025-07-08 12:51:37,6225.0,6271.25,Call GEX 3,GEX,19981.634,,6800.0
2025-07-08 12:51:37,6250.0,6296.5,Call GEX 4,GEX,19828.582,,6800.0
2025-07-08 12:51:37,6275.0,6321.5,Call DEX 1,DEX,20.439,,6800.0
2025-07-08 12:51:37,6275.0,6321.5,Call GEX 1,GEX,157799.332,,6800.0
2025-07-08 12:51:37,6285.0,6331.75,Call DEX 4,DEX,3.053,,6800.0
2025-07-08 12:51:37,6285.0,6331.75,Call GEX 2,GEX,20765.743,,6800.0
2025-07-08 12:51:37,6300.0,6346.75,Call GEX 5,GEX,18158.413,,6800.0
2025-07-08 12:51:37,6350.0,6397.25,Call DEX 3,DEX,3.154,,6800.0
2025-07-08 12:51:37,6400.0,6447.5,Call DEX 5,DEX,2.976,,6800.0
2025-07-08 12:53:18,2400.0,2417.75,Call CEX 1,CEX,0.0,,6500.0
2025-07-08 12:53:18,2400.0,2417.75,Put CEX 1,CEX,0.0,,6500.0
2025-07-08 12:53:18,2400.0,2417.75,Call VEX 1,VEX,0.0,,6500.0
2025-07-08 12:53:18,2400.0,2417.75,Put VEX 1,VEX,0.0,,6500.0
2025-07-08 12:53:18,2600.0,2619.25,Call CEX 2,CEX,0.0,,6500.0
2025-07-08 12:53:18,2600.0,2619.25,Put CEX 2,CEX,0.0,,6500.0
2025-07-08 12:53:18,2600.0,2619.25,Call VEX 2,VEX,0.0,,6500.0
2025-07-08 12:53:18,2600.0,2619.25,Put VEX 2,VEX,0.0,,6500.0
2025-07-08 12:53:18,2800.0,2820.75,Call CEX 3,CEX,0.0,,6500.0
2025-07-08 12:53:18,2800.0,2820.75,Put CEX 3,CEX,0.0,,6500.0
2025-07-08 12:53:18,2800.0,2820.75,Call VEX 3,VEX,0.0,,6500.0
2025-07-08 12:53:18,2800.0,2820.75,Put VEX 3,VEX,0.0,,6500.0
2025-07-08 12:53:18,3000.0,3022.25,Call CEX 4,CEX,0.0,,6500.0
2025-07-08 12:53:18,3000.0,3022.25,Put CEX 4,CEX,0.0,,6500.0
2025-07-08 12:53:18,3000.0,3022.25,Call VEX 4,VEX,0.0,,6500.0
2025-07-08 12:53:18,3000.0,3022.25,Put VEX 4,VEX,0.0,,6500.0
2025-07-08 12:53:18,3200.0,3223.75,Call CEX 5,CEX,0.0,,6500.0
2025-07-08 12:53:18,3200.0,3223.75,Put CEX 5,CEX,0.0,,6500.0
2025-07-08 12:53:18,3200.0,3223.75,Call VEX 5,VEX,0.0,,6500.0
2025-07-08 12:53:18,3200.0,3223.75,Put VEX 5,VEX,0.0,,6500.0
2025-07-08 12:53:18,6025.0,6069.5,Put DEX 5,DEX,-2.229,,6500.0
2025-07-08 12:53:18,6035.0,6079.5,Put DEX 2,DEX,-6.363,,6500.0
2025-07-08 12:53:18,6035.0,6079.5,Put GEX 4,GEX,-12703.839,,6500.0
2025-07-08 12:53:18,6050.0,6094.75,Put DEX 1,DEX,-6.892,,6500.0
2025-07-08 12:53:18,6050.0,6094.75,Put GEX 3,GEX,-15073.799,,6500.0
2025-07-08 12:53:18,6075.0,6119.75,Put DEX 4,DEX,-3.036,,6500.0
2025-07-08 12:53:18,6100.0,6145.0,Put DEX 3,DEX,-5.814,,6500.0
2025-07-08 12:53:18,6100.0,6145.0,Put GEX 1,GEX,-22045.825,,6500.0
2025-07-08 12:53:18,6125.0,6170.25,Call DEX 3,DEX,5.079,,6500.0
2025-07-08 12:53:18,6150.0,6195.5,Put GEX 5,GEX,-9662.036,,6500.0
2025-07-08 12:53:18,6200.0,6245.75,Put GEX 2,GEX,-17342.567,,6500.0
2025-07-08 12:53:18,6225.0,6271.0,Call GEX 4,GEX,17654.903,,6500.0
2025-07-08 12:53:18,6250.0,6296.25,Call GEX 5,GEX,17589.412,,6500.0
2025-07-08 12:53:18,6275.0,6321.25,Call DEX 1,DEX,20.321,,6500.0
2025-07-08 12:53:18,6275.0,6321.25,Call GEX 1,GEX,148929.027,,6500.0
2025-07-08 12:53:18,6285.0,6331.5,Call DEX 5,DEX,3.039,,6500.0
2025-07-08 12:53:18,6285.0,6331.5,Call GEX 3,GEX,19730.381,,6500.0
2025-07-08 12:53:18,6300.0,6346.5,Call DEX 2,DEX,5.767,,6500.0
2025-07-08 12:53:18,6300.0,6346.5,Call GEX 2,GEX,29908.806,,6500.0
2025-07-08 12:53:18,6350.0,6397.0,Call DEX 4,DEX,3.246,,6500.0
2025-07-08 12:54:58,2400.0,2417.75,Call CEX 1,CEX,0.0,,6800.0
2025-07-08 12:54:58,2400.0,2417.75,Put CEX 1,CEX,0.0,,6800.0
2025-07-08 12:54:58,2400.0,2417.75,Call VEX 1,VEX,0.0,,6800.0
2025-07-08 12:54:58,2400.0,2417.75,Put VEX 1,VEX,0.0,,6800.0
2025-07-08 12:54:58,2600.0,2619.25,Call CEX 2,CEX,0.0,,6800.0
2025-07-08 12:54:58,2600.0,2619.25,Put CEX 2,CEX,0.0,,6800.0
2025-07-08 12:54:58,2600.0,2619.25,Call VEX 2,VEX,0.0,,6800.0
2025-07-08 12:54:58,2600.0,2619.25,Put VEX 2,VEX,0.0,,6800.0
2025-07-08 12:54:58,2800.0,2820.75,Call CEX 3,CEX,0.0,,6800.0
2025-07-08 12:54:58,2800.0,2820.75,Put CEX 3,CEX,0.0,,6800.0
2025-07-08 12:54:58,2800.0,2820.75,Call VEX 3,VEX,0.0,,6800.0
2025-07-08 12:54:58,2800.0,2820.75,Put VEX 3,VEX,0.0,,6800.0
2025-07-08 12:54:58,3000.0,3022.0,Call CEX 4,CEX,0.0,,6800.0
2025-07-08 12:54:58,3000.0,3022.0,Put CEX 4,CEX,0.0,,6800.0
2025-07-08 12:54:58,3000.0,3022.0,Call VEX 4,VEX,0.0,,6800.0
2025-07-08 12:54:58,3000.0,3022.0,Put VEX 4,VEX,0.0,,6800.0
2025-07-08 12:54:58,3200.0,3223.5,Call CEX 5,CEX,0.0,,6800.0
2025-07-08 12:54:58,3200.0,3223.5,Put CEX 5,CEX,0.0,,6800.0
2025-07-08 12:54:58,3200.0,3223.5,Call VEX 5,VEX,0.0,,6800.0
2025-07-08 12:54:58,3200.0,3223.5,Put VEX 5,VEX,0.0,,6800.0
2025-07-08 12:54:58,6035.0,6079.5,Put DEX 3,DEX,-6.421,,6800.0
2025-07-08 12:54:58,6035.0,6079.5,Put GEX 4,GEX,-12745.657,,6800.0
2025-07-08 12:54:58,6050.0,6094.5,Put DEX 2,DEX,-7.075,,6800.0
2025-07-08 12:54:58,6050.0,6094.5,Put GEX 2,GEX,-15246.008,,6800.0
2025-07-08 12:54:58,6075.0,6119.75,Put DEX 4,DEX,-3.576,,6800.0
2025-07-08 12:54:58,6100.0,6145.0,Put DEX 1,DEX,-8.884,,6800.0
2025-07-08 12:54:58,6100.0,6145.0,Put GEX 1,GEX,-26711.265,,6800.0
2025-07-08 12:54:58,6150.0,6195.25,Put DEX 5,DEX,-2.861,,6800.0
2025-07-08 12:54:58,6150.0,6195.25,Put GEX 3,GEX,-13630.365,,6800.0
2025-07-08 12:54:58,6160.0,6205.5,Put GEX 5,GEX,-9600.265,,6800.0
2025-07-08 12:54:58,6175.0,6220.5,Call DEX 5,DEX,2.941,,6800.0
2025-07-08 12:54:58,6225.0,6271.0,Call GEX 2,GEX,23476.989,,6800.0
2025-07-08 12:54:58,6250.0,6296.0,Call GEX 3,GEX,20858.088,,6800.0
2025-07-08 12:54:58,6275.0,6321.25,Call DEX 1,DEX,20.236,,6800.0
2025-07-08 12:54:58,6275.0,6321.25,Call GEX 1,GEX,151240.686,,6800.0
2025-07-08 12:54:58,6285.0,6331.25,Call DEX 3,DEX,3.042,,6800.0
2025-07-08 12:54:58,6285.0,6331.25,Call GEX 4,GEX,19916.941,,6800.0
2025-07-08 12:54:58,6300.0,6346.5,Call GEX 5,GEX,18148.627,,6800.0
2025-07-08 12:54:58,6350.0,6396.75,Call DEX 2,DEX,3.154,,6800.0
2025-07-08 12:54:58,6400.0,6447.25,Call DEX 4,DEX,2.975,,6800.0
2025-07-08 12:56:39,2400.0,2417.75,Call CEX 1,CEX,0.0,,6500.0
2025-07-08 12:56:39,2400.0,2417.75,Put CEX 1,CEX,0.0,,6500.0
2025-07-08 12:56:39,2400.0,2417.75,Call VEX 1,VEX,0.0,,6500.0
2025-07-08 12:56:39,2400.0,2417.75,Put VEX 1,VEX,0.0,,6500.0
2025-07-08 12:56:39,2600.0,2619.25,Call CEX 2,CEX,0.0,,6500.0
2025-07-08 12:56:39,2600.0,2619.25,Put CEX 2,CEX,0.0,,6500.0
2025-07-08 12:56:39,2600.0,2619.25,Call VEX 2,VEX,0.0,,6500.0
2025-07-08 12:56:39,2600.0,2619.25,Put VEX 2,VEX,0.0,,6500.0
2025-07-08 12:56:39,2800.0,2820.75,Call CEX 3,CEX,0.0,,6500.0
2025-07-08 12:56:39,2800.0,2820.75,Put CEX 3,CEX,0.0,,6500.0
2025-07-08 12:56:39,2800.0,2820.75,Call VEX 3,VEX,0.0,,6500.0
2025-07-08 12:56:39,2800.0,2820.75,Put VEX 3,VEX,0.0,,6500.0
2025-07-08 12:56:39,3000.0,3022.0,Call CEX 4,CEX,0.0,,6500.0
2025-07-08 12:56:39,3000.0,3022.0,Put CEX 4,CEX,0.0,,6500.0
2025-07-08 12:56:39,3000.0,3022.0,Call VEX 4,VEX,0.0,,6500.0
2025-07-08 12:56:39,3000.0,3022.0,Put VEX 4,VEX,0.0,,6500.0
2025-07-08 12:56:39,3200.0,3223.5,Call CEX 5,CEX,0.0,,6500.0
2025-07-08 12:56:39,3200.0,3223.5,Put CEX 5,CEX,0.0,,6500.0
2025-07-08 12:56:39,3200.0,3223.5,Call VEX 5,VEX,0.0,,6500.0
2025-07-08 12:56:39,3200.0,3223.5,Put VEX 5,VEX,0.0,,6500.0
2025-07-08 12:56:39,6025.0,6069.5,Put DEX 5,DEX,-2.23,,6500.0
2025-07-08 12:56:39,6035.0,6079.5,Put DEX 2,DEX,-6.364,,6500.0
2025-07-08 12:56:39,6035.0,6079.5,Put GEX 4,GEX,-12733.45,,6500.0
2025-07-08 12:56:39,6050.0,6094.5,Put DEX 1,DEX,-6.893,,6500.0
2025-07-08 12:56:39,6050.0,6094.5,Put GEX 3,GEX,-15114.372,,6500.0
2025-07-08 12:56:39,6075.0,6119.75,Put DEX 4,DEX,-3.04,,6500.0
2025-07-08 12:56:39,6100.0,6145.0,Put DEX 3,DEX,-5.846,,6500.0
2025-07-08 12:56:39,6100.0,6145.0,Put GEX 1,GEX,-22258.437,,6500.0
2025-07-08 12:56:39,6125.0,6170.25,Call DEX 3,DEX,4.988,,6500.0
2025-07-08 12:56:39,6150.0,6195.25,Put GEX 5,GEX,-9854.096,,6500.0
2025-07-08 12:56:39,6200.0,6245.75,Put GEX 2,GEX,-20839.685,,6500.0
2025-07-08 12:56:39,6225.0,6271.0,Call GEX 5,GEX,15287.024,,6500.0
2025-07-08 12:56:39,6250.0,6296.0,Call GEX 4,GEX,15968.351,,6500.0
2025-07-08 12:56:39,6275.0,6321.25,Call DEX 1,DEX,20.892,,6500.0
2025-07-08 12:56:39,6275.0,6321.25,Call GEX 1,GEX,149552.498,,6500.0
2025-07-08 12:56:39,6285.0,6331.25,Call DEX 5,DEX,3.214,,6500.0
2025-07-08 12:56:39,6285.0,6331.25,Call GEX 3,GEX,20132.29,,6500.0
2025-07-08 12:56:39,6300.0,6346.5,Call DEX 2,DEX,5.773,,6500.0
2025-07-08 12:56:39,6300.0,6346.5,Call GEX 2,GEX,29687.753,,6500.0
2025-07-08 12:56:39,6350.0,6396.75,Call DEX 4,DEX,3.246,,6500.0
